1.000000000000000000e+02 6.051808434783077914e-04
6.000000000000000000e+02 7.002287468097849162e-04
1.100000000000000000e+03 4.478574387082462902e-04
1.600000000000000000e+03 2.551423664892346079e-04
2.100000000000000000e+03 1.380738306863461839e-04
2.600000000000000000e+03 7.257174053435132212e-05
3.100000000000000000e+03 3.743181197517679397e-05
3.600000000000000000e+03 1.905418566590716934e-05
4.100000000000000000e+03 9.605283979255159122e-06
4.600000000000000000e+03 4.805917765887079794e-06
5.100000000000000000e+03 2.390350826656755617e-06
5.600000000000000000e+03 1.183176976522152481e-06
6.100000000000000000e+03 5.833104443798686237e-07
6.600000000000000000e+03 2.866064379125511998e-07
7.100000000000000000e+03 1.404178395311501732e-07
7.600000000000000000e+03 6.862447690796456585e-08
8.100000000000000000e+03 3.346523653047302921e-08
8.600000000000000000e+03 1.628844979844542765e-08
9.100000000000000000e+03 7.914625369061419923e-09
9.600000000000000000e+03 3.839939851944858610e-09
1.010000000000000000e+04 1.860495528857550538e-09
1.060000000000000000e+04 9.003264621062000328e-10
1.110000000000000000e+04 4.351988211682145881e-10
1.160000000000000000e+04 2.101523999836993287e-10
1.210000000000000000e+04 1.013858118686901807e-10
1.260000000000000000e+04 4.887073932868393392e-11
1.310000000000000000e+04 2.353848044641831152e-11
1.360000000000000000e+04 1.132899455240441126e-11
1.410000000000000000e+04 5.448922220206532215e-12
1.460000000000000000e+04 2.619127368989650404e-12
1.510000000000000000e+04 1.258194560086958372e-12
1.560000000000000000e+04 6.040887769117612156e-13
1.610000000000000000e+04 2.898882047064102084e-13
1.660000000000000000e+04 1.390435313566916578e-13
1.710000000000000000e+04 6.666132458222510666e-14
1.760000000000000000e+04 3.194562256990657653e-14
1.810000000000000000e+04 1.530288971435911018e-14
1.860000000000000000e+04 7.327735278114688198e-15
1.910000000000000000e+04 3.507592410444124969e-15
1.960000000000000000e+04 1.678416005477724792e-15
