8.868891697936656443e-04 4.780203919262496548e+00
9.770726636312298836e-04 4.626790659455334520e+00
1.029514218958443427e-03 4.498946276282699941e+00
1.056877498164101020e-03 4.388147810866415810e+00
1.066523993332011691e-03 4.285872304328308680e+00
1.063253142937452570e-03 4.192119756668375885e+00
1.050415476483428957e-03 4.098367209008443979e+00
1.030456080297318831e-03 3.996091702470335960e+00
1.005213914931486719e-03 3.885293237054052717e+00
9.761014775930261598e-04 3.757448853881417250e+00
1.810184767419885030e-02 9.107805885707478399e-01
