5.589885012689183696e+00 3.139031462439384468e-02
5.462040629516549117e+00 3.458224473460911469e-02
5.359765122978441099e+00 3.643834691420475003e-02
5.266012575318509192e+00 3.740683539357197995e-02
5.189305945414927734e+00 3.774826082603481570e-02
5.121122274389522389e+00 3.763249323469258084e-02
5.052938603364117043e+00 3.717812035163145512e-02
4.993277891216887809e+00 3.647168289886530690e-02
4.933617179069657688e+00 3.557826854719520204e-02
4.882479425800604567e+00 3.454787083949759086e-02
4.822818713653374445e+00 3.341946093674013490e-02
4.780203919262496548e+00 3.222372908695166072e-02
4.729066165993442539e+00 3.098500559090251044e-02
4.677928412724388529e+00 2.972265096346280583e-02
4.635313618333510632e+00 2.845208886937435067e-02
4.592698823942631847e+00 2.718559054106662459e-02
4.541561070673577838e+00 2.593288136716027231e-02
4.498946276282699941e+00 2.470161712932766873e-02
4.456331481891821156e+00 2.349776268522118725e-02
4.413716687500943259e+00 2.232589631959318657e-02
4.371101893110064474e+00 2.118945656716483827e-02
4.328487098719186577e+00 2.009094390288889212e-02
4.285872304328308680e+00 1.903208660177833217e-02
4.234734551059254670e+00 1.801397785668672202e-02
4.192119756668375885e+00 1.703718962997304714e-02
4.140982003399321876e+00 1.610186752157360610e-02
4.098367209008443979e+00 1.520781003977805974e-02
4.047229455739389969e+00 1.435453497896124926e-02
3.987568743592160736e+00 1.354133508313531964e-02
3.927908031444930614e+00 1.276732476495724689e-02
3.868247319297701381e+00 1.203147932781667429e-02
3.791540689394119923e+00 1.133266788287801488e-02
3.697788141734188017e+00 1.066968094808269651e-02
9.107805885707478399e-01 1.608748461731152324e-01
