5.069984521120468379e+00 3.139031462439384468e-02
4.942140137947833800e+00 3.458224473460911469e-02
4.848387590287901894e+00 3.643834691420475003e-02
4.763158001506145212e+00 3.740683539357197995e-02
4.694974330480739866e+00 3.774826082603481570e-02
4.635313618333510632e+00 3.763249323469258778e-02
4.575652906186280511e+00 3.717812035163145512e-02
4.524515152917226501e+00 3.647168289886530690e-02
4.473377399648172492e+00 3.557826854719520204e-02
4.422239646379118483e+00 3.454787083949759086e-02
4.379624851988240586e+00 3.341946093674013490e-02
4.337010057597362689e+00 3.222372908695166072e-02
4.294395263206483904e+00 3.098500559090251044e-02
4.251780468815606007e+00 2.972265096346280583e-02
4.209165674424727221e+00 2.845208886937435067e-02
4.166550880033849324e+00 2.718559054106662459e-02
4.123936085642970539e+00 2.593288136716027231e-02
4.089844250130267866e+00 2.470161712932766873e-02
4.047229455739389969e+00 2.349776268522118725e-02
4.004614661348511184e+00 2.232589631959318657e-02
3.953476908079457619e+00 2.118945656716483827e-02
3.910862113688579278e+00 2.009094390288889212e-02
3.859724360419525269e+00 1.903208660177833217e-02
3.800063648272295591e+00 1.801397785668672202e-02
3.740402936125065914e+00 1.703718962997304714e-02
3.655173347343309231e+00 1.610186752157360610e-02
9.107805885707477289e-01 2.507796791987245699e-01
