4.967709014582360361e+00 3.139031462439384468e-02
4.831341672531550557e+00 3.458224473460911469e-02
4.720543207115267315e+00 3.643834691420475003e-02
4.635313618333510632e+00 3.740683539357197995e-02
4.550084029551753950e+00 3.774826082603481570e-02
4.481900358526348604e+00 3.763249323469258778e-02
4.413716687500943259e+00 3.717812035163145512e-02
4.354055975353714025e+00 3.647168289886530690e-02
4.294395263206483904e+00 3.557826854719520204e-02
4.234734551059254670e+00 3.454787083949759086e-02
4.175073838912024549e+00 3.341946093674013490e-02
4.115413126764795315e+00 3.222372908695166072e-02
4.055752414617565194e+00 3.098500559090251044e-02
3.996091702470335960e+00 2.972265096346280583e-02
3.936430990323106283e+00 2.845208886937435067e-02
3.868247319297700937e+00 2.718559054106662459e-02
3.791540689394119923e+00 2.593288136716027231e-02
3.689265182856011904e+00 2.470161712932766873e-02
9.107805885707477289e-01 4.080688602836043954e-01
