5.172260027658576398e+00 3.139031462439384468e-02
5.044415644485941819e+00 3.458224473460911469e-02
4.942140137947833800e+00 3.643834691420475003e-02
4.856910549166077118e+00 3.740683539357197995e-02
4.780203919262496548e+00 3.774826082603481570e-02
4.712020248237091202e+00 3.763249323469258084e-02
4.652359536089861969e+00 3.717812035163145512e-02
4.592698823942631847e+00 3.647168289886530690e-02
4.541561070673577838e+00 3.557826854719520204e-02
4.490423317404523829e+00 3.454787083949759086e-02
4.439285564135469819e+00 3.341946093674013490e-02
4.396670769744591922e+00 3.222372908695166072e-02
4.345533016475537913e+00 3.098500559090251044e-02
4.302918222084660016e+00 2.972265096346280583e-02
4.260303427693781231e+00 2.845208886937435067e-02
4.217688633302903334e+00 2.718559054106662459e-02
4.175073838912024549e+00 2.593288136716027231e-02
4.123936085642970539e+00 2.470161712932766873e-02
4.081321291252092642e+00 2.349776268522118725e-02
4.030183537983038633e+00 2.232589631959318657e-02
3.987568743592160736e+00 2.118945656716483827e-02
3.936430990323106727e+00 2.009094390288889212e-02
3.876770278175876605e+00 1.903208660177833217e-02
3.817109566028647372e+00 1.801397785668672202e-02
3.748925895003242026e+00 1.703718962997304714e-02
3.663696306221485344e+00 1.610186752157360610e-02
9.107805885707478399e-01 2.507796791987245699e-01
