5.658068683714589042e+00 3.139031462439384468e-02
5.513178382785603127e+00 3.458224473460911469e-02
5.393856958491143772e+00 3.643834691420475003e-02
5.300104410831210977e+00 3.740683539357197995e-02
5.223397780927630407e+00 3.774826082603481570e-02
5.146691151024049837e+00 3.763249323469258778e-02
5.078507479998644492e+00 3.717812035163145512e-02
5.018846767851414370e+00 3.647168289886530690e-02
4.967709014582360361e+00 3.557826854719520204e-02
4.916571261313306351e+00 3.454787083949759086e-02
4.865433508044253230e+00 3.341946093674013490e-02
4.814295754775199221e+00 3.222372908695166072e-02
4.771680960384320436e+00 3.098500559090251044e-02
4.729066165993442539e+00 2.972265096346280583e-02
4.686451371602564642e+00 2.845208886937435067e-02
4.643836577211685857e+00 2.718559054106662459e-02
4.609744741698983184e+00 2.593288136716027231e-02
4.567129947308105287e+00 2.470161712932766873e-02
4.533038111795402614e+00 2.349776268522118725e-02
4.490423317404523829e+00 2.232589631959318657e-02
4.456331481891821156e+00 2.118945656716483827e-02
4.413716687500943259e+00 2.009094390288889212e-02
4.379624851988240586e+00 1.903208660177833217e-02
4.345533016475537913e+00 1.801397785668672202e-02
4.302918222084660016e+00 1.703718962997304714e-02
4.268826386571957343e+00 1.610186752157360610e-02
4.226211592181078558e+00 1.520781003977805974e-02
4.192119756668375885e+00 1.435453497896124926e-02
4.149504962277497988e+00 1.354133508313531964e-02
4.115413126764795315e+00 1.276732476495724689e-02
4.072798332373916530e+00 1.203147932781667429e-02
4.030183537983038633e+00 1.133266788287801488e-02
3.979045784713984624e+00 1.066968094808269651e-02
3.936430990323106283e+00 1.004125355071969032e-02
3.885293237054052273e+00 9.446084520678754010e-03
3.825632524906822596e+00 8.882852551415356193e-03
3.757448853881417250e+00 8.350229515004990721e-03
3.663696306221484900e+00 7.846891442603870157e-03
9.107805885707477289e-01 1.163075345926927046e-01
