5.172260027658576398e+00 3.139031462439384468e-02
5.052938603364117043e+00 3.458224473460911469e-02
4.967709014582360361e+00 3.643834691420475003e-02
4.891002384678779791e+00 3.740683539357197995e-02
4.831341672531550557e+00 3.774826082603481570e-02
4.771680960384320436e+00 3.763249323469258084e-02
4.720543207115267315e+00 3.717812035163145512e-02
4.677928412724388529e+00 3.647168289886530690e-02
4.635313618333510632e+00 3.557826854719520204e-02
4.592698823942631847e+00 3.454787083949759086e-02
4.550084029551753950e+00 3.341946093674013490e-02
4.515992194039051277e+00 3.222372908695166072e-02
4.481900358526348604e+00 3.098500559090251044e-02
4.447808523013645932e+00 2.972265096346280583e-02
4.413716687500943259e+00 2.845208886937435067e-02
4.388147810866415810e+00 2.718559054106662459e-02
4.354055975353714025e+00 2.593288136716027231e-02
4.319964139841011352e+00 2.470161712932766873e-02
4.294395263206483904e+00 2.349776268522118725e-02
4.260303427693781231e+00 2.232589631959318657e-02
4.234734551059254670e+00 2.118945656716483827e-02
4.209165674424727221e+00 2.009094390288889212e-02
4.175073838912024549e+00 1.903208660177833217e-02
4.149504962277497988e+00 1.801397785668672202e-02
4.115413126764795315e+00 1.703718962997304714e-02
4.089844250130267866e+00 1.610186752157360610e-02
4.064275373495741306e+00 1.520781003977805974e-02
4.030183537983038633e+00 1.435453497896124926e-02
3.996091702470335960e+00 1.354133508313531964e-02
3.970522825835809400e+00 1.276732476495724689e-02
3.936430990323106727e+00 1.203147932781667429e-02
3.902339154810404054e+00 1.133266788287801488e-02
3.868247319297701381e+00 1.066968094808269651e-02
3.825632524906822596e+00 1.004125355071969032e-02
3.791540689394119923e+00 9.446084520678754010e-03
3.740402936125065914e+00 8.882852551415356193e-03
3.689265182856011904e+00 8.350229515004990721e-03
3.621081511830607447e+00 7.846891442603870157e-03
9.107805885707478399e-01 1.163075345926926907e-01
