2.374629386083378004e-03 5.061461562242293155e+00
2.616094026649653202e-03 4.916571261313306351e+00
2.756505323318085652e-03 4.805772795897023109e+00
2.829769998448211036e-03 4.712020248237091202e+00
2.855598311250543125e-03 4.626790659455334520e+00
2.846840669677121703e-03 4.550084029551753950e+00
2.812468054643888198e-03 4.481900358526348604e+00
2.759027139672467002e-03 4.413716687500943259e+00
2.691441707706908413e-03 4.345533016475537913e+00
2.613493693953957819e-03 4.285872304328308680e+00
2.528131207253903577e-03 4.226211592181078558e+00
2.437675918023479976e-03 4.158027921155673212e+00
2.343968376377357759e-03 4.098367209008443979e+00
2.248473175712909465e-03 4.030183537983038633e+00
2.152357092724641475e-03 3.961999866957633287e+00
2.056548427414614608e-03 3.893816195932227942e+00
1.961782890586813086e-03 3.808586607150471259e+00
1.868639630438706078e-03 3.697788141734188017e+00
3.086978639016146192e-02 9.107805885707478399e-01
