5.462040629516549117e+00 3.139031462439384468e-02
5.317150328587562313e+00 3.458224473460911469e-02
5.197828904293103847e+00 3.643834691420475003e-02
5.104076356633171052e+00 3.740683539357197995e-02
5.018846767851414370e+00 3.774826082603481570e-02
4.950663096826009024e+00 3.763249323469258778e-02
4.882479425800604567e+00 3.717812035163145512e-02
4.822818713653374445e+00 3.647168289886530690e-02
4.763158001506145212e+00 3.557826854719520204e-02
4.712020248237091202e+00 3.454787083949759086e-02
4.660882494968037193e+00 3.341946093674013490e-02
4.609744741698983184e+00 3.222372908695166072e-02
4.558606988429929174e+00 3.098500559090251044e-02
4.515992194039051277e+00 2.972265096346280583e-02
4.473377399648172492e+00 2.845208886937435067e-02
4.422239646379118483e+00 2.718559054106662459e-02
4.379624851988240586e+00 2.593288136716027231e-02
4.337010057597362689e+00 2.470161712932766873e-02
4.294395263206483904e+00 2.349776268522118725e-02
4.251780468815606007e+00 2.232589631959318657e-02
4.200642715546551997e+00 2.118945656716483827e-02
4.158027921155673212e+00 2.009094390288889212e-02
4.115413126764795315e+00 1.903208660177833217e-02
4.064275373495741306e+00 1.801397785668672202e-02
4.013137620226687297e+00 1.703718962997304714e-02
3.961999866957633287e+00 1.610186752157360610e-02
3.910862113688579278e+00 1.520781003977805974e-02
3.842678442663173932e+00 1.435453497896124926e-02
3.774494771637768586e+00 1.354133508313531964e-02
3.680742223977836236e+00 1.276732476495724689e-02
9.107805885707477289e-01 1.949086743318926562e-01
