6.262926924089175229e-03 5.606930930445535033e+00
6.899773839014423579e-03 5.479086547272900454e+00
7.270099286642031644e-03 5.368288081856616323e+00
7.463329989987247011e-03 5.274535534196684416e+00
7.531450445584035244e-03 5.189305945414927734e+00
7.508352748940028305e-03 5.121122274389522389e+00
7.417697265012889243e-03 5.044415644485941819e+00
7.276750409396607992e-03 4.976231973460536473e+00
7.098498331824435077e-03 4.916571261313306351e+00
6.892915634636551971e-03 4.856910549166077118e+00
6.667777758640350792e-03 4.797249837018847884e+00
6.429207955003800150e-03 4.746112083749793875e+00
6.182060552126888119e-03 4.686451371602564642e+00
5.930198317595577681e-03 4.635313618333510632e+00
5.676698547268017349e-03 4.584175865064456623e+00
5.424009570601681825e-03 4.533038111795402614e+00
5.174071775865000423e-03 4.481900358526348604e+00
4.928412627874257865e-03 4.430762605257294595e+00
4.688222221983271744e-03 4.379624851988240586e+00
4.454414007553249982e-03 4.319964139841011352e+00
4.227674033511776529e-03 4.268826386571957343e+00
4.008501189152953968e-03 4.217688633302903334e+00
3.797240296127681308e-03 4.158027921155673212e+00
3.594109465883317880e-03 4.098367209008443979e+00
3.399222815098863759e-03 4.038706496861213857e+00
3.212609393555184920e-03 3.970522825835809400e+00
3.034229000066891637e-03 3.893816195932227942e+00
2.863985426022223457e-03 3.808586607150471259e+00
2.701737561253232753e-03 3.689265182856011904e+00
4.143506115800508344e-02 9.107805885707478399e-01
