9.188580985067303780e-03 5.351242164100264986e+00
1.012292358938116955e-02 5.223397780927630407e+00
1.066624229764670702e-02 5.121122274389522389e+00
1.094973849487357147e-02 5.035892685607765706e+00
1.104968063543779536e-02 4.967709014582360361e+00
1.101579311627073204e-02 4.899525343556955903e+00
1.088278896886466646e-02 4.839864631409725781e+00
1.067600041566609155e-02 4.788726878140671772e+00
1.041447993644277654e-02 4.737589124871617763e+00
1.011286165394714373e-02 4.694974330480739866e+00
9.782553216459188503e-03 4.643836577211685857e+00
9.432538281289743962e-03 4.601221782820807960e+00
9.069938820349390460e-03 4.558606988429929174e+00
8.700422048539454764e-03 4.515992194039051277e+00
8.328502784977313833e-03 4.481900358526348604e+00
7.957773067981600834e-03 4.439285564135469819e+00
7.591079715815255737e-03 4.405193728622767146e+00
7.230663730862044516e-03 4.362578934231889249e+00
6.878271147790915828e-03 4.328487098719186577e+00
6.535242123294245607e-03 4.294395263206483904e+00
6.202583186141610166e-03 4.251780468815606007e+00
5.881026276005462544e-03 4.217688633302903334e+00
5.571077293992924423e-03 4.183596797790200661e+00
5.273056239797767504e-03 4.140982003399321876e+00
4.987130538389089596e-03 4.106890167886619203e+00
4.713342809817760298e-03 4.064275373495741306e+00
4.451634073378412174e-03 4.030183537983038633e+00
4.201863177716200388e-03 3.987568743592160736e+00
3.963823094676122843e-03 3.944953949201281951e+00
3.737254594902946099e-03 3.893816195932227942e+00
3.521857728940855792e-03 3.842678442663173932e+00
3.317301462718507538e-03 3.791540689394119923e+00
3.123231756336074250e-03 3.723357018368714577e+00
2.939278326655642669e-03 3.629604470708782671e+00
4.415204809710616268e-02 9.107805885707478399e-01
