1.317007692614913759e-02 5.172260027658576398e+00
1.450927870215677935e-02 5.052938603364117043e+00
1.528802236180366349e-02 4.967709014582360361e+00
1.569436004678639168e-02 4.891002384678779791e+00
1.583760802833369605e-02 4.831341672531550557e+00
1.578903673805591434e-02 4.771680960384320436e+00
1.559840068057528027e-02 4.720543207115267315e+00
1.530200876135530234e-02 4.677928412724388529e+00
1.492716907340655048e-02 4.635313618333510632e+00
1.449485683833390270e-02 4.592698823942631847e+00
1.402142274245532332e-02 4.550084029551753950e+00
1.351974314372575252e-02 4.515992194039051277e+00
1.300002602943732891e-02 4.481900358526348604e+00
1.247039427039336144e-02 4.447808523013645932e+00
1.193731899801012998e-02 4.413716687500943259e+00
1.140594871356927741e-02 4.388147810866415810e+00
1.088036378765017305e-02 4.354055975353714025e+00
1.036377626940751702e-02 4.319964139841011352e+00
9.858688766256215597e-03 4.294395263206483904e+00
9.367022137005740975e-03 4.260303427693781231e+00
8.890219048521110293e-03 4.234734551059254670e+00
8.429328596610177748e-03 4.209165674424727221e+00
7.985075893943614778e-03 4.175073838912024549e+00
7.557919599000915457e-03 4.149504962277497988e+00
7.148099683517213955e-03 4.115413126764795315e+00
6.755677235200115323e-03 4.089844250130267866e+00
6.380567716466710795e-03 4.064275373495741306e+00
6.022568813792795149e-03 4.030183537983038633e+00
5.681383791835698492e-03 3.996091702470335960e+00
5.356641094796382209e-03 3.970522825835809400e+00
5.047910802384273678e-03 3.936430990323106727e+00
4.754718440445872274e-03 3.902339154810404054e+00
4.476556560363895501e-03 3.868247319297701381e+00
4.212894431939774760e-03 3.825632524906822596e+00
3.963186138044263139e-03 3.791540689394119923e+00
3.726877313133634875e-03 3.740402936125065914e+00
3.503410729695429719e-03 3.689265182856011904e+00
3.292230905195330307e-03 3.621081511830607447e+00
4.879782812008351400e-02 9.107805885707478399e-01
