3.118732865496604001e-03 5.393856958491143772e+00
3.435861809829024709e-03 5.240443698683981744e+00
3.620271776358201243e-03 5.121122274389522389e+00
3.716494349677366797e-03 5.018846767851414370e+00
3.750416109624008128e-03 4.925094220191482464e+00
3.738914211787092937e-03 4.848387590287901894e+00
3.693770744429426822e-03 4.771680960384320436e+00
3.623583818056686726e-03 4.694974330480739866e+00
3.534820110702998133e-03 4.626790659455334520e+00
3.432446648251888822e-03 4.567129947308105287e+00
3.320335346036820071e-03 4.498946276282699941e+00
3.201535382962911527e-03 4.439285564135469819e+00
3.078464055879456384e-03 4.379624851988240586e+00
2.953044896765693109e-03 4.311441180962835240e+00
2.826810298358434659e-03 4.251780468815606007e+00
2.700979448688634911e-03 4.192119756668375885e+00
2.576518597680319163e-03 4.123936085642970539e+00
2.454188372877314037e-03 4.055752414617565194e+00
2.334581402860155894e-03 3.979045784713984624e+00
2.218152555548955074e-03 3.893816195932227942e+00
2.105243460881874897e-03 3.800063648272296035e+00
1.996102549418080508e-03 3.663696306221485344e+00
3.188892768127540855e-02 9.107805885707478399e-01
