6.441387243250212315e-03 5.487609506151075678e+00
7.096380929656561157e-03 5.351242164100264986e+00
7.477258695453951019e-03 5.240443698683981744e+00
7.675995452663225173e-03 5.146691151024049837e+00
7.746056981243069732e-03 5.069984521120468379e+00
7.722301122310895778e-03 4.993277891216887809e+00
7.629062436185897987e-03 4.933617179069657688e+00
7.484099340057328784e-03 4.865433508044253230e+00
7.300768020296923878e-03 4.805772795897023109e+00
7.089327302698005852e-03 4.754635042627969099e+00
6.857774187039501583e-03 4.703497289358915978e+00
6.612406404787648205e-03 4.652359536089861969e+00
6.358216607047786906e-03 4.601221782820807960e+00
6.099177629868212172e-03 4.550084029551753950e+00
5.838454455776207440e-03 4.498946276282699941e+00
5.578565178679908282e-03 4.456331481891821156e+00
5.321505477658873204e-03 4.405193728622767146e+00
5.068846342204341368e-03 4.362578934231889249e+00
4.821811779098323682e-03 4.319964139841011352e+00
4.581341266181444133e-03 4.268826386571957343e+00
4.348140401150109996e-03 4.217688633302903334e+00
4.122722289006785189e-03 4.175073838912024549e+00
3.905441576997112797e-03 4.123936085642970539e+00
3.696522591592033436e-03 4.072798332373916530e+00
3.496082701192816233e-03 4.021660579104862521e+00
3.304151783345559822e-03 3.961999866957633287e+00
3.120688491343546513e-03 3.893816195932227942e+00
2.945593875138020467e-03 3.825632524906822596e+00
2.778722803666984053e-03 3.740402936125065914e+00
2.619893551736459780e-03 3.612558552952431334e+00
3.999584787419144943e-02 9.107805885707478399e-01
