5.354568668137533669e-03 5.172260027658576398e+00
5.899049001117742143e-03 5.044415644485941819e+00
6.215663431226101446e-03 4.942140137947833800e+00
6.380868467528667300e-03 4.856910549166077118e+00
6.439108913508463129e-03 4.780203919262496548e+00
6.419361245324686945e-03 4.712020248237091202e+00
6.341854191559773320e-03 4.652359536089861969e+00
6.221349892834429803e-03 4.592698823942631847e+00
6.068951022279638584e-03 4.541561070673577838e+00
5.893185492453736213e-03 4.490423317404523829e+00
5.700701014919197680e-03 4.439285564135469819e+00
5.496732740788046190e-03 4.396670769744591922e+00
5.285430939586087569e-03 4.345533016475537913e+00
5.070098133367118877e-03 4.302918222084660016e+00
4.853365295186443107e-03 4.260303427693781231e+00
4.637325655311821601e-03 4.217688633302903334e+00
4.423638173260438684e-03 4.175073838912024549e+00
4.213608774416081372e-03 4.123936085642970539e+00
4.008254945869191288e-03 4.081321291252092642e+00
3.808357652716237891e-03 4.030183537983038633e+00
3.614503441173867650e-03 3.987568743592160736e+00
3.427118842960466885e-03 3.936430990323106727e+00
3.246498667712231431e-03 3.876770278175876605e+00
3.072829392572571251e-03 3.817109566028647372e+00
2.906208583041017778e-03 3.748925895003242026e+00
2.746661075595520363e-03 3.663696306221485344e+00
4.277806797767967628e-02 9.107805885707478399e-01
