5.138168192145873725e+00 3.139031462439384468e-02
4.993277891216887809e+00 3.458224473460911469e-02
4.882479425800604567e+00 3.643834691420475003e-02
4.797249837018847884e+00 3.740683539357197995e-02
4.720543207115267315e+00 3.774826082603481570e-02
4.643836577211685857e+00 3.763249323469258778e-02
4.584175865064456623e+00 3.717812035163145512e-02
4.515992194039051277e+00 3.647168289886530690e-02
4.464854440769997268e+00 3.557826854719520204e-02
4.405193728622767146e+00 3.454787083949759086e-02
4.354055975353714025e+00 3.341946093674013490e-02
4.302918222084660016e+00 3.222372908695166072e-02
4.251780468815606007e+00 3.098500559090251044e-02
4.192119756668375885e+00 2.972265096346280583e-02
4.140982003399321876e+00 2.845208886937435067e-02
4.089844250130267866e+00 2.718559054106662459e-02
4.038706496861213857e+00 2.593288136716027231e-02
3.979045784713984624e+00 2.470161712932766873e-02
3.919385072566754946e+00 2.349776268522118725e-02
3.859724360419525269e+00 2.232589631959318657e-02
3.783017730515944255e+00 2.118945656716483827e-02
3.680742223977836236e+00 2.009094390288889212e-02
9.107805885707477289e-01 3.209648008087364057e-01
