4.873956466922428454e+00 3.139031462439384468e-02
4.703497289358915978e+00 3.458224473460911469e-02
4.575652906186280511e+00 3.643834691420475003e-02
4.456331481891821156e+00 3.740683539357197995e-02
4.345533016475537913e+00 3.774826082603481570e-02
4.243257509937429894e+00 3.763249323469258084e-02
4.140982003399321876e+00 3.717812035163145512e-02
4.030183537983038633e+00 3.647168289886530690e-02
3.910862113688579278e+00 3.557826854719520204e-02
3.765971812759593362e+00 3.454787083949759086e-02
9.107805885707478399e-01 6.406918847685902918e-01
