5.811481943521751070e+00 3.139031462439384468e-02
5.632499807080062482e+00 3.458224473460911469e-02
5.504655423907427014e+00 3.643834691420475003e-02
5.393856958491143772e+00 3.740683539357197995e-02
5.291581451953035753e+00 3.774826082603481570e-02
5.206351863171279071e+00 3.763249323469258778e-02
5.129645233267698501e+00 3.717812035163145512e-02
5.061461562242293155e+00 3.647168289886530690e-02
4.993277891216887809e+00 3.557826854719520204e-02
4.925094220191482464e+00 3.454787083949759086e-02
4.865433508044253230e+00 3.341946093674013490e-02
4.805772795897023109e+00 3.222372908695166072e-02
4.754635042627969099e+00 3.098500559090251044e-02
4.694974330480739866e+00 2.972265096346280583e-02
4.643836577211685857e+00 2.845208886937435067e-02
4.592698823942631847e+00 2.718559054106662459e-02
4.541561070673577838e+00 2.593288136716027231e-02
4.490423317404523829e+00 2.470161712932766873e-02
4.439285564135469819e+00 2.349776268522118725e-02
4.388147810866415810e+00 2.232589631959318657e-02
4.337010057597362689e+00 2.118945656716483827e-02
4.277349345450132567e+00 2.009094390288889212e-02
4.226211592181078558e+00 1.903208660177833217e-02
4.166550880033849324e+00 1.801397785668672202e-02
4.115413126764795315e+00 1.703718962997304714e-02
4.047229455739389969e+00 1.610186752157360610e-02
3.979045784713984624e+00 1.520781003977805974e-02
3.910862113688579278e+00 1.435453497896124926e-02
3.825632524906822596e+00 1.354133508313531964e-02
3.714834059490538909e+00 1.276732476495724689e-02
9.107805885707477289e-01 1.949086743318926562e-01
