5.044415644485941819e+00 3.139031462439384468e-02
4.856910549166077118e+00 3.458224473460911469e-02
4.703497289358915978e+00 3.643834691420475003e-02
4.575652906186280511e+00 3.740683539357197995e-02
4.447808523013645932e+00 3.774826082603481570e-02
4.337010057597362689e+00 3.763249323469258084e-02
4.217688633302903334e+00 3.717812035163145512e-02
4.089844250130267866e+00 3.647168289886530690e-02
3.961999866957633287e+00 3.557826854719520204e-02
3.791540689394119923e+00 3.454787083949759086e-02
9.107805885707478399e-01 6.406918847685902918e-01
