4.891002384678779791e+00 3.139031462439384468e-02
4.746112083749793875e+00 3.458224473460911469e-02
4.635313618333510632e+00 3.643834691420475003e-02
4.533038111795402614e+00 3.740683539357197995e-02
4.447808523013645932e+00 3.774826082603481570e-02
4.371101893110064474e+00 3.763249323469258778e-02
4.294395263206483904e+00 3.717812035163145512e-02
4.217688633302903334e+00 3.647168289886530690e-02
4.149504962277497988e+00 3.557826854719520204e-02
4.072798332373916530e+00 3.454787083949759086e-02
3.996091702470335960e+00 3.341946093674013490e-02
3.919385072566754946e+00 3.222372908695166072e-02
3.825632524906822596e+00 3.098500559090251044e-02
3.714834059490538909e+00 2.972265096346280583e-02
9.107805885707477289e-01 5.143410381905335615e-01
