5.283058493074859641e+00 3.139031462439384468e-02
5.163737068780401174e+00 3.458224473460911469e-02
5.069984521120468379e+00 3.643834691420475003e-02
4.984754932338711697e+00 3.740683539357197995e-02
4.925094220191482464e+00 3.774826082603481570e-02
4.865433508044253230e+00 3.763249323469258084e-02
4.805772795897023109e+00 3.717812035163145512e-02
4.763158001506145212e+00 3.647168289886530690e-02
4.712020248237091202e+00 3.557826854719520204e-02
4.669405453846213305e+00 3.454787083949759086e-02
4.626790659455334520e+00 3.341946093674013490e-02
4.592698823942631847e+00 3.222372908695166072e-02
4.550084029551753950e+00 3.098500559090251044e-02
4.515992194039051277e+00 2.972265096346280583e-02
4.481900358526348604e+00 2.845208886937435067e-02
4.447808523013645932e+00 2.718559054106662459e-02
4.413716687500943259e+00 2.593288136716027231e-02
4.379624851988240586e+00 2.470161712932766873e-02
4.345533016475537913e+00 2.349776268522118725e-02
4.319964139841011352e+00 2.232589631959318657e-02
4.285872304328308680e+00 2.118945656716483827e-02
4.251780468815606007e+00 2.009094390288889212e-02
4.226211592181078558e+00 1.903208660177833217e-02
4.192119756668375885e+00 1.801397785668672202e-02
4.166550880033849324e+00 1.703718962997304714e-02
4.132459044521146652e+00 1.610186752157360610e-02
4.098367209008443979e+00 1.520781003977805974e-02
4.064275373495741306e+00 1.435453497896124926e-02
4.038706496861213857e+00 1.354133508313531964e-02
4.004614661348511184e+00 1.276732476495724689e-02
3.970522825835809400e+00 1.203147932781667429e-02
3.927908031444930614e+00 1.133266788287801488e-02
3.893816195932227942e+00 1.066968094808269651e-02
3.851201401541350045e+00 1.004125355071969032e-02
3.808586607150471259e+00 9.446084520678754010e-03
3.757448853881417250e+00 8.882852551415356193e-03
3.697788141734188017e+00 8.350229515004990721e-03
3.621081511830607447e+00 7.846891442603870157e-03
9.107805885707478399e-01 1.163075345926926907e-01
