1.227425562860473595e-03 5.368288081856616323e+00
1.352236564566638381e-03 5.189305945414927734e+00
1.424813959529933408e-03 5.044415644485941819e+00
1.462683841725616069e-03 4.916571261313306351e+00
1.476034275087946979e-03 4.797249837018847884e+00
1.471507525271498109e-03 4.686451371602564642e+00
1.453740615369090560e-03 4.575652906186280511e+00
1.426117464774308849e-03 4.473377399648172492e+00
1.391183134660455142e-03 4.371101893110064474e+00
1.350892474898859842e-03 4.268826386571957343e+00
1.306769337663622483e-03 4.158027921155673212e+00
1.260013774480567934e-03 4.030183537983038633e+00
1.211577149917873394e-03 3.893816195932227942e+00
1.162216499741063622e-03 3.680742223977836680e+00
2.011178753247194750e-02 9.107805885707478399e-01
