5.606930930445535033e+00 3.139031462439384468e-02
5.479086547272900454e+00 3.458224473460911469e-02
5.368288081856616323e+00 3.643834691420475003e-02
5.274535534196684416e+00 3.740683539357197995e-02
5.189305945414927734e+00 3.774826082603481570e-02
5.121122274389522389e+00 3.763249323469258084e-02
5.044415644485941819e+00 3.717812035163145512e-02
4.976231973460536473e+00 3.647168289886530690e-02
4.916571261313306351e+00 3.557826854719520204e-02
4.856910549166077118e+00 3.454787083949759086e-02
4.797249837018847884e+00 3.341946093674013490e-02
4.746112083749793875e+00 3.222372908695166072e-02
4.686451371602564642e+00 3.098500559090251044e-02
4.635313618333510632e+00 2.972265096346280583e-02
4.584175865064456623e+00 2.845208886937435067e-02
4.533038111795402614e+00 2.718559054106662459e-02
4.481900358526348604e+00 2.593288136716027231e-02
4.430762605257294595e+00 2.470161712932766873e-02
4.379624851988240586e+00 2.349776268522118725e-02
4.319964139841011352e+00 2.232589631959318657e-02
4.268826386571957343e+00 2.118945656716483827e-02
4.217688633302903334e+00 2.009094390288889212e-02
4.158027921155673212e+00 1.903208660177833217e-02
4.098367209008443979e+00 1.801397785668672202e-02
4.038706496861213857e+00 1.703718962997304714e-02
3.970522825835809400e+00 1.610186752157360610e-02
3.893816195932227942e+00 1.520781003977805974e-02
3.808586607150471259e+00 1.435453497896124926e-02
3.689265182856011904e+00 1.354133508313531964e-02
9.107805885707478399e-01 2.076759990968498892e-01
