7.164173592368287477e-03 5.214874822049455183e+00
7.892663946094108721e-03 5.087030438876819716e+00
8.316279904675887361e-03 4.984754932338711697e+00
8.537316860546463604e-03 4.908048302435131127e+00
8.615239974611471618e-03 4.831341672531550557e+00
8.588818477067718463e-03 4.771680960384320436e+00
8.485117502774674678e-03 4.712020248237091202e+00
8.323888136190558604e-03 4.660882494968037193e+00
8.119985257807051451e-03 4.609744741698983184e+00
7.884818833530838136e-03 4.558606988429929174e+00
7.627283204358788898e-03 4.515992194039051277e+00
7.354382768529733362e-03 4.473377399648172492e+00
7.071670401201468267e-03 4.430762605257294595e+00
6.783564729298471180e-03 4.388147810866415810e+00
6.493585877195505972e-03 4.345533016475537913e+00
6.204534493448312857e-03 4.311441180962835240e+00
5.918630191755105963e-03 4.268826386571957343e+00
5.637620241920040728e-03 4.234734551059254670e+00
5.362865996200549649e-03 4.192119756668375885e+00
5.095412350995844053e-03 4.158027921155673212e+00
4.836044078932150159e-03 4.115413126764795315e+00
4.585331860387770360e-03 4.072798332373916530e+00
4.343670137481445495e-03 4.038706496861213857e+00
4.111308408297745590e-03 3.996091702470335960e+00
3.888377211115025787e-03 3.944953949201281951e+00
3.674909776030886328e-03 3.902339154810404054e+00
3.470860116835645850e-03 3.851201401541350045e+00
3.276118180321899078e-03 3.800063648272296035e+00
3.090522550309787817e-03 3.731879977246890689e+00
2.913871110269657724e-03 3.646650388465134007e+00
4.448377132502284725e-02 9.107805885707478399e-01
