1.228124416066132861e-03 5.308627369709387089e+00
1.353006480793374862e-03 5.129645233267698501e+00
1.425625198788112950e-03 4.984754932338711697e+00
1.463516642770816382e-03 4.865433508044253230e+00
1.476874677403183442e-03 4.746112083749793875e+00
1.472345350213640760e-03 4.643836577211685857e+00
1.454568324453851856e-03 4.541561070673577838e+00
1.426929446202805131e-03 4.447808523013645932e+00
1.391975225702661361e-03 4.345533016475537913e+00
1.351661625847927614e-03 4.243257509937429894e+00
1.307513366440858941e-03 4.140982003399321876e+00
1.260731182274665374e-03 4.030183537983038633e+00
1.212266979591251253e-03 3.893816195932227942e+00
1.162878225185840246e-03 3.714834059490539353e+00
2.012323848120064346e-02 9.107805885707478399e-01
