8.958206180174137570e-03 5.521701341663778351e+00
9.869123078655735182e-03 5.393856958491143772e+00
1.039881977699232823e-02 5.291581451953035753e+00
1.067520819759620529e-02 5.197828904293103847e+00
1.077264460292552163e-02 5.121122274389522389e+00
1.073960670685359178e-02 5.052938603364117043e+00
1.060993722064912555e-02 4.993277891216887809e+00
1.040833324085472383e-02 4.933617179069657688e+00
1.015336956615590924e-02 4.873956466922428454e+00
9.859313414646013463e-03 4.822818713653374445e+00
9.537286423658289727e-03 4.771680960384320436e+00
9.196047013516091620e-03 4.720543207115267315e+00
8.842538595055991074e-03 4.677928412724388529e+00
8.482286295567605452e-03 4.635313618333510632e+00
8.119691739260958066e-03 4.584175865064456623e+00
7.758256905377205331e-03 4.541561070673577838e+00
7.400757237153812208e-03 4.498946276282699941e+00
7.049377550879246633e-03 4.464854440769997268e+00
6.705820104887797589e-03 4.422239646379118483e+00
6.371391455652502395e-03 4.379624851988240586e+00
6.047072896395761996e-03 4.337010057597362689e+00
5.733578015701926330e-03 4.294395263206483904e+00
5.431400030796994585e-03 4.251780468815606007e+00
5.140850918387608777e-03 4.209165674424727221e+00
4.862093905787683197e-03 4.166550880033849324e+00
4.595170544484191225e-03 4.123936085642970539e+00
4.340023332527680015e-03 4.081321291252092642e+00
4.096514657490140342e-03 4.030183537983038633e+00
3.864442681797241111e-03 3.979045784713984624e+00
3.643554675455531154e-03 3.927908031444930614e+00
3.433558209299598235e-03 3.868247319297701381e+00
3.234130548897586662e-03 3.800063648272296035e+00
3.044926530788041440e-03 3.714834059490539353e+00
2.865585155519594952e-03 3.586989676317904774e+00
4.304507418214208181e-02 9.107805885707478399e-01
