6.974292196142485925e-03 5.402379917369318996e+00
7.683474423994605083e-03 5.274535534196684416e+00
8.095862738711817955e-03 5.163737068780401174e+00
8.311041265098927100e-03 5.078507479998644492e+00
8.386899081679704410e-03 4.993277891216887809e+00
8.361177867396719574e-03 4.925094220191482464e+00
8.260225414693064122e-03 4.865433508044253230e+00
8.103269319386489228e-03 4.805772795897023109e+00
7.904770743780230313e-03 4.746112083749793875e+00
7.675837240637384609e-03 4.694974330480739866e+00
7.425127412685058118e-03 4.643836577211685857e+00
7.159460011499529063e-03 4.592698823942631847e+00
6.884240737177242664e-03 4.550084029551753950e+00
6.603771104035198458e-03 4.498946276282699941e+00
6.321477938020566428e-03 4.456331481891821156e+00
6.040087658463447369e-03 4.413716687500943259e+00
5.761761049757789695e-03 4.362578934231889249e+00
5.488199071547095534e-03 4.319964139841011352e+00
5.220726994402044401e-03 4.277349345450132567e+00
4.960362020475663110e-03 4.234734551059254670e+00
4.707868122546145576e-03 4.192119756668375885e+00
4.463800855508634827e-03 4.140982003399321876e+00
4.228544207070168183e-03 4.098367209008443979e+00
4.002341062543580963e-03 4.047229455739389969e+00
3.785318500381714552e-03 3.996091702470335960e+00
3.577508869941741984e-03 3.944953949201281951e+00
3.378867403846214090e-03 3.885293237054052717e+00
3.189286965770799214e-03 3.825632524906822596e+00
3.008610417758270789e-03 3.740402936125065914e+00
2.836641000235832176e-03 3.638127429586957895e+00
4.330476016627837765e-02 9.107805885707478399e-01
