7.898152345823246205e-04 4.873956466922428454e+00
8.701277468631326987e-04 4.703497289358915978e+00
9.168293424325780344e-04 4.575652906186280511e+00
9.411975899214793497e-04 4.456331481891821156e+00
9.497882336044021195e-04 4.345533016475537913e+00
9.468753922261909962e-04 4.243257509937429894e+00
9.354428650433036776e-04 4.140982003399321876e+00
9.176681128896363969e-04 4.030183537983038633e+00
8.951888139661658399e-04 3.910862113688579278e+00
8.692628614245548292e-04 3.765971812759593362e+00
1.612052052738121785e-02 9.107805885707478399e-01
