5.444994711760197781e+00 3.139031462439384468e-02
5.317150328587562313e+00 3.458224473460911469e-02
5.206351863171279071e+00 3.643834691420475003e-02
5.121122274389522389e+00 3.740683539357197995e-02
5.044415644485941819e+00 3.774826082603481570e-02
4.984754932338711697e+00 3.763249323469258084e-02
4.916571261313306351e+00 3.717812035163145512e-02
4.865433508044253230e+00 3.647168289886530690e-02
4.805772795897023109e+00 3.557826854719520204e-02
4.754635042627969099e+00 3.454787083949759086e-02
4.712020248237091202e+00 3.341946093674013490e-02
4.660882494968037193e+00 3.222372908695166072e-02
4.618267700577159296e+00 3.098500559090251044e-02
4.575652906186280511e+00 2.972265096346280583e-02
4.533038111795402614e+00 2.845208886937435067e-02
4.498946276282699941e+00 2.718559054106662459e-02
4.456331481891821156e+00 2.593288136716027231e-02
4.413716687500943259e+00 2.470161712932766873e-02
4.379624851988240586e+00 2.349776268522118725e-02
4.337010057597362689e+00 2.232589631959318657e-02
4.294395263206483904e+00 2.118945656716483827e-02
4.260303427693781231e+00 2.009094390288889212e-02
4.217688633302903334e+00 1.903208660177833217e-02
4.183596797790200661e+00 1.801397785668672202e-02
4.140982003399321876e+00 1.703718962997304714e-02
4.098367209008443979e+00 1.610186752157360610e-02
4.055752414617565194e+00 1.520781003977805974e-02
4.013137620226687297e+00 1.435453497896124926e-02
3.961999866957633287e+00 1.354133508313531964e-02
3.910862113688579278e+00 1.276732476495724689e-02
3.859724360419525269e+00 1.203147932781667429e-02
3.800063648272296035e+00 1.133266788287801488e-02
3.723357018368714577e+00 1.066968094808269651e-02
3.621081511830607447e+00 1.004125355071969032e-02
9.107805885707478399e-01 1.508335926223955958e-01
