2.344905639685176783e-03 5.155214109902225061e+00
2.583347815448148836e-03 5.010323808973239146e+00
2.722001553737967306e-03 4.891002384678779791e+00
2.794349159182911869e-03 4.788726878140671772e+00
2.819854173442689141e-03 4.694974330480739866e+00
2.811206153151098695e-03 4.618267700577159296e+00
2.777263787527847923e-03 4.541561070673577838e+00
2.724491803975034009e-03 4.473377399648172492e+00
2.657752353387339561e-03 4.405193728622767146e+00
2.580780031675687647e-03 4.337010057597362689e+00
2.496486045568383719e-03 4.268826386571957343e+00
2.407163004634565225e-03 4.200642715546551997e+00
2.314628420427533497e-03 4.132459044521146652e+00
2.220328553714324103e-03 4.064275373495741306e+00
2.125415576394786791e-03 3.996091702470335960e+00
2.030806168740339861e-03 3.910862113688579278e+00
1.937226832504709709e-03 3.825632524906822596e+00
1.845249466562902223e-03 3.706311100612363241e+00
3.048338263915709168e-02 9.107805885707478399e-01
