5.393856958491143772e+00 3.139031462439384468e-02
5.240443698683981744e+00 3.458224473460911469e-02
5.121122274389522389e+00 3.643834691420475003e-02
5.018846767851414370e+00 3.740683539357197995e-02
4.925094220191482464e+00 3.774826082603481570e-02
4.848387590287901894e+00 3.763249323469258084e-02
4.771680960384320436e+00 3.717812035163145512e-02
4.694974330480739866e+00 3.647168289886530690e-02
4.626790659455334520e+00 3.557826854719520204e-02
4.567129947308105287e+00 3.454787083949759086e-02
4.498946276282699941e+00 3.341946093674013490e-02
4.439285564135469819e+00 3.222372908695166072e-02
4.379624851988240586e+00 3.098500559090251044e-02
4.311441180962835240e+00 2.972265096346280583e-02
4.251780468815606007e+00 2.845208886937435067e-02
4.192119756668375885e+00 2.718559054106662459e-02
4.123936085642970539e+00 2.593288136716027231e-02
4.055752414617565194e+00 2.470161712932766873e-02
3.979045784713984624e+00 2.349776268522118725e-02
3.893816195932227942e+00 2.232589631959318657e-02
3.800063648272296035e+00 2.118945656716483827e-02
3.663696306221485344e+00 2.009094390288889212e-02
9.107805885707478399e-01 3.209648008087364057e-01
