3.110532533903614515e-03 5.462040629516549117e+00
3.426827625959031048e-03 5.308627369709387089e+00
3.610752708742209077e-03 5.189305945414927734e+00
3.706722276420308920e-03 5.087030438876819716e+00
3.740554843194025120e-03 4.993277891216887809e+00
3.729083188209024111e-03 4.908048302435131127e+00
3.684058420149296034e-03 4.822818713653374445e+00
3.614056041826860157e-03 4.754635042627969099e+00
3.525525727926576060e-03 4.677928412724388529e+00
3.423421444137002192e-03 4.609744741698983184e+00
3.311604925057628265e-03 4.541561070673577838e+00
3.193117332145722909e-03 4.481900358526348604e+00
3.070369606260318299e-03 4.413716687500943259e+00
2.945280221685511735e-03 4.345533016475537913e+00
2.819377541916396387e-03 4.277349345450132567e+00
2.693877549276173060e-03 4.217688633302903334e+00
2.569743953051331631e-03 4.140982003399321876e+00
2.447735380807392058e-03 4.072798332373916530e+00
2.328442902879577538e-03 3.987568743592160736e+00
2.212320191167710826e-03 3.902339154810404054e+00
2.099707977335272310e-03 3.791540689394119923e+00
1.990854038723261811e-03 3.621081511830607447e+00
3.180507959539913276e-02 9.107805885707478399e-01
