5.240443698683981744e+00 3.139031462439384468e-02
5.061461562242293155e+00 3.458224473460911469e-02
4.925094220191482464e+00 3.643834691420475003e-02
4.805772795897023109e+00 3.740683539357197995e-02
4.694974330480739866e+00 3.774826082603481570e-02
4.592698823942631847e+00 3.763249323469258084e-02
4.498946276282699941e+00 3.717812035163145512e-02
4.405193728622767146e+00 3.647168289886530690e-02
4.311441180962835240e+00 3.557826854719520204e-02
4.217688633302903334e+00 3.454787083949759086e-02
4.123936085642970539e+00 3.341946093674013490e-02
4.013137620226687297e+00 3.222372908695166072e-02
3.893816195932227942e+00 3.098500559090251044e-02
3.731879977246890689e+00 2.972265096346280583e-02
9.107805885707478399e-01 5.143410381905335615e-01
