5.061461562242293155e+00 3.139031462439384468e-02
4.916571261313306351e+00 3.458224473460911469e-02
4.805772795897023109e+00 3.643834691420475003e-02
4.712020248237091202e+00 3.740683539357197995e-02
4.626790659455334520e+00 3.774826082603481570e-02
4.550084029551753950e+00 3.763249323469258084e-02
4.481900358526348604e+00 3.717812035163145512e-02
4.413716687500943259e+00 3.647168289886530690e-02
4.345533016475537913e+00 3.557826854719520204e-02
4.285872304328308680e+00 3.454787083949759086e-02
4.226211592181078558e+00 3.341946093674013490e-02
4.158027921155673212e+00 3.222372908695166072e-02
4.098367209008443979e+00 3.098500559090251044e-02
4.030183537983038633e+00 2.972265096346280583e-02
3.961999866957633287e+00 2.845208886937435067e-02
3.893816195932227942e+00 2.718559054106662459e-02
3.808586607150471259e+00 2.593288136716027231e-02
3.697788141734188017e+00 2.470161712932766873e-02
9.107805885707478399e-01 4.080688602836043954e-01
