3.622856276567295360e-03 5.121122274389522389e+00
3.991247105793679223e-03 4.984754932338711697e+00
4.205465775206845142e-03 4.882479425800604567e+00
4.317242117949584776e-03 4.788726878140671772e+00
4.356647115503079273e-03 4.712020248237091202e+00
4.343286008743373235e-03 4.643836577211685857e+00
4.290845385863450295e-03 4.575652906186280511e+00
4.209313187464674977e-03 4.515992194039051277e+00
4.106201389120097550e-03 4.456331481891821156e+00
3.987279904982061335e-03 4.405193728622767146e+00
3.857046520969762814e-03 4.345533016475537913e+00
3.719043296442310371e-03 4.294395263206483904e+00
3.576078268971525503e-03 4.243257509937429894e+00
3.430385897295845903e-03 4.192119756668375885e+00
3.283746275730544881e-03 4.140982003399321876e+00
3.137575666328434355e-03 4.089844250130267866e+00
2.992996507192730461e-03 4.030183537983038633e+00
2.850892376491274190e-03 3.979045784713984624e+00
2.711951697460446373e-03 3.919385072566755390e+00
2.576702864538132649e-03 3.851201401541350045e+00
2.445542729977833157e-03 3.774494771637768586e+00
2.318759881564837286e-03 3.672219265099660568e+00
3.704357083007595031e-02 9.107805885707478399e-01
