5.027369726729590482e+00 3.139031462439384468e-02
4.891002384678779791e+00 3.458224473460911469e-02
4.788726878140671772e+00 3.643834691420475003e-02
4.703497289358915978e+00 3.740683539357197995e-02
4.635313618333510632e+00 3.774826082603481570e-02
4.567129947308105287e+00 3.763249323469258778e-02
4.507469235160875165e+00 3.717812035163145512e-02
4.447808523013645932e+00 3.647168289886530690e-02
4.396670769744591922e+00 3.557826854719520204e-02
4.345533016475537913e+00 3.454787083949759086e-02
4.294395263206483904e+00 3.341946093674013490e-02
4.243257509937429894e+00 3.222372908695166072e-02
4.192119756668375885e+00 3.098500559090251044e-02
4.149504962277497988e+00 2.972265096346280583e-02
4.098367209008443979e+00 2.845208886937435067e-02
4.047229455739389969e+00 2.718559054106662459e-02
3.996091702470335960e+00 2.593288136716027231e-02
3.944953949201281951e+00 2.470161712932766873e-02
3.893816195932227942e+00 2.349776268522118725e-02
3.834155483784998264e+00 2.232589631959318657e-02
3.757448853881417250e+00 2.118945656716483827e-02
3.672219265099660568e+00 2.009094390288889212e-02
9.107805885707477289e-01 3.209648008087364057e-01
