5.155214109902225061e+00 3.139031462439384468e-02
5.010323808973239146e+00 3.458224473460911469e-02
4.891002384678779791e+00 3.643834691420475003e-02
4.788726878140671772e+00 3.740683539357197995e-02
4.694974330480739866e+00 3.774826082603481570e-02
4.618267700577159296e+00 3.763249323469258084e-02
4.541561070673577838e+00 3.717812035163145512e-02
4.473377399648172492e+00 3.647168289886530690e-02
4.405193728622767146e+00 3.557826854719520204e-02
4.337010057597362689e+00 3.454787083949759086e-02
4.268826386571957343e+00 3.341946093674013490e-02
4.200642715546551997e+00 3.222372908695166072e-02
4.132459044521146652e+00 3.098500559090251044e-02
4.064275373495741306e+00 2.972265096346280583e-02
3.996091702470335960e+00 2.845208886937435067e-02
3.910862113688579278e+00 2.718559054106662459e-02
3.825632524906822596e+00 2.593288136716027231e-02
3.706311100612363241e+00 2.470161712932766873e-02
9.107805885707478399e-01 4.080688602836043954e-01
