2.081727862427791738e-03 5.248966657562157856e+00
2.293408755877442921e-03 5.087030438876819716e+00
2.416500851927174450e-03 4.967709014582360361e+00
2.480728607400906668e-03 4.856910549166077118e+00
2.503371095830984102e-03 4.763158001506145212e+00
2.495693676112610560e-03 4.677928412724388529e+00
2.465560792708347635e-03 4.601221782820807960e+00
2.418711611803898379e-03 4.524515152917226501e+00
2.359462586401674285e-03 4.456331481891821156e+00
2.291129164352156706e-03 4.379624851988240586e+00
2.216295816457511478e-03 4.311441180962835240e+00
2.136997843898720724e-03 4.243257509937429894e+00
2.054848771918233504e-03 4.166550880033849324e+00
1.971132541875615998e-03 4.098367209008443979e+00
1.886872012987731058e-03 4.021660579104862521e+00
1.802880982974048273e-03 3.936430990323106727e+00
1.719804415502717426e-03 3.834155483784998708e+00
1.638150023038769786e-03 3.706311100612363241e+00
2.706211538196510655e-02 9.107805885707478399e-01
