1.300219793736829329e-03 5.163737068780401174e+00
1.432432890648616466e-03 4.993277891216887809e+00
1.509314591962717658e-03 4.856910549166077118e+00
1.549430401757780334e-03 4.746112083749793875e+00
1.563572601690633350e-03 4.643836577211685857e+00
1.558777386493285849e-03 4.541561070673577838e+00
1.539956784554041835e-03 4.456331481891821156e+00
1.510695403452440126e-03 4.362578934231889249e+00
1.473689242859602252e-03 4.277349345450132567e+00
1.431009087818137324e-03 4.183596797790200661e+00
1.384269164737731957e-03 4.098367209008443979e+00
1.334740695918616195e-03 3.996091702470335960e+00
1.283431467967190631e-03 3.885293237054052717e+00
1.231143413739251057e-03 3.740402936125065914e+00
2.130454589540120222e-02 9.107805885707478399e-01
