6.407532296262016293e-03 5.555793177176481024e+00
7.059083435947684920e-03 5.419425835125670332e+00
7.437959366413163763e-03 5.308627369709387089e+00
7.635651593597174262e-03 5.214874822049455183e+00
7.705344889489490999e-03 5.138168192145873725e+00
7.681713887721533171e-03 5.061461562242293155e+00
7.588965249882225622e-03 4.993277891216887809e+00
7.444764057633882458e-03 4.925094220191482464e+00
7.262396299273742896e-03 4.865433508044253230e+00
7.052066881774498967e-03 4.805772795897023109e+00
6.821730773906325117e-03 4.754635042627969099e+00
6.577652607221280874e-03 4.694974330480739866e+00
6.324798792213468836e-03 4.643836577211685857e+00
6.067121284312035692e-03 4.592698823942631847e+00
5.807768431379766588e-03 4.541561070673577838e+00
5.549245092608028410e-03 4.498946276282699941e+00
5.293536458092115184e-03 4.447808523013645932e+00
5.042205260442573014e-03 4.396670769744591922e+00
4.796469073248820457e-03 4.345533016475537913e+00
4.557262436599519850e-03 4.302918222084660016e+00
4.325287239677413041e-03 4.251780468815606007e+00
4.101053890683483034e-03 4.200642715546551997e+00
3.884915172891648984e-03 4.140982003399321876e+00
3.677094233747199223e-03 4.089844250130267866e+00
3.477707824781021712e-03 4.030183537983038633e+00
3.286785666507399586e-03 3.970522825835809400e+00
3.104286629531586954e-03 3.902339154810404054e+00
2.930112283871162595e-03 3.817109566028647372e+00
2.764118261250812086e-03 3.723357018368714577e+00
2.606123791596406600e-03 3.544374881927025989e+00
3.978563580986515386e-02 9.107805885707478399e-01
