7.006456236039581426e-04 5.112599315511347164e+00
7.718909070403362970e-04 4.925094220191482464e+00
8.133199237499949639e-04 4.763158001506145212e+00
8.349370124188729017e-04 4.626790659455334520e+00
8.425577781838734228e-04 4.498946276282699941e+00
8.399737946462864247e-04 4.371101893110064474e+00
8.298319921250179405e-04 4.251780468815606007e+00
8.140639975842467240e-04 4.115413126764795315e+00
7.941225964529508019e-04 3.970522825835809400e+00
7.711236665884870682e-04 3.791540689394119923e+00
1.430052455711416926e-02 9.107805885707478399e-01
