5.248966657562157856e+00 3.139031462439384468e-02
5.087030438876819716e+00 3.458224473460911469e-02
4.967709014582360361e+00 3.643834691420475003e-02
4.856910549166077118e+00 3.740683539357197995e-02
4.763158001506145212e+00 3.774826082603481570e-02
4.677928412724388529e+00 3.763249323469258084e-02
4.601221782820807960e+00 3.717812035163145512e-02
4.524515152917226501e+00 3.647168289886530690e-02
4.456331481891821156e+00 3.557826854719520204e-02
4.379624851988240586e+00 3.454787083949759086e-02
4.311441180962835240e+00 3.341946093674013490e-02
4.243257509937429894e+00 3.222372908695166072e-02
4.166550880033849324e+00 3.098500559090251044e-02
4.098367209008443979e+00 2.972265096346280583e-02
4.021660579104862521e+00 2.845208886937435067e-02
3.936430990323106727e+00 2.718559054106662459e-02
3.834155483784998708e+00 2.593288136716027231e-02
3.706311100612363241e+00 2.470161712932766873e-02
9.107805885707478399e-01 4.080688602836043954e-01
