8.295705306788509967e-03 5.589885012689183696e+00
9.139255678011402872e-03 5.462040629516549117e+00
9.629778850061660248e-03 5.359765122978441099e+00
9.885727065744935940e-03 5.266012575318509192e+00
9.975957597227198825e-03 5.189305945414927734e+00
9.945363006719158683e-03 5.121122274389522389e+00
9.825283180111056905e-03 5.052938603364117043e+00
9.638588749171134867e-03 4.993277891216887809e+00
9.402480820117404062e-03 4.933617179069657688e+00
9.130171484128552645e-03 4.882479425800604567e+00
8.831959881901947640e-03 4.822818713653374445e+00
8.515956707977792584e-03 4.780203919262496548e+00
8.188591875774649254e-03 4.729066165993442539e+00
7.854981903806972435e-03 4.677928412724388529e+00
7.519202895770430058e-03 4.635313618333510632e+00
7.184497843307642226e-03 4.592698823942631847e+00
6.853436932762906053e-03 4.541561070673577838e+00
6.528043403132296509e-03 4.498946276282699941e+00
6.209893622855352548e-03 4.456331481891821156e+00
5.900197522497297418e-03 4.413716687500943259e+00
5.599863824097888951e-03 4.371101893110064474e+00
5.309553343057773003e-03 4.328487098719186577e+00
5.029722820902748047e-03 4.285872304328308680e+00
4.760661162215810462e-03 4.234734551059254670e+00
4.502519522894358854e-03 4.192119756668375885e+00
4.255336381500289013e-03 4.140982003399321876e+00
4.019058488619866622e-03 4.098367209008443979e+00
3.793558408902045296e-03 4.047229455739389969e+00
3.578649231596744973e-03 3.987568743592160736e+00
3.374096917265078602e-03 3.927908031444930614e+00
3.179630663233990861e-03 3.868247319297701381e+00
2.994951602778917962e-03 3.791540689394119923e+00
2.819740098876409064e-03 3.697788141734188017e+00
4.251535325772059365e-02 9.107805885707478399e-01
