5.368288081856616323e+00 3.139031462439384468e-02
5.189305945414927734e+00 3.458224473460911469e-02
5.044415644485941819e+00 3.643834691420475003e-02
4.916571261313306351e+00 3.740683539357197995e-02
4.797249837018847884e+00 3.774826082603481570e-02
4.686451371602564642e+00 3.763249323469258084e-02
4.575652906186280511e+00 3.717812035163145512e-02
4.473377399648172492e+00 3.647168289886530690e-02
4.371101893110064474e+00 3.557826854719520204e-02
4.268826386571957343e+00 3.454787083949759086e-02
4.158027921155673212e+00 3.341946093674013490e-02
4.030183537983038633e+00 3.222372908695166072e-02
3.893816195932227942e+00 3.098500559090251044e-02
3.680742223977836680e+00 2.972265096346280583e-02
9.107805885707478399e-01 5.143410381905335615e-01
