3.319597520946762810e-03 5.513178382785603127e+00
3.657151425955147868e-03 5.368288081856616323e+00
3.853438473974135810e-03 5.248966657562157856e+00
3.955858344359078176e-03 5.138168192145873725e+00
3.991964864244387616e-03 5.044415644485941819e+00
3.979722176847842567e-03 4.959186055704185137e+00
3.931671205895707032e-03 4.873956466922428454e+00
3.856963830548660807e-03 4.797249837018847884e+00
3.762483220765998858e-03 4.720543207115267315e+00
3.653516307978062205e-03 4.652359536089861969e+00
3.534184381534277372e-03 4.584175865064456623e+00
3.407733005312954967e-03 4.515992194039051277e+00
3.276735164232773018e-03 4.447808523013645932e+00
3.143238276993929551e-03 4.371101893110064474e+00
3.008873431397024022e-03 4.302918222084660016e+00
2.874938338320054323e-03 4.234734551059254670e+00
2.742461479839153077e-03 4.158027921155673212e+00
2.612252472365133790e-03 4.081321291252092642e+00
2.484942113228719336e-03 3.987568743592160736e+00
2.361014566507141366e-03 3.893816195932227942e+00
2.240833465106685171e-03 3.765971812759593362e+00
2.124663239968985380e-03 3.527328964170674652e+00
3.394276132064820428e-02 9.107805885707478399e-01
