2.061234338218690364e-03 5.393856958491143772e+00
2.270831343763101383e-03 5.231920739805806519e+00
2.392711662377428137e-03 5.104076356633171052e+00
2.456307129123390387e-03 4.984754932338711697e+00
2.478726714073541289e-03 4.891002384678779791e+00
2.471124874544922915e-03 4.797249837018847884e+00
2.441288633649357602e-03 4.703497289358915978e+00
2.394900658477112400e-03 4.626790659455334520e+00
2.336234908803845080e-03 4.541561070673577838e+00
2.268574193626506520e-03 4.464854440769997268e+00
2.194477540981229664e-03 4.388147810866415810e+00
2.115960215571231068e-03 4.302918222084660016e+00
2.034619858325158442e-03 4.226211592181078558e+00
1.951727770870070790e-03 4.140982003399321876e+00
1.868296742907739642e-03 4.055752414617565194e+00
1.785132560743864141e-03 3.953476908079458063e+00
1.702873838715932356e-03 3.834155483784998708e+00
1.622023291124766219e-03 3.663696306221485344e+00
2.679570298160313321e-02 9.107805885707478399e-01
