6.670201661185580846e-04 5.180782986536752510e+00
7.348462385179750558e-04 4.984754932338711697e+00
7.742869895579402618e-04 4.822818713653374445e+00
7.948666286638646477e-04 4.677928412724388529e+00
8.021216578473403360e-04 4.541561070673577838e+00
7.996616851158711665e-04 4.405193728622767146e+00
7.900066090337833644e-04 4.277349345450132567e+00
7.749953537235143488e-04 4.140982003399321876e+00
7.560109823849550615e-04 3.987568743592160736e+00
7.341158195495200729e-04 3.783017730515944699e+00
1.361421229837098124e-02 9.107805885707478399e-01
