1.158184126455205284e-02 5.479086547272900454e+00
1.275954299536964480e-02 5.351242164100264986e+00
1.344437464080208873e-02 5.248966657562157856e+00
1.380171033395445612e-02 5.163737068780401174e+00
1.392768343138217797e-02 5.095553397754995828e+00
1.388496955984094318e-02 5.027369726729590482e+00
1.371732311635989222e-02 4.967709014582360361e+00
1.345667436087039440e-02 4.916571261313306351e+00
1.312703818715473675e-02 4.865433508044253230e+00
1.274686032552100647e-02 4.814295754775199221e+00
1.233051966339430983e-02 4.771680960384320436e+00
1.188933974388954769e-02 4.729066165993442539e+00
1.143229752964033952e-02 4.686451371602564642e+00
1.096653631986840155e-02 4.643836577211685857e+00
1.049774686469506085e-02 4.601221782820807960e+00
1.003045678570739854e-02 4.567129947308105287e+00
9.568254384220264974e-03 4.524515152917226501e+00
9.113964354702210752e-03 4.490423317404523829e+00
8.669787504482568546e-03 4.456331481891821156e+00
8.237413047826956658e-03 4.422239646379118483e+00
7.818109674259507771e-03 4.388147810866415810e+00
7.412799964657008217e-03 4.345533016475537913e+00
7.022121587265265155e-03 4.311441180962835240e+00
6.646477888984523609e-03 4.277349345450132567e+00
6.286079902336452058e-03 4.243257509937429894e+00
5.940981348201852461e-03 4.209165674424727221e+00
5.611107883744944139e-03 4.175073838912024549e+00
5.296281593290963138e-03 4.132459044521146652e+00
4.996241526075865386e-03 4.098367209008443979e+00
4.710660933796695544e-03 4.055752414617565194e+00
4.439161742081551218e-03 4.021660579104862521e+00
4.181326695635656683e-03 3.979045784713984624e+00
3.936709541231471141e-03 3.936430990323106727e+00
3.704843551685199025e-03 3.885293237054052717e+00
3.485248644339008182e-03 3.834155483784998708e+00
3.277437306950869902e-03 3.774494771637768586e+00
3.080919510447015491e-03 3.706311100612363241e+00
2.895206760297479483e-03 3.612558552952431334e+00
4.291309022041939897e-02 9.107805885707478399e-01
