7.825771232634285562e-03 5.104076356633171052e+00
8.621536268187325602e-03 4.984754932338711697e+00
9.084272345086069969e-03 4.891002384678779791e+00
9.325721638336540234e-03 4.814295754775199221e+00
9.410840801983948178e-03 4.746112083749793875e+00
9.381979330003243842e-03 4.686451371602564642e+00
9.268701770357963901e-03 4.635313618333510632e+00
9.092583182135323752e-03 4.584175865064456623e+00
8.869850265444860840e-03 4.533038111795402614e+00
8.612966674580628881e-03 4.490423317404523829e+00
8.331648125809013039e-03 4.447808523013645932e+00
8.033545860062770577e-03 4.405193728622767146e+00
7.724725549831272520e-03 4.371101893110064474e+00
7.410013873729645942e-03 4.328487098719186577e+00
7.093256032842441480e-03 4.294395263206483904e+00
6.777511310228294394e-03 4.251780468815606007e+00
6.465204296637707022e-03 4.217688633302903334e+00
6.158243618877764884e-03 4.183596797790200661e+00
5.858116347466277123e-03 4.149504962277497988e+00
5.565963872973505276e-03 4.106890167886619203e+00
5.282643440267026022e-03 4.072798332373916530e+00
5.008778430959519995e-03 4.038706496861213857e+00
4.744799713140096520e-03 3.996091702470335960e+00
4.490979825561152404e-03 3.961999866957633287e+00
4.247461361459764148e-03 3.919385072566755390e+00
4.014280619669077614e-03 3.876770278175876605e+00
3.791387367241470536e-03 3.825632524906822596e+00
3.578661387767685057e-03 3.774494771637768586e+00
3.375926358594378597e-03 3.714834059490539353e+00
3.182961498119456049e-03 3.638127429586957895e+00
4.859176197590801827e-02 9.107805885707478399e-01
