5.393856958491143772e+00 3.139031462439384468e-02
5.197828904293103847e+00 3.458224473460911469e-02
5.044415644485941819e+00 3.643834691420475003e-02
4.916571261313306351e+00 3.740683539357197995e-02
4.797249837018847884e+00 3.774826082603481570e-02
4.686451371602564642e+00 3.763249323469258778e-02
4.584175865064456623e+00 3.717812035163145512e-02
4.481900358526348604e+00 3.647168289886530690e-02
4.388147810866415810e+00 3.557826854719520204e-02
4.285872304328308680e+00 3.454787083949759086e-02
4.183596797790200661e+00 3.341946093674013490e-02
4.072798332373916530e+00 3.222372908695166072e-02
3.953476908079457619e+00 3.098500559090251044e-02
3.800063648272295591e+00 2.972265096346280583e-02
9.107805885707477289e-01 5.143410381905335615e-01
