5.325673287465738426e+00 3.139031462439384468e-02
5.163737068780401174e+00 3.458224473460911469e-02
5.035892685607765706e+00 3.643834691420475003e-02
4.925094220191482464e+00 3.740683539357197995e-02
4.831341672531550557e+00 3.774826082603481570e-02
4.737589124871617763e+00 3.763249323469258084e-02
4.660882494968037193e+00 3.717812035163145512e-02
4.575652906186280511e+00 3.647168289886530690e-02
4.498946276282699941e+00 3.557826854719520204e-02
4.422239646379118483e+00 3.454787083949759086e-02
4.354055975353714025e+00 3.341946093674013490e-02
4.277349345450132567e+00 3.222372908695166072e-02
4.200642715546551997e+00 3.098500559090251044e-02
4.123936085642970539e+00 2.972265096346280583e-02
4.038706496861213857e+00 2.845208886937435067e-02
3.944953949201281951e+00 2.718559054106662459e-02
3.842678442663173932e+00 2.593288136716027231e-02
3.689265182856011904e+00 2.470161712932766873e-02
9.107805885707478399e-01 4.080688602836043954e-01
