3.328703938467361678e-03 5.308627369709387089e+00
3.667183831272555206e-03 5.163737068780401174e+00
3.864009339692802379e-03 5.044415644485941819e+00
3.966710171277481808e-03 4.950663096826009024e+00
4.002915739629726508e-03 4.856910549166077118e+00
3.990639467733161916e-03 4.780203919262496548e+00
3.942456681944739826e-03 4.712020248237091202e+00
3.867544367129132753e-03 4.643836577211685857e+00
3.772804575359843798e-03 4.575652906186280511e+00
3.663538741332957299e-03 4.515992194039051277e+00
3.543879460040014542e-03 4.456331481891821156e+00
3.417081198685581640e-03 4.396670769744591922e+00
3.285724000476215705e-03 4.337010057597362689e+00
3.151860900651290345e-03 4.277349345450132567e+00
3.017127461459415908e-03 4.217688633302903334e+00
2.882824953697225336e-03 4.158027921155673212e+00
2.749984680803120932e-03 4.098367209008443979e+00
2.619418480151459051e-03 4.030183537983038633e+00
2.491758879494746729e-03 3.961999866957633287e+00
2.367491371083346556e-03 3.885293237054052717e+00
2.246980585352024214e-03 3.800063648272296035e+00
2.130491678637148629e-03 3.680742223977836680e+00
3.403587410147100589e-02 9.107805885707478399e-01
