5.180782986536752510e+00 3.139031462439384468e-02
4.984754932338711697e+00 3.458224473460911469e-02
4.822818713653374445e+00 3.643834691420475003e-02
4.677928412724388529e+00 3.740683539357197995e-02
4.541561070673577838e+00 3.774826082603481570e-02
4.405193728622767146e+00 3.763249323469258084e-02
4.277349345450132567e+00 3.717812035163145512e-02
4.140982003399321876e+00 3.647168289886530690e-02
3.987568743592160736e+00 3.557826854719520204e-02
3.783017730515944699e+00 3.454787083949759086e-02
9.107805885707478399e-01 6.406918847685902918e-01
