5.487609506151075678e+00 3.139031462439384468e-02
5.351242164100264986e+00 3.458224473460911469e-02
5.240443698683981744e+00 3.643834691420475003e-02
5.146691151024049837e+00 3.740683539357197995e-02
5.069984521120468379e+00 3.774826082603481570e-02
4.993277891216887809e+00 3.763249323469258084e-02
4.933617179069657688e+00 3.717812035163145512e-02
4.865433508044253230e+00 3.647168289886530690e-02
4.805772795897023109e+00 3.557826854719520204e-02
4.754635042627969099e+00 3.454787083949759086e-02
4.703497289358915978e+00 3.341946093674013490e-02
4.652359536089861969e+00 3.222372908695166072e-02
4.601221782820807960e+00 3.098500559090251044e-02
4.550084029551753950e+00 2.972265096346280583e-02
4.498946276282699941e+00 2.845208886937435067e-02
4.456331481891821156e+00 2.718559054106662459e-02
4.405193728622767146e+00 2.593288136716027231e-02
4.362578934231889249e+00 2.470161712932766873e-02
4.319964139841011352e+00 2.349776268522118725e-02
4.268826386571957343e+00 2.232589631959318657e-02
4.217688633302903334e+00 2.118945656716483827e-02
4.175073838912024549e+00 2.009094390288889212e-02
4.123936085642970539e+00 1.903208660177833217e-02
4.072798332373916530e+00 1.801397785668672202e-02
4.021660579104862521e+00 1.703718962997304714e-02
3.961999866957633287e+00 1.610186752157360610e-02
3.893816195932227942e+00 1.520781003977805974e-02
3.825632524906822596e+00 1.435453497896124926e-02
3.740402936125065914e+00 1.354133508313531964e-02
3.612558552952431334e+00 1.276732476495724689e-02
9.107805885707478399e-01 1.949086743318926562e-01
