5.385333999612967659e+00 3.139031462439384468e-02
5.257489616440333080e+00 3.458224473460911469e-02
5.163737068780401174e+00 3.643834691420475003e-02
5.078507479998644492e+00 3.740683539357197995e-02
5.010323808973239146e+00 3.774826082603481570e-02
4.950663096826009024e+00 3.763249323469258084e-02
4.891002384678779791e+00 3.717812035163145512e-02
4.839864631409725781e+00 3.647168289886530690e-02
4.788726878140671772e+00 3.557826854719520204e-02
4.746112083749793875e+00 3.454787083949759086e-02
4.703497289358915978e+00 3.341946093674013490e-02
4.660882494968037193e+00 3.222372908695166072e-02
4.618267700577159296e+00 3.098500559090251044e-02
4.584175865064456623e+00 2.972265096346280583e-02
4.541561070673577838e+00 2.845208886937435067e-02
4.507469235160875165e+00 2.718559054106662459e-02
4.473377399648172492e+00 2.593288136716027231e-02
4.439285564135469819e+00 2.470161712932766873e-02
4.405193728622767146e+00 2.349776268522118725e-02
4.371101893110064474e+00 2.232589631959318657e-02
4.337010057597362689e+00 2.118945656716483827e-02
4.302918222084660016e+00 2.009094390288889212e-02
4.268826386571957343e+00 1.903208660177833217e-02
4.234734551059254670e+00 1.801397785668672202e-02
4.200642715546551997e+00 1.703718962997304714e-02
4.175073838912024549e+00 1.610186752157360610e-02
4.140982003399321876e+00 1.520781003977805974e-02
4.106890167886619203e+00 1.435453497896124926e-02
4.064275373495741306e+00 1.354133508313531964e-02
4.030183537983038633e+00 1.276732476495724689e-02
3.996091702470335960e+00 1.203147932781667429e-02
3.953476908079458063e+00 1.133266788287801488e-02
3.919385072566755390e+00 1.066968094808269651e-02
3.868247319297701381e+00 1.004125355071969032e-02
3.825632524906822596e+00 9.446084520678754010e-03
3.774494771637768586e+00 8.882852551415356193e-03
3.706311100612363241e+00 8.350229515004990721e-03
3.621081511830607447e+00 7.846891442603870157e-03
9.107805885707478399e-01 1.163075345926926907e-01
