5.112599315511347164e+00 3.139031462439384468e-02
4.925094220191482464e+00 3.458224473460911469e-02
4.763158001506145212e+00 3.643834691420475003e-02
4.626790659455334520e+00 3.740683539357197995e-02
4.498946276282699941e+00 3.774826082603481570e-02
4.371101893110064474e+00 3.763249323469258084e-02
4.251780468815606007e+00 3.717812035163145512e-02
4.115413126764795315e+00 3.647168289886530690e-02
3.970522825835809400e+00 3.557826854719520204e-02
3.791540689394119923e+00 3.454787083949759086e-02
9.107805885707478399e-01 6.406918847685902918e-01
