5.462040629516549117e+00 3.139031462439384468e-02
5.308627369709387089e+00 3.458224473460911469e-02
5.189305945414927734e+00 3.643834691420475003e-02
5.087030438876819716e+00 3.740683539357197995e-02
4.993277891216887809e+00 3.774826082603481570e-02
4.908048302435131127e+00 3.763249323469258084e-02
4.822818713653374445e+00 3.717812035163145512e-02
4.754635042627969099e+00 3.647168289886530690e-02
4.677928412724388529e+00 3.557826854719520204e-02
4.609744741698983184e+00 3.454787083949759086e-02
4.541561070673577838e+00 3.341946093674013490e-02
4.481900358526348604e+00 3.222372908695166072e-02
4.413716687500943259e+00 3.098500559090251044e-02
4.345533016475537913e+00 2.972265096346280583e-02
4.277349345450132567e+00 2.845208886937435067e-02
4.217688633302903334e+00 2.718559054106662459e-02
4.140982003399321876e+00 2.593288136716027231e-02
4.072798332373916530e+00 2.470161712932766873e-02
3.987568743592160736e+00 2.349776268522118725e-02
3.902339154810404054e+00 2.232589631959318657e-02
3.791540689394119923e+00 2.118945656716483827e-02
3.621081511830607447e+00 2.009094390288889212e-02
9.107805885707478399e-01 3.209648008087364057e-01
