1.287859051245919539e-02 5.283058493074859641e+00
1.418815243707609482e-02 5.163737068780401174e+00
1.494966057123538195e-02 5.069984521120468379e+00
1.534700499708934081e-02 4.984754932338711697e+00
1.548708254609903155e-02 4.925094220191482464e+00
1.543958625874574178e-02 4.865433508044253230e+00
1.525316944926393206e-02 4.805772795897023109e+00
1.496333741713227854e-02 4.763158001506145212e+00
1.459679385964362218e-02 4.712020248237091202e+00
1.417404976481057011e-02 4.669405453846213305e+00
1.371109393777582286e-02 4.626790659455334520e+00
1.322051775080877387e-02 4.592698823942631847e+00
1.271230326316609253e-02 4.550084029551753950e+00
1.219439356640662948e-02 4.515992194039051277e+00
1.167311656978481556e-02 4.481900358526348604e+00
1.115350682550037692e-02 4.447808523013645932e+00
1.063955439542808856e-02 4.413716687500943259e+00
1.013440023812127791e-02 4.379624851988240586e+00
9.640491572095890790e-03 4.345533016475537913e+00
9.159706742799577153e-03 4.319964139841011352e+00
8.693456487307344230e-03 4.285872304328308680e+00
8.242766682339081399e-03 4.251780468815606007e+00
7.808346392026558648e-03 4.226211592181078558e+00
7.390644123601406053e-03 4.192119756668375885e+00
6.989894537630044619e-03 4.166550880033849324e+00
6.606157369797852584e-03 4.132459044521146652e+00
6.239349953547954943e-03 4.098367209008443979e+00
5.889274453055400385e-03 4.064275373495741306e+00
5.555640700465420620e-03 4.038706496861213857e+00
5.238085363428841672e-03 4.004614661348511184e+00
4.936188036855678439e-03 3.970522825835809400e+00
4.649484747880323378e-03 3.927908031444930614e+00
4.377479278979921722e-03 3.893816195932227942e+00
4.119652646329375126e-03 3.851201401541350045e+00
3.875471015297292203e-03 3.808586607150471259e+00
3.644392289822129608e-03 3.757448853881417250e+00
3.425871575216064922e-03 3.697788141734188017e+00
3.219365683148736005e-03 3.621081511830607447e+00
4.771781135219813758e-02 9.107805885707478399e-01
