5.189305945414927734e+00 3.139031462439384468e-02
5.018846767851414370e+00 3.458224473460911469e-02
4.882479425800604567e+00 3.643834691420475003e-02
4.763158001506145212e+00 3.740683539357197995e-02
4.652359536089861969e+00 3.774826082603481570e-02
4.558606988429929174e+00 3.763249323469258778e-02
4.464854440769997268e+00 3.717812035163145512e-02
4.379624851988240586e+00 3.647168289886530690e-02
4.294395263206483904e+00 3.557826854719520204e-02
4.200642715546551997e+00 3.454787083949759086e-02
4.106890167886619203e+00 3.341946093674013490e-02
4.013137620226687297e+00 3.222372908695166072e-02
3.902339154810403610e+00 3.098500559090251044e-02
3.765971812759592918e+00 2.972265096346280583e-02
9.107805885707477289e-01 5.143410381905335615e-01
