5.078507479998644492e+00 3.139031462439384468e-02
4.916571261313306351e+00 3.458224473460911469e-02
4.788726878140671772e+00 3.643834691420475003e-02
4.677928412724388529e+00 3.740683539357197995e-02
4.575652906186280511e+00 3.774826082603481570e-02
4.490423317404523829e+00 3.763249323469258084e-02
4.405193728622767146e+00 3.717812035163145512e-02
4.319964139841011352e+00 3.647168289886530690e-02
4.234734551059254670e+00 3.557826854719520204e-02
4.149504962277497988e+00 3.454787083949759086e-02
4.064275373495741306e+00 3.341946093674013490e-02
3.970522825835809400e+00 3.222372908695166072e-02
3.868247319297701381e+00 3.098500559090251044e-02
3.731879977246890689e+00 2.972265096346280583e-02
9.107805885707478399e-01 5.143410381905335615e-01
