5.300104410831210977e+00 3.139031462439384468e-02
5.155214109902225061e+00 3.458224473460911469e-02
5.044415644485941819e+00 3.643834691420475003e-02
4.950663096826009024e+00 3.740683539357197995e-02
4.873956466922428454e+00 3.774826082603481570e-02
4.797249837018847884e+00 3.763249323469258778e-02
4.737589124871617763e+00 3.717812035163145512e-02
4.677928412724388529e+00 3.647168289886530690e-02
4.618267700577159296e+00 3.557826854719520204e-02
4.558606988429929174e+00 3.454787083949759086e-02
4.507469235160875165e+00 3.341946093674013490e-02
4.456331481891821156e+00 3.222372908695166072e-02
4.413716687500943259e+00 3.098500559090251044e-02
4.362578934231889249e+00 2.972265096346280583e-02
4.311441180962835240e+00 2.845208886937435067e-02
4.268826386571957343e+00 2.718559054106662459e-02
4.217688633302903334e+00 2.593288136716027231e-02
4.175073838912024549e+00 2.470161712932766873e-02
4.123936085642970539e+00 2.349776268522118725e-02
4.072798332373916530e+00 2.232589631959318657e-02
4.021660579104862521e+00 2.118945656716483827e-02
3.970522825835808955e+00 2.009094390288889212e-02
3.910862113688579278e+00 1.903208660177833217e-02
3.851201401541349600e+00 1.801397785668672202e-02
3.774494771637768586e+00 1.703718962997304714e-02
3.680742223977836236e+00 1.610186752157360610e-02
9.107805885707477289e-01 2.507796791987245699e-01
