5.112599315511347164e+00 3.139031462439384468e-02
4.993277891216887809e+00 3.458224473460911469e-02
4.891002384678779791e+00 3.643834691420475003e-02
4.814295754775199221e+00 3.740683539357197995e-02
4.746112083749793875e+00 3.774826082603481570e-02
4.686451371602564642e+00 3.763249323469258778e-02
4.635313618333510632e+00 3.717812035163145512e-02
4.584175865064456623e+00 3.647168289886530690e-02
4.533038111795402614e+00 3.557826854719520204e-02
4.490423317404523829e+00 3.454787083949759086e-02
4.447808523013645932e+00 3.341946093674013490e-02
4.405193728622767146e+00 3.222372908695166072e-02
4.371101893110064474e+00 3.098500559090251044e-02
4.328487098719186577e+00 2.972265096346280583e-02
4.294395263206483904e+00 2.845208886937435067e-02
4.260303427693781231e+00 2.718559054106662459e-02
4.217688633302903334e+00 2.593288136716027231e-02
4.183596797790200661e+00 2.470161712932766873e-02
4.149504962277497988e+00 2.349776268522118725e-02
4.115413126764795315e+00 2.232589631959318657e-02
4.072798332373916530e+00 2.118945656716483827e-02
4.038706496861213857e+00 2.009094390288889212e-02
4.004614661348511184e+00 1.903208660177833217e-02
3.961999866957633287e+00 1.801397785668672202e-02
3.919385072566754946e+00 1.703718962997304714e-02
3.876770278175876605e+00 1.610186752157360610e-02
3.834155483784998264e+00 1.520781003977805974e-02
3.783017730515944255e+00 1.435453497896124926e-02
3.723357018368714577e+00 1.354133508313531964e-02
3.646650388465133563e+00 1.276732476495724689e-02
9.107805885707477289e-01 1.949086743318926562e-01
