5.683637560349115603e+00 3.139031462439384468e-02
5.496132465029251790e+00 3.458224473460911469e-02
5.351242164100264986e+00 3.643834691420475003e-02
5.231920739805806519e+00 3.740683539357197995e-02
5.129645233267698501e+00 3.774826082603481570e-02
5.035892685607765706e+00 3.763249323469258778e-02
4.950663096826009024e+00 3.717812035163145512e-02
4.865433508044253230e+00 3.647168289886530690e-02
4.788726878140671772e+00 3.557826854719520204e-02
4.712020248237091202e+00 3.454787083949759086e-02
4.643836577211685857e+00 3.341946093674013490e-02
4.575652906186280511e+00 3.222372908695166072e-02
4.507469235160875165e+00 3.098500559090251044e-02
4.439285564135469819e+00 2.972265096346280583e-02
4.371101893110064474e+00 2.845208886937435067e-02
4.294395263206483904e+00 2.718559054106662459e-02
4.226211592181078558e+00 2.593288136716027231e-02
4.149504962277497988e+00 2.470161712932766873e-02
4.072798332373916530e+00 2.349776268522118725e-02
3.979045784713984624e+00 2.232589631959318657e-02
3.876770278175876605e+00 2.118945656716483827e-02
3.748925895003241582e+00 2.009094390288889212e-02
9.107805885707477289e-01 3.209648008087364057e-01
