7.444405409780647208e-04 4.959186055704185137e+00
8.201391189135101177e-04 4.780203919262496548e+00
8.641577191480856457e-04 4.643836577211685857e+00
8.871260167308973920e-04 4.515992194039051277e+00
8.952231300184712538e-04 4.396670769744591922e+00
8.924776306707338713e-04 4.285872304328308680e+00
8.817018994007794729e-04 4.175073838912024549e+00
8.649483024458859762e-04 4.064275373495741306e+00
8.437604337917116839e-04 3.936430990323106727e+00
8.193239209335428062e-04 3.783017730515944699e+00
1.519440053419329056e-02 9.107805885707478399e-01
