4.547366374699875029e-03 5.444994711760197781e+00
5.009766189014106148e-03 5.300104410831210977e+00
5.278650930708959736e-03 5.189305945414927734e+00
5.418951274877422015e-03 5.087030438876819716e+00
5.468411962023332802e-03 5.010323808973239146e+00
5.451641258752312237e-03 4.925094220191482464e+00
5.385818408783107740e-03 4.856910549166077118e+00
5.283480157096997858e-03 4.788726878140671772e+00
5.154055446638640403e-03 4.729066165993442539e+00
5.004786605449303323e-03 4.669405453846213305e+00
4.841319201249092222e-03 4.609744741698983184e+00
4.668099185076960041e-03 4.558606988429929174e+00
4.488651172500903938e-03 4.498946276282699941e+00
4.305779829717192551e-03 4.447808523013645932e+00
4.121719510068909235e-03 4.396670769744591922e+00
3.938247888943946853e-03 4.345533016475537913e+00
3.756773837381782548e-03 4.285872304328308680e+00
3.578406412254435138e-03 4.234734551059254670e+00
3.404009714270764004e-03 4.183596797790200661e+00
3.234246977883363777e-03 4.123936085642970539e+00
3.069616327349873174e-03 4.064275373495741306e+00
2.910479994647159011e-03 4.004614661348511184e+00
2.757088346800029219e-03 3.936430990323106727e+00
2.609599749485376746e-03 3.859724360419525269e+00
2.468097060184241531e-03 3.765971812759593362e+00
2.332601371270574299e-03 3.638127429586957895e+00
3.632926570796749660e-02 9.107805885707478399e-01
