5.456491688069673232e-03 5.069984521120468379e+00
6.011336082708335776e-03 4.942140137947833800e+00
6.333977197853486382e-03 4.848387590287901894e+00
6.502326875162926616e-03 4.763158001506145212e+00
6.561675915037834886e-03 4.694974330480739866e+00
6.541552354396113107e-03 4.635313618333510632e+00
6.462569971155500241e-03 4.575652906186280511e+00
6.339771899989812831e-03 4.524515152917226501e+00
6.184472150935952858e-03 4.473377399648172492e+00
6.005360963465125775e-03 4.422239646379118483e+00
5.809212586846219419e-03 4.379624851988240586e+00
5.601361822124647886e-03 4.337010057597362689e+00
5.386037938280673412e-03 4.294395263206483904e+00
5.166606320138552623e-03 4.251780468815606007e+00
4.945748020738696162e-03 4.209165674424727221e+00
4.725596114519990155e-03 4.166550880033849324e+00
4.507841138923894368e-03 4.123936085642970539e+00
4.293813877332508348e-03 4.081321291252092642e+00
4.084551184476030439e-03 4.038706496861213857e+00
3.880848890947295651e-03 3.996091702470335960e+00
3.683304707739320366e-03 3.953476908079458063e+00
3.492353285506587680e-03 3.910862113688579278e+00
3.308295045520940041e-03 3.859724360419525269e+00
3.131320014476608651e-03 3.800063648272296035e+00
2.961527615010641195e-03 3.731879977246890689e+00
2.798943156357802924e-03 3.655173347343309231e+00
4.359233895735581399e-02 9.107805885707478399e-01
