6.598470890085918542e-03 5.317150328587562313e+00
7.269437656984034136e-03 5.180782986536752510e+00
7.659603743168119996e-03 5.078507479998644492e+00
7.863187017657572234e-03 4.993277891216887809e+00
7.934957109935981620e-03 4.916571261313306351e+00
7.910621925958772824e-03 4.848387590287901894e+00
7.815109463659547159e-03 4.788726878140671772e+00
7.666611207954856719e-03 4.729066165993442539e+00
7.478809057424675583e-03 4.677928412724388529e+00
7.262212015922890271e-03 4.626790659455334520e+00
7.025012103003140489e-03 4.584175865064456623e+00
6.773660630500013234e-03 4.533038111795402614e+00
6.513272003391641640e-03 4.490423317404523829e+00
6.247915941759398482e-03 4.447808523013645932e+00
5.980834611348835247e-03 4.405193728622767146e+00
5.714607513861042279e-03 4.362578934231889249e+00
5.451278996237932800e-03 4.319964139841011352e+00
5.192458359090554657e-03 4.277349345450132567e+00
4.939399458586126238e-03 4.234734551059254670e+00
4.693064683252015125e-03 4.192119756668375885e+00
4.454176837925752017e-03 4.158027921155673212e+00
4.223261540505234175e-03 4.115413126764795315e+00
4.000682086882829253e-03 4.064275373495741306e+00
3.786668274093317032e-03 4.021660579104862521e+00
3.581340332756275356e-03 3.979045784713984624e+00
3.384728869030091420e-03 3.927908031444930614e+00
3.196791527901726281e-03 3.868247319297701381e+00
3.017426946265432900e-03 3.808586607150471259e+00
2.846486453803519136e-03 3.740402936125065914e+00
2.683783893659212518e-03 3.646650388465134007e+00
4.097121131767136187e-02 9.107805885707478399e-01
