6.396941379566609652e-04 5.240443698683981744e+00
7.047415579874660675e-04 5.035892685607765706e+00
7.425665271839586561e-04 4.873956466922428454e+00
7.623030736424107282e-04 4.720543207115267315e+00
7.692608837283939748e-04 4.575652906186280511e+00
7.669016894854206430e-04 4.439285564135469819e+00
7.576421559885886852e-04 4.302918222084660016e+00
7.432458715685415305e-04 4.158027921155673212e+00
7.250392390333712436e-04 3.987568743592160736e+00
7.040410623261548475e-04 3.757448853881417250e+00
1.305647451537086945e-02 9.107805885707478399e-01
