5.479086547272900454e+00 3.139031462439384468e-02
5.351242164100264986e+00 3.458224473460911469e-02
5.248966657562157856e+00 3.643834691420475003e-02
5.163737068780401174e+00 3.740683539357197995e-02
5.095553397754995828e+00 3.774826082603481570e-02
5.027369726729590482e+00 3.763249323469258084e-02
4.967709014582360361e+00 3.717812035163145512e-02
4.916571261313306351e+00 3.647168289886530690e-02
4.865433508044253230e+00 3.557826854719520204e-02
4.814295754775199221e+00 3.454787083949759086e-02
4.771680960384320436e+00 3.341946093674013490e-02
4.729066165993442539e+00 3.222372908695166072e-02
4.686451371602564642e+00 3.098500559090251044e-02
4.643836577211685857e+00 2.972265096346280583e-02
4.601221782820807960e+00 2.845208886937435067e-02
4.567129947308105287e+00 2.718559054106662459e-02
4.524515152917226501e+00 2.593288136716027231e-02
4.490423317404523829e+00 2.470161712932766873e-02
4.456331481891821156e+00 2.349776268522118725e-02
4.422239646379118483e+00 2.232589631959318657e-02
4.388147810866415810e+00 2.118945656716483827e-02
4.345533016475537913e+00 2.009094390288889212e-02
4.311441180962835240e+00 1.903208660177833217e-02
4.277349345450132567e+00 1.801397785668672202e-02
4.243257509937429894e+00 1.703718962997304714e-02
4.209165674424727221e+00 1.610186752157360610e-02
4.175073838912024549e+00 1.520781003977805974e-02
4.132459044521146652e+00 1.435453497896124926e-02
4.098367209008443979e+00 1.354133508313531964e-02
4.055752414617565194e+00 1.276732476495724689e-02
4.021660579104862521e+00 1.203147932781667429e-02
3.979045784713984624e+00 1.133266788287801488e-02
3.936430990323106727e+00 1.066968094808269651e-02
3.885293237054052717e+00 1.004125355071969032e-02
3.834155483784998708e+00 9.446084520678754010e-03
3.774494771637768586e+00 8.882852551415356193e-03
3.706311100612363241e+00 8.350229515004990721e-03
3.612558552952431334e+00 7.846891442603870157e-03
9.107805885707478399e-01 1.163075345926926907e-01
