5.342719205222089762e+00 3.139031462439384468e-02
5.206351863171279071e+00 3.458224473460911469e-02
5.095553397754995828e+00 3.643834691420475003e-02
5.010323808973239146e+00 3.740683539357197995e-02
4.933617179069657688e+00 3.774826082603481570e-02
4.865433508044253230e+00 3.763249323469258778e-02
4.797249837018847884e+00 3.717812035163145512e-02
4.746112083749793875e+00 3.647168289886530690e-02
4.686451371602564642e+00 3.557826854719520204e-02
4.635313618333510632e+00 3.454787083949759086e-02
4.592698823942631847e+00 3.341946093674013490e-02
4.541561070673577838e+00 3.222372908695166072e-02
4.498946276282699941e+00 3.098500559090251044e-02
4.456331481891821156e+00 2.972265096346280583e-02
4.413716687500943259e+00 2.845208886937435067e-02
4.371101893110064474e+00 2.718559054106662459e-02
4.328487098719186577e+00 2.593288136716027231e-02
4.285872304328308680e+00 2.470161712932766873e-02
4.243257509937429894e+00 2.349776268522118725e-02
4.200642715546551997e+00 2.232589631959318657e-02
4.158027921155673212e+00 2.118945656716483827e-02
4.115413126764795315e+00 2.009094390288889212e-02
4.072798332373916530e+00 1.903208660177833217e-02
4.030183537983038633e+00 1.801397785668672202e-02
3.987568743592160292e+00 1.703718962997304714e-02
3.936430990323106283e+00 1.610186752157360610e-02
3.885293237054052273e+00 1.520781003977805974e-02
3.825632524906822596e+00 1.435453497896124926e-02
3.757448853881417250e+00 1.354133508313531964e-02
3.663696306221484900e+00 1.276732476495724689e-02
9.107805885707477289e-01 1.949086743318926562e-01
