5.513178382785603127e+00 3.139031462439384468e-02
5.368288081856616323e+00 3.458224473460911469e-02
5.257489616440333080e+00 3.643834691420475003e-02
5.155214109902225061e+00 3.740683539357197995e-02
5.069984521120468379e+00 3.774826082603481570e-02
4.993277891216887809e+00 3.763249323469258084e-02
4.916571261313306351e+00 3.717812035163145512e-02
4.848387590287901894e+00 3.647168289886530690e-02
4.780203919262496548e+00 3.557826854719520204e-02
4.720543207115267315e+00 3.454787083949759086e-02
4.660882494968037193e+00 3.341946093674013490e-02
4.601221782820807960e+00 3.222372908695166072e-02
4.541561070673577838e+00 3.098500559090251044e-02
4.490423317404523829e+00 2.972265096346280583e-02
4.430762605257294595e+00 2.845208886937435067e-02
4.379624851988240586e+00 2.718559054106662459e-02
4.319964139841011352e+00 2.593288136716027231e-02
4.260303427693781231e+00 2.470161712932766873e-02
4.200642715546551997e+00 2.349776268522118725e-02
4.140982003399321876e+00 2.232589631959318657e-02
4.081321291252092642e+00 2.118945656716483827e-02
4.013137620226687297e+00 2.009094390288889212e-02
3.936430990323106727e+00 1.903208660177833217e-02
3.859724360419525269e+00 1.801397785668672202e-02
3.748925895003242026e+00 1.703718962997304714e-02
3.586989676317904774e+00 1.610186752157360610e-02
9.107805885707478399e-01 2.507796791987245699e-01
