5.231920739805806519e+00 3.139031462439384468e-02
5.095553397754995828e+00 3.458224473460911469e-02
4.993277891216887809e+00 3.643834691420475003e-02
4.916571261313306351e+00 3.740683539357197995e-02
4.839864631409725781e+00 3.774826082603481570e-02
4.780203919262496548e+00 3.763249323469258778e-02
4.720543207115267315e+00 3.717812035163145512e-02
4.660882494968037193e+00 3.647168289886530690e-02
4.609744741698983184e+00 3.557826854719520204e-02
4.567129947308105287e+00 3.454787083949759086e-02
4.515992194039051277e+00 3.341946093674013490e-02
4.473377399648172492e+00 3.222372908695166072e-02
4.430762605257294595e+00 3.098500559090251044e-02
4.396670769744591922e+00 2.972265096346280583e-02
4.354055975353714025e+00 2.845208886937435067e-02
4.311441180962835240e+00 2.718559054106662459e-02
4.277349345450132567e+00 2.593288136716027231e-02
4.234734551059254670e+00 2.470161712932766873e-02
4.200642715546551997e+00 2.349776268522118725e-02
4.158027921155673212e+00 2.232589631959318657e-02
4.115413126764795315e+00 2.118945656716483827e-02
4.081321291252092642e+00 2.009094390288889212e-02
4.038706496861213857e+00 1.903208660177833217e-02
3.996091702470335960e+00 1.801397785668672202e-02
3.953476908079457619e+00 1.703718962997304714e-02
3.902339154810403610e+00 1.610186752157360610e-02
3.859724360419525269e+00 1.520781003977805974e-02
3.800063648272295591e+00 1.435453497896124926e-02
3.740402936125065914e+00 1.354133508313531964e-02
3.655173347343309231e+00 1.276732476495724689e-02
9.107805885707477289e-01 1.949086743318926562e-01
