8.813233291171175890e-03 5.641022765958237706e+00
9.709408593873612714e-03 5.521701341663778351e+00
1.023053307818557953e-02 5.419425835125670332e+00
1.050244863591758004e-02 5.325673287465738426e+00
1.059830820355299290e-02 5.248966657562157856e+00
1.056580496800838334e-02 5.172260027658576398e+00
1.043823395549971049e-02 5.112599315511347164e+00
1.023989258328515846e-02 5.044415644485941819e+00
9.989055049441830994e-03 4.984754932338711697e+00
9.699757682107705212e-03 4.933617179069657688e+00
9.382942134380099081e-03 4.873956466922428454e+00
9.047225086877807784e-03 4.822818713653374445e+00
8.699437583484884509e-03 4.771680960384320436e+00
8.345015336975451781e-03 4.720543207115267315e+00
7.988288738975104705e-03 4.677928412724388529e+00
7.632703095319905845e-03 4.626790659455334520e+00
7.280988933555903111e-03 4.584175865064456623e+00
6.935295712543647524e-03 4.533038111795402614e+00
6.597298142545462117e-03 4.490423317404523829e+00
6.268281635704512147e-03 4.447808523013645932e+00
5.949211604729782131e-03 4.396670769744591922e+00
5.640790090023257639e-03 4.354055975353714025e+00
5.343502326953330703e-03 4.302918222084660016e+00
5.057655243429644808e-03 4.260303427693781231e+00
4.783409425217708018e-03 4.209165674424727221e+00
4.520805751366397188e-03 4.158027921155673212e+00
4.269787650494675200e-03 4.106890167886619203e+00
4.030219737190842040e-03 4.055752414617565194e+00
3.801903440268462886e-03 3.996091702470335960e+00
3.584590119726722805e-03 3.927908031444930614e+00
3.377992078854460088e-03 3.859724360419525269e+00
3.181791806111773039e-03 3.774494771637768586e+00
2.995649723903749846e-03 3.655173347343309231e+00
4.516767566589242888e-02 9.107805885707478399e-01
