2.065392082746831618e-03 5.453517670638373005e+00
2.275411869334018587e-03 5.291581451953035753e+00
2.397538034438678745e-03 5.163737068780401174e+00
2.461261780487472572e-03 5.044415644485941819e+00
2.483726588295074016e-03 4.942140137947833800e+00
2.476109414989932384e-03 4.839864631409725781e+00
2.446212990996780856e-03 4.754635042627969099e+00
2.399731445992922280e-03 4.660882494968037193e+00
2.340947360817877652e-03 4.584175865064456623e+00
2.273150166268406418e-03 4.498946276282699941e+00
2.198904052231778587e-03 4.413716687500943259e+00
2.120228348429749072e-03 4.328487098719186577e+00
2.038723918414760139e-03 4.243257509937429894e+00
1.955664628174111873e-03 4.158027921155673212e+00
1.872065310321807761e-03 4.064275373495741306e+00
1.788733376526340305e-03 3.953476908079458063e+00
1.706308729283083706e-03 3.825632524906822596e+00
1.625295096924887078e-03 3.604035594074256110e+00
2.684975296776129922e-02 9.107805885707478399e-01
