5.393856958491143772e+00 3.139031462439384468e-02
5.214874822049455183e+00 3.458224473460911469e-02
5.078507479998644492e+00 3.643834691420475003e-02
4.967709014582360361e+00 3.740683539357197995e-02
4.865433508044253230e+00 3.774826082603481570e-02
4.771680960384320436e+00 3.763249323469258778e-02
4.686451371602564642e+00 3.717812035163145512e-02
4.601221782820807960e+00 3.647168289886530690e-02
4.524515152917226501e+00 3.557826854719520204e-02
4.447808523013645932e+00 3.454787083949759086e-02
4.379624851988240586e+00 3.341946093674013490e-02
4.302918222084660016e+00 3.222372908695166072e-02
4.226211592181078558e+00 3.098500559090251044e-02
4.149504962277497988e+00 2.972265096346280583e-02
4.064275373495741306e+00 2.845208886937435067e-02
3.979045784713984624e+00 2.718559054106662459e-02
3.876770278175876605e+00 2.593288136716027231e-02
3.748925895003241582e+00 2.470161712932766873e-02
9.107805885707477289e-01 4.080688602836043954e-01
