1.580403575830433656e-03 4.891002384678779791e+00
1.741107213890335766e-03 4.746112083749793875e+00
1.834556118650915255e-03 4.626790659455334520e+00
1.883316466365082299e-03 4.533038111795402614e+00
1.900506162639244460e-03 4.447808523013645932e+00
1.894677628662705003e-03 4.362578934231889249e+00
1.871801383625258056e-03 4.294395263206483904e+00
1.836234480591270729e-03 4.217688633302903334e+00
1.791253878995757937e-03 4.149504962277497988e+00
1.739376596424423030e-03 4.072798332373916530e+00
1.682564708214341230e-03 3.996091702470335960e+00
1.622363371790924366e-03 3.919385072566755390e+00
1.559997541245858278e-03 3.825632524906822596e+00
1.496441957587533187e-03 3.714834059490539353e+00
2.589545296627792509e-02 9.107805885707478399e-01
