1.142392687862524119e-02 5.615453889323711145e+00
1.258557105508865612e-02 5.496132465029251790e+00
1.326106525872048324e-02 5.393856958491143772e+00
1.361352880371739273e-02 5.308627369709387089e+00
1.373778430168323336e-02 5.240443698683981744e+00
1.369565281895573743e-02 5.172260027658576398e+00
1.353029217654641916e-02 5.104076356633171052e+00
1.327319727637452963e-02 5.044415644485941819e+00
1.294805557748049570e-02 4.993277891216887809e+00
1.257306130904162385e-02 4.942140137947833800e+00
1.216239730734346679e-02 4.891002384678779791e+00
1.172723272292061636e-02 4.839864631409725781e+00
1.127642212063682987e-02 4.797249837018847884e+00
1.081701140330816255e-02 4.754635042627969099e+00
1.035461372965312127e-02 4.712020248237091202e+00
9.893694988709856794e-03 4.669405453846213305e+00
9.437794556550187230e-03 4.626790659455334520e+00
8.989698613913946548e-03 4.584175865064456623e+00
8.551577960886369914e-03 4.541561070673577838e+00
8.125098779882843070e-03 4.507469235160875165e+00
7.711512462286156631e-03 4.464854440769997268e+00
7.311729009903046583e-03 4.430762605257294595e+00
6.926377396594102231e-03 4.388147810866415810e+00
6.555855469764576386e-03 4.345533016475537913e+00
6.200371384580944008e-03 4.311441180962835240e+00
5.859978129458444894e-03 4.268826386571957343e+00
5.534602375200060702e-03 4.226211592181078558e+00
5.224068631949503258e-03 4.183596797790200661e+00
4.928119506915829527e-03 4.140982003399321876e+00
4.646432706895789119e-03 4.098367209008443979e+00
4.378635312430322578e-03 4.055752414617565194e+00
4.124315757355781313e-03 4.004614661348511184e+00
3.883033872952500794e-03 3.953476908079458063e+00
3.654329295699848719e-03 3.902339154810404054e+00
3.437728488700411006e-03 3.842678442663173932e+00
3.232750586772375860e-03 3.765971812759593362e+00
3.038912242218323040e-03 3.672219265099660568e+00
4.518371675009302119e-02 9.107805885707478399e-01
