2.063889568799917931e-03 5.325673287465738426e+00
2.273756571970768532e-03 5.163737068780401174e+00
2.395793893766749207e-03 5.035892685607765706e+00
2.459471282604246828e-03 4.925094220191482464e+00
2.481919747903650001e-03 4.831341672531550557e+00
2.474308115875257889e-03 4.737589124871617763e+00
2.444433440679532558e-03 4.660882494968037193e+00
2.397985709676524625e-03 4.575652906186280511e+00
2.339244388250101211e-03 4.498946276282699941e+00
2.271496514229755584e-03 4.422239646379118483e+00
2.197304412127605664e-03 4.354055975353714025e+00
2.118685942660515544e-03 4.277349345450132567e+00
2.037240804798263680e-03 4.200642715546551997e+00
1.954241937826906635e-03 4.123936085642970539e+00
1.870703436098608650e-03 4.038706496861213857e+00
1.787432123912857662e-03 3.944953949201281951e+00
1.705067438254177087e-03 3.842678442663173932e+00
1.624112741007393288e-03 3.689265182856011904e+00
2.683022053678015689e-02 9.107805885707478399e-01
