3.917747845282318168e-03 5.018846767851414370e+00
4.316124779735522853e-03 4.891002384678779791e+00
4.547780320680106132e-03 4.788726878140671772e+00
4.668654982136131483e-03 4.703497289358915978e+00
4.711267449336965958e-03 4.635313618333510632e+00
4.696818781428996337e-03 4.567129947308105287e+00
4.640109621139659572e-03 4.507469235160875165e+00
4.551940902809880653e-03 4.447808523013645932e+00
4.440436058303486033e-03 4.396670769744591922e+00
4.311834658559022919e-03 4.345533016475537913e+00
4.171000598180163617e-03 4.294395263206483904e+00
4.021764251424856350e-03 4.243257509937429894e+00
3.867162223200016572e-03 4.192119756668375885e+00
3.709610851676305339e-03 4.149504962277497988e+00
3.551035126457413680e-03 4.098367209008443979e+00
3.392966589835440337e-03 4.047229455739389969e+00
3.236619043607818786e-03 3.996091702470335960e+00
3.082947987026779264e-03 3.944953949201281951e+00
2.932697879282828140e-03 3.893816195932227942e+00
2.786440124818330422e-03 3.825632524906822596e+00
2.644603878681778524e-03 3.757448853881417250e+00
2.507501218992666536e-03 3.663696306221485344e+00
4.005882616425598952e-02 9.107805885707478399e-01
