5.564316136054657136e+00 3.139031462439384468e-02
5.427948794003846444e+00 3.458224473460911469e-02
5.317150328587562313e+00 3.643834691420475003e-02
5.214874822049455183e+00 3.740683539357197995e-02
5.129645233267698501e+00 3.774826082603481570e-02
5.044415644485941819e+00 3.763249323469258084e-02
4.967709014582360361e+00 3.717812035163145512e-02
4.899525343556955903e+00 3.647168289886530690e-02
4.831341672531550557e+00 3.557826854719520204e-02
4.763158001506145212e+00 3.454787083949759086e-02
4.703497289358915978e+00 3.341946093674013490e-02
4.643836577211685857e+00 3.222372908695166072e-02
4.584175865064456623e+00 3.098500559090251044e-02
4.524515152917226501e+00 2.972265096346280583e-02
4.464854440769997268e+00 2.845208886937435067e-02
4.405193728622767146e+00 2.718559054106662459e-02
4.345533016475537913e+00 2.593288136716027231e-02
4.285872304328308680e+00 2.470161712932766873e-02
4.226211592181078558e+00 2.349776268522118725e-02
4.158027921155673212e+00 2.232589631959318657e-02
4.089844250130267866e+00 2.118945656716483827e-02
4.021660579104862521e+00 2.009094390288889212e-02
3.936430990323106727e+00 1.903208660177833217e-02
3.842678442663173932e+00 1.801397785668672202e-02
3.723357018368714577e+00 1.703718962997304714e-02
9.107805885707478399e-01 2.668815467202982350e-01
