9.064311350419457583e-03 5.444994711760197781e+00
9.986017573309174250e-03 5.317150328587562313e+00
1.052198824628142355e-02 5.206351863171279071e+00
1.080165034018910376e-02 5.121122274389522389e+00
1.090024082772724813e-02 5.044415644485941819e+00
1.086681161541222865e-02 4.984754932338711697e+00
1.073560626336223130e-02 4.916571261313306351e+00
1.053161439204490860e-02 4.865433508044253230e+00
1.027363080872084264e-02 4.805772795897023109e+00
9.976091719065731736e-03 4.754635042627969099e+00
9.650250490270222831e-03 4.712020248237091202e+00
9.304969281471092701e-03 4.660882494968037193e+00
8.947273744499825016e-03 4.618267700577159296e+00
8.582754448829426480e-03 4.575652906186280511e+00
8.215865153559067519e-03 4.533038111795402614e+00
7.850149317004636793e-03 4.498946276282699941e+00
7.488415256047189529e-03 4.456331481891821156e+00
7.132873664957860987e-03 4.413716687500943259e+00
6.785246964412229749e-03 4.379624851988240586e+00
6.446857186347309393e-03 4.337010057597362689e+00
6.118697246879895198e-03 4.294395263206483904e+00
5.801489186670200950e-03 4.260303427693781231e+00
5.495732064838985444e-03 4.217688633302903334e+00
5.201741553290444887e-03 4.183596797790200661e+00
4.919682812678894540e-03 4.140982003399321876e+00
4.649597886646489840e-03 4.098367209008443979e+00
4.391428592163884072e-03 4.055752414617565194e+00
4.145035686857314987e-03 4.013137620226687297e+00
3.910214942494124810e-03 3.961999866957633287e+00
3.686710635629002284e-03 3.910862113688579278e+00
3.474226873429168798e-03 3.859724360419525269e+00
3.272437098845702459e-03 3.800063648272296035e+00
3.080992060140199090e-03 3.723357018368714577e+00
2.899526482015492984e-03 3.621081511830607447e+00
4.355492010804035835e-02 9.107805885707478399e-01
