1.178816010703388067e-02 5.385333999612967659e+00
1.298684140857264864e-02 5.257489616440333080e+00
1.368387264033624207e-02 5.163737068780401174e+00
1.404757390912590199e-02 5.078507479998644492e+00
1.417579109046493424e-02 5.010323808973239146e+00
1.413231631430300964e-02 4.950663096826009024e+00
1.396168341820400692e-02 4.891002384678779791e+00
1.369639146753521761e-02 4.839864631409725781e+00
1.336088315723543002e-02 4.788726878140671772e+00
1.297393280972852954e-02 4.746112083749793875e+00
1.255017545784361567e-02 4.703497289358915978e+00
1.210113636221656769e-02 4.660882494968037193e+00
1.163595240103305894e-02 4.618267700577159296e+00
1.116189412419915129e-02 4.584175865064456623e+00
1.068475365682060307e-02 4.541561070673577838e+00
1.020913927550503100e-02 4.507469235160875165e+00
9.738703203542807205e-03 4.473377399648172492e+00
9.276320454490763825e-03 4.439285564135469819e+00
8.824231040845214452e-03 4.405193728622767146e+00
8.384154268523359363e-03 4.371101893110064474e+00
7.957381427475993321e-03 4.337010057597362689e+00
7.544851533429437762e-03 4.302918222084660016e+00
7.147213614047351511e-03 4.268826386571957343e+00
6.764878201448949746e-03 4.234734551059254670e+00
6.398060087487823094e-03 4.200642715546551997e+00
6.046813950028186169e-03 4.175073838912024549e+00
5.711064121891477885e-03 4.140982003399321876e+00
5.390629518014299938e-03 4.106890167886619203e+00
5.085244539057452370e-03 4.064275373495741306e+00
4.794576616025905680e-03 4.030183537983038633e+00
4.518240939533433448e-03 3.996091702470335960e+00
4.255812821302245273e-03 3.953476908079458063e+00
4.006838058552802777e-03 3.919385072566755390e+00
3.770841609826389943e-03 3.868247319297701381e+00
3.547334840275937016e-03 3.825632524906822596e+00
3.335821553119607940e-03 3.774494771637768586e+00
3.135802989909008531e-03 3.706311100612363241e+00
2.946781954075896291e-03 3.621081511830607447e+00
4.367754372132287566e-02 9.107805885707478399e-01
