1.140084984141581485e-02 5.555793177176481024e+00
1.256014742496339848e-02 5.427948794003846444e+00
1.323427708862244881e-02 5.325673287465738426e+00
1.358602863550966572e-02 5.240443698683981744e+00
1.371003312970241542e-02 5.172260027658576398e+00
1.366798675516975835e-02 5.104076356633171052e+00
1.350296015146170044e-02 5.044415644485941819e+00
1.324638459885222469e-02 4.984754932338711697e+00
1.292189970625286059e-02 4.933617179069657688e+00
1.254766294937529475e-02 4.882479425800604567e+00
1.213782851430063314e-02 4.831341672531550557e+00
1.170354298919019584e-02 4.788726878140671772e+00
1.125364305214033786e-02 4.746112083749793875e+00
1.079516037280865877e-02 4.703497289358915978e+00
1.033369677098669795e-02 4.660882494968037193e+00
9.873709114341178497e-03 4.618267700577159296e+00
9.418729629185853408e-03 4.575652906186280511e+00
8.971538868003546899e-03 4.541561070673577838e+00
8.534303245729367438e-03 4.498946276282699941e+00
8.108685578987409256e-03 4.464854440769997268e+00
7.695934731272655038e-03 4.430762605257294595e+00
7.296958866132038576e-03 4.388147810866415810e+00
6.912385686860140870e-03 4.354055975353714025e+00
6.542612237185904331e-03 4.319964139841011352e+00
6.187846251789525312e-03 4.277349345450132567e+00
5.848140612046375322e-03 4.243257509937429894e+00
5.523422136888937739e-03 4.200642715546551997e+00
5.213515690961263195e-03 4.166550880033849324e+00
4.918164401421729233e-03 4.123936085642970539e+00
4.637046626119243828e-03 4.081321291252092642e+00
4.369790198915063373e-03 4.038706496861213857e+00
4.115984385034587162e-03 3.996091702470335960e+00
3.875189904926125157e-03 3.944953949201281951e+00
3.646947325031762999e-03 3.893816195932227942e+00
3.430784065027839540e-03 3.842678442663173932e+00
3.226220231109882663e-03 3.774494771637768586e+00
3.032773451972644533e-03 3.697788141734188017e+00
2.849962866874099568e-03 3.569943758561553437e+00
4.224247998731775477e-02 9.107805885707478399e-01
