4.367777751681578731e-03 5.564316136054657136e+00
4.811916062722479404e-03 5.427948794003846444e+00
5.070181769896545815e-03 5.317150328587562313e+00
5.204941248530531479e-03 5.214874822049455183e+00
5.252448590384651596e-03 5.129645233267698501e+00
5.236340210590413081e-03 5.044415644485941819e+00
5.173116894948347373e-03 4.967709014582360361e+00
5.074820276196117044e-03 4.899525343556955903e+00
4.950506921107117146e-03 4.831341672531550557e+00
4.807133137285023519e-03 4.763158001506145212e+00
4.650121532686098472e-03 4.703497289358915978e+00
4.483742474910598456e-03 4.643836577211685857e+00
4.311381382284780635e-03 4.584175865064456623e+00
4.135732156641827584e-03 4.524515152917226501e+00
3.958940910262383032e-03 4.464854440769997268e+00
3.782715113002435830e-03 4.405193728622767146e+00
3.608407995517746471e-03 4.345533016475537913e+00
3.437084814823431790e-03 4.285872304328308680e+00
3.269575545797339007e-03 4.226211592181078558e+00
3.106517229849262065e-03 4.158027921155673212e+00
2.948388318872190508e-03 4.089844250130267866e+00
2.795536739256728256e-03 4.021660579104862521e+00
2.648202970311250293e-03 3.936430990323106727e+00
2.506539123394983370e-03 3.842678442663173932e+00
2.370624783707893281e-03 3.723357018368714577e+00
3.713499836008081478e-02 9.107805885707478399e-01
