1.472244553799783098e-03 4.984754932338711697e+00
1.621950021142314503e-03 4.831341672531550557e+00
1.709003507477300588e-03 4.712020248237091202e+00
1.754426814195551377e-03 4.609744741698983184e+00
1.770440088974311287e-03 4.515992194039051277e+00
1.765010445853510161e-03 4.430762605257294595e+00
1.743699796040487898e-03 4.345533016475537913e+00
1.710567006360612851e-03 4.268826386571957343e+00
1.668664769021751702e-03 4.192119756668375885e+00
1.620337842976011600e-03 4.115413126764795315e+00
1.567414023840494296e-03 4.030183537983038633e+00
1.511332722180395993e-03 3.944953949201281951e+00
1.453235059173700215e-03 3.851201401541350045e+00
1.394029066897095473e-03 3.723357018368714577e+00
2.412323040825086265e-02 9.107805885707478399e-01
