2.568052792420220509e-03 4.959186055704185137e+00
2.829185728831710381e-03 4.822818713653374445e+00
2.981034107618703473e-03 4.720543207115267315e+00
3.060266494220302991e-03 4.626790659455334520e+00
3.088198630158759273e-03 4.550084029551753950e+00
3.078727642378752474e-03 4.481900358526348604e+00
3.041555235376550322e-03 4.413716687500943259e+00
2.983761336368079796e-03 4.354055975353714025e+00
2.910670790827266704e-03 4.294395263206483904e+00
2.826373588259570475e-03 4.234734551059254670e+00
2.734057973190233502e-03 4.175073838912024549e+00
2.636234725714759006e-03 4.115413126764795315e+00
2.534894316383739729e-03 4.055752414617565194e+00
2.431620635797502976e-03 3.996091702470335960e+00
2.327675499448614380e-03 3.936430990323106727e+00
2.224062821222105250e-03 3.868247319297701381e+00
2.121578238616467563e-03 3.783017730515944699e+00
2.020848073850423175e-03 3.689265182856011904e+00
3.338425844692479577e-02 9.107805885707478399e-01
