4.947977052731681973e-03 5.274535534196684416e+00
5.451113040001941482e-03 5.138168192145873725e+00
5.743685800168782038e-03 5.027369726729590482e+00
5.896346225178351018e-03 4.942140137947833800e+00
5.950164265082044830e-03 4.856910549166077118e+00
5.931916108213738069e-03 4.788726878140671772e+00
5.860294443197904858e-03 4.720543207115267315e+00
5.748940468339659715e-03 4.660882494968037193e+00
5.608113790953969495e-03 4.609744741698983184e+00
5.445694768593706964e-03 4.550084029551753950e+00
5.267826328225155147e-03 4.498946276282699941e+00
5.079346097148528145e-03 4.447808523013645932e+00
4.884089200030086557e-03 4.405193728622767146e+00
4.685107386572015704e-03 4.354055975353714025e+00
4.484831850603513727e-03 4.311441180962835240e+00
4.285196875905942192e-03 4.260303427693781231e+00
4.087735451246686177e-03 4.209165674424727221e+00
3.893654338408444795e-03 4.166550880033849324e+00
3.703893763035334338e-03 4.115413126764795315e+00
3.519175388741327577e-03 4.064275373495741306e+00
3.340041223183847895e-03 4.013137620226687297e+00
3.166885409997172423e-03 3.961999866957633287e+00
2.999980372863807285e-03 3.902339154810404054e+00
2.839498429048438466e-03 3.834155483784998708e+00
2.685529735552074412e-03 3.757448853881417250e+00
2.538097242929760518e-03 3.663696306221485344e+00
3.952977575453858750e-02 9.107805885707478399e-01
