5.095553397754995828e+00 3.139031462439384468e-02
4.925094220191482464e+00 3.458224473460911469e-02
4.797249837018847884e+00 3.643834691420475003e-02
4.686451371602564642e+00 3.740683539357197995e-02
4.584175865064456623e+00 3.774826082603481570e-02
4.498946276282699941e+00 3.763249323469258778e-02
4.405193728622767146e+00 3.717812035163145512e-02
4.328487098719186577e+00 3.647168289886530690e-02
4.243257509937429894e+00 3.557826854719520204e-02
4.158027921155673212e+00 3.454787083949759086e-02
4.072798332373916530e+00 3.341946093674013490e-02
3.979045784713984624e+00 3.222372908695166072e-02
3.876770278175876605e+00 3.098500559090251044e-02
3.748925895003241582e+00 2.972265096346280583e-02
9.107805885707477289e-01 5.143410381905335615e-01
