1.381145975794033321e-03 5.078507479998644492e+00
1.521588066913237905e-03 4.916571261313306351e+00
1.603254915005893890e-03 4.788726878140671772e+00
1.645867548293788486e-03 4.677928412724388529e+00
1.660889964211637645e-03 4.575652906186280511e+00
1.655796292968679225e-03 4.490423317404523829e+00
1.635804289496941861e-03 4.405193728622767146e+00
1.604721668735953040e-03 4.319964139841011352e+00
1.565412230417457000e-03 4.234734551059254670e+00
1.520075646044772005e-03 4.149504962277497988e+00
1.470426612102676209e-03 4.064275373495741306e+00
1.417815472258263099e-03 3.970522825835809400e+00
1.363312738145484610e-03 3.868247319297701381e+00
1.307770255230756868e-03 3.731879977246890689e+00
2.263054905892961446e-02 9.107805885707478399e-01
