5.496132465029251790e+00 3.139031462439384468e-02
5.308627369709387089e+00 3.458224473460911469e-02
5.163737068780401174e+00 3.643834691420475003e-02
5.044415644485941819e+00 3.740683539357197995e-02
4.942140137947833800e+00 3.774826082603481570e-02
4.839864631409725781e+00 3.763249323469258778e-02
4.754635042627969099e+00 3.717812035163145512e-02
4.669405453846213305e+00 3.647168289886530690e-02
4.584175865064456623e+00 3.557826854719520204e-02
4.507469235160875165e+00 3.454787083949759086e-02
4.430762605257294595e+00 3.341946093674013490e-02
4.345533016475537913e+00 3.222372908695166072e-02
4.268826386571957343e+00 3.098500559090251044e-02
4.183596797790200661e+00 2.972265096346280583e-02
4.098367209008443979e+00 2.845208886937435067e-02
4.004614661348511184e+00 2.718559054106662459e-02
3.902339154810403610e+00 2.593288136716027231e-02
3.765971812759592918e+00 2.470161712932766873e-02
9.107805885707477289e-01 4.080688602836043954e-01
