5.248966657562157856e+00 3.139031462439384468e-02
5.095553397754995828e+00 3.458224473460911469e-02
4.976231973460536473e+00 3.643834691420475003e-02
4.882479425800604567e+00 3.740683539357197995e-02
4.797249837018847884e+00 3.774826082603481570e-02
4.720543207115267315e+00 3.763249323469258778e-02
4.652359536089861969e+00 3.717812035163145512e-02
4.592698823942631847e+00 3.647168289886530690e-02
4.524515152917226501e+00 3.557826854719520204e-02
4.464854440769997268e+00 3.454787083949759086e-02
4.413716687500943259e+00 3.341946093674013490e-02
4.354055975353714025e+00 3.222372908695166072e-02
4.302918222084660016e+00 3.098500559090251044e-02
4.243257509937429894e+00 2.972265096346280583e-02
4.192119756668375885e+00 2.845208886937435067e-02
4.132459044521146652e+00 2.718559054106662459e-02
4.072798332373916530e+00 2.593288136716027231e-02
4.013137620226687297e+00 2.470161712932766873e-02
3.953476908079457619e+00 2.349776268522118725e-02
3.876770278175876605e+00 2.232589631959318657e-02
3.800063648272295591e+00 2.118945656716483827e-02
3.697788141734187572e+00 2.009094390288889212e-02
9.107805885707477289e-01 3.209648008087364057e-01
