5.351242164100264986e+00 3.139031462439384468e-02
5.223397780927630407e+00 3.458224473460911469e-02
5.121122274389522389e+00 3.643834691420475003e-02
5.035892685607765706e+00 3.740683539357197995e-02
4.967709014582360361e+00 3.774826082603481570e-02
4.899525343556955903e+00 3.763249323469258084e-02
4.839864631409725781e+00 3.717812035163145512e-02
4.788726878140671772e+00 3.647168289886530690e-02
4.737589124871617763e+00 3.557826854719520204e-02
4.694974330480739866e+00 3.454787083949759086e-02
4.643836577211685857e+00 3.341946093674013490e-02
4.601221782820807960e+00 3.222372908695166072e-02
4.558606988429929174e+00 3.098500559090251044e-02
4.515992194039051277e+00 2.972265096346280583e-02
4.481900358526348604e+00 2.845208886937435067e-02
4.439285564135469819e+00 2.718559054106662459e-02
4.405193728622767146e+00 2.593288136716027231e-02
4.362578934231889249e+00 2.470161712932766873e-02
4.328487098719186577e+00 2.349776268522118725e-02
4.294395263206483904e+00 2.232589631959318657e-02
4.251780468815606007e+00 2.118945656716483827e-02
4.217688633302903334e+00 2.009094390288889212e-02
4.183596797790200661e+00 1.903208660177833217e-02
4.140982003399321876e+00 1.801397785668672202e-02
4.106890167886619203e+00 1.703718962997304714e-02
4.064275373495741306e+00 1.610186752157360610e-02
4.030183537983038633e+00 1.520781003977805974e-02
3.987568743592160736e+00 1.435453497896124926e-02
3.944953949201281951e+00 1.354133508313531964e-02
3.893816195932227942e+00 1.276732476495724689e-02
3.842678442663173932e+00 1.203147932781667429e-02
3.791540689394119923e+00 1.133266788287801488e-02
3.723357018368714577e+00 1.066968094808269651e-02
3.629604470708782671e+00 1.004125355071969032e-02
9.107805885707478399e-01 1.508335926223955958e-01
