5.521701341663778351e+00 3.139031462439384468e-02
5.393856958491143772e+00 3.458224473460911469e-02
5.291581451953035753e+00 3.643834691420475003e-02
5.197828904293103847e+00 3.740683539357197995e-02
5.121122274389522389e+00 3.774826082603481570e-02
5.052938603364117043e+00 3.763249323469258084e-02
4.993277891216887809e+00 3.717812035163145512e-02
4.933617179069657688e+00 3.647168289886530690e-02
4.873956466922428454e+00 3.557826854719520204e-02
4.822818713653374445e+00 3.454787083949759086e-02
4.771680960384320436e+00 3.341946093674013490e-02
4.720543207115267315e+00 3.222372908695166072e-02
4.677928412724388529e+00 3.098500559090251044e-02
4.635313618333510632e+00 2.972265096346280583e-02
4.584175865064456623e+00 2.845208886937435067e-02
4.541561070673577838e+00 2.718559054106662459e-02
4.498946276282699941e+00 2.593288136716027231e-02
4.464854440769997268e+00 2.470161712932766873e-02
4.422239646379118483e+00 2.349776268522118725e-02
4.379624851988240586e+00 2.232589631959318657e-02
4.337010057597362689e+00 2.118945656716483827e-02
4.294395263206483904e+00 2.009094390288889212e-02
4.251780468815606007e+00 1.903208660177833217e-02
4.209165674424727221e+00 1.801397785668672202e-02
4.166550880033849324e+00 1.703718962997304714e-02
4.123936085642970539e+00 1.610186752157360610e-02
4.081321291252092642e+00 1.520781003977805974e-02
4.030183537983038633e+00 1.435453497896124926e-02
3.979045784713984624e+00 1.354133508313531964e-02
3.927908031444930614e+00 1.276732476495724689e-02
3.868247319297701381e+00 1.203147932781667429e-02
3.800063648272296035e+00 1.133266788287801488e-02
3.714834059490539353e+00 1.066968094808269651e-02
3.586989676317904774e+00 1.004125355071969032e-02
9.107805885707478399e-01 1.508335926223955958e-01
