5.641022765958237706e+00 3.139031462439384468e-02
5.521701341663778351e+00 3.458224473460911469e-02
5.419425835125670332e+00 3.643834691420475003e-02
5.325673287465738426e+00 3.740683539357197995e-02
5.248966657562157856e+00 3.774826082603481570e-02
5.172260027658576398e+00 3.763249323469258084e-02
5.112599315511347164e+00 3.717812035163145512e-02
5.044415644485941819e+00 3.647168289886530690e-02
4.984754932338711697e+00 3.557826854719520204e-02
4.933617179069657688e+00 3.454787083949759086e-02
4.873956466922428454e+00 3.341946093674013490e-02
4.822818713653374445e+00 3.222372908695166072e-02
4.771680960384320436e+00 3.098500559090251044e-02
4.720543207115267315e+00 2.972265096346280583e-02
4.677928412724388529e+00 2.845208886937435067e-02
4.626790659455334520e+00 2.718559054106662459e-02
4.584175865064456623e+00 2.593288136716027231e-02
4.533038111795402614e+00 2.470161712932766873e-02
4.490423317404523829e+00 2.349776268522118725e-02
4.447808523013645932e+00 2.232589631959318657e-02
4.396670769744591922e+00 2.118945656716483827e-02
4.354055975353714025e+00 2.009094390288889212e-02
4.302918222084660016e+00 1.903208660177833217e-02
4.260303427693781231e+00 1.801397785668672202e-02
4.209165674424727221e+00 1.703718962997304714e-02
4.158027921155673212e+00 1.610186752157360610e-02
4.106890167886619203e+00 1.520781003977805974e-02
4.055752414617565194e+00 1.435453497896124926e-02
3.996091702470335960e+00 1.354133508313531964e-02
3.927908031444930614e+00 1.276732476495724689e-02
3.859724360419525269e+00 1.203147932781667429e-02
3.774494771637768586e+00 1.133266788287801488e-02
3.655173347343309231e+00 1.066968094808269651e-02
9.107805885707478399e-01 1.608748461731152324e-01
