5.615453889323711145e+00 3.139031462439384468e-02
5.496132465029251790e+00 3.458224473460911469e-02
5.393856958491143772e+00 3.643834691420475003e-02
5.308627369709387089e+00 3.740683539357197995e-02
5.240443698683981744e+00 3.774826082603481570e-02
5.172260027658576398e+00 3.763249323469258084e-02
5.104076356633171052e+00 3.717812035163145512e-02
5.044415644485941819e+00 3.647168289886530690e-02
4.993277891216887809e+00 3.557826854719520204e-02
4.942140137947833800e+00 3.454787083949759086e-02
4.891002384678779791e+00 3.341946093674013490e-02
4.839864631409725781e+00 3.222372908695166072e-02
4.797249837018847884e+00 3.098500559090251044e-02
4.754635042627969099e+00 2.972265096346280583e-02
4.712020248237091202e+00 2.845208886937435067e-02
4.669405453846213305e+00 2.718559054106662459e-02
4.626790659455334520e+00 2.593288136716027231e-02
4.584175865064456623e+00 2.470161712932766873e-02
4.541561070673577838e+00 2.349776268522118725e-02
4.507469235160875165e+00 2.232589631959318657e-02
4.464854440769997268e+00 2.118945656716483827e-02
4.430762605257294595e+00 2.009094390288889212e-02
4.388147810866415810e+00 1.903208660177833217e-02
4.345533016475537913e+00 1.801397785668672202e-02
4.311441180962835240e+00 1.703718962997304714e-02
4.268826386571957343e+00 1.610186752157360610e-02
4.226211592181078558e+00 1.520781003977805974e-02
4.183596797790200661e+00 1.435453497896124926e-02
4.140982003399321876e+00 1.354133508313531964e-02
4.098367209008443979e+00 1.276732476495724689e-02
4.055752414617565194e+00 1.203147932781667429e-02
4.004614661348511184e+00 1.133266788287801488e-02
3.953476908079458063e+00 1.066968094808269651e-02
3.902339154810404054e+00 1.004125355071969032e-02
3.842678442663173932e+00 9.446084520678754010e-03
3.765971812759593362e+00 8.882852551415356193e-03
3.672219265099660568e+00 8.350229515004990721e-03
9.107805885707478399e-01 1.241544260352965834e-01
