1.221405448298096101e-02 5.666591642592764266e+00
1.345604293510497575e-02 5.555793177176481024e+00
1.417825720466005766e-02 5.453517670638373005e+00
1.455509863472135776e-02 5.368288081856616323e+00
1.468794817394629068e-02 5.300104410831210977e+00
1.464290269781975441e-02 5.223397780927630407e+00
1.446610500669419722e-02 5.163737068780401174e+00
1.419122832450258991e-02 5.104076356633171052e+00
1.384359843618360869e-02 5.044415644485941819e+00
1.344266796155953007e-02 4.993277891216887809e+00
1.300360068248535873e-02 4.942140137947833800e+00
1.253833825567927419e-02 4.891002384678779791e+00
1.205634766555198009e-02 4.848387590287901894e+00
1.156516213966974661e-02 4.797249837018847884e+00
1.107078306679651868e-02 4.754635042627969099e+00
1.057798521594179378e-02 4.712020248237091202e+00
1.009055276155244353e-02 4.669405453846213305e+00
9.611464588535323025e-03 4.626790659455334520e+00
9.143041638786717287e-03 4.584175865064456623e+00
8.687065335018475526e-03 4.541561070673577838e+00
8.244873620189390948e-03 4.498946276282699941e+00
7.817439435720141203e-03 4.456331481891821156e+00
7.405435257991504171e-03 4.413716687500943259e+00
7.009286451235528098e-03 4.379624851988240586e+00
6.629215567519574671e-03 4.337010057597362689e+00
6.265279260164133626e-03 4.294395263206483904e+00
5.917399128211539745e-03 4.251780468815606007e+00
5.585387544177068675e-03 4.209165674424727221e+00
5.268969312884359997e-03 4.158027921155673212e+00
4.967799849954870547e-03 4.115413126764795315e+00
4.681480443226035751e-03 4.064275373495741306e+00
4.409571060859459116e-03 4.013137620226687297e+00
4.151601090185712620e-03 3.953476908079458063e+00
3.907078326975661417e-03 3.893816195932227942e+00
3.675496482496353086e-03 3.825632524906822596e+00
3.456341432874971906e-03 3.740402936125065914e+00
3.249096400021702323e-03 3.621081511830607447e+00
4.830881569819961419e-02 9.107805885707478399e-01
