5.410902876247495108e+00 3.139031462439384468e-02
5.257489616440333080e+00 3.458224473460911469e-02
5.138168192145873725e+00 3.643834691420475003e-02
5.044415644485941819e+00 3.740683539357197995e-02
4.959186055704185137e+00 3.774826082603481570e-02
4.882479425800604567e+00 3.763249323469258778e-02
4.814295754775199221e+00 3.717812035163145512e-02
4.746112083749793875e+00 3.647168289886530690e-02
4.686451371602564642e+00 3.557826854719520204e-02
4.626790659455334520e+00 3.454787083949759086e-02
4.575652906186280511e+00 3.341946093674013490e-02
4.524515152917226501e+00 3.222372908695166072e-02
4.473377399648172492e+00 3.098500559090251044e-02
4.422239646379118483e+00 2.972265096346280583e-02
4.371101893110064474e+00 2.845208886937435067e-02
4.319964139841011352e+00 2.718559054106662459e-02
4.268826386571957343e+00 2.593288136716027231e-02
4.217688633302903334e+00 2.470161712932766873e-02
4.166550880033849324e+00 2.349776268522118725e-02
4.115413126764795315e+00 2.232589631959318657e-02
4.055752414617565194e+00 2.118945656716483827e-02
4.004614661348511184e+00 2.009094390288889212e-02
3.936430990323106283e+00 1.903208660177833217e-02
3.868247319297700937e+00 1.801397785668672202e-02
3.791540689394119923e+00 1.703718962997304714e-02
3.697788141734187572e+00 1.610186752157360610e-02
9.107805885707477289e-01 2.507796791987245699e-01
