4.788726878140671772e+00 3.139031462439384468e-02
4.626790659455334520e+00 3.458224473460911469e-02
4.498946276282699941e+00 3.643834691420475003e-02
4.396670769744591922e+00 3.740683539357197995e-02
4.294395263206483904e+00 3.774826082603481570e-02
4.192119756668375885e+00 3.763249323469258778e-02
4.098367209008443979e+00 3.717812035163145512e-02
3.996091702470335960e+00 3.647168289886530690e-02
3.885293237054052273e+00 3.557826854719520204e-02
3.757448853881417250e+00 3.454787083949759086e-02
9.107805885707477289e-01 6.406918847685902918e-01
