4.534692147767531607e-03 5.513178382785603127e+00
4.995803180906641279e-03 5.368288081856616323e+00
5.263938498439446959e-03 5.257489616440333080e+00
5.403847803431788797e-03 5.155214109902225061e+00
5.453170635845650677e-03 5.069984521120468379e+00
5.436446675168377096e-03 4.993277891216887809e+00
5.370807283858339623e-03 4.916571261313306351e+00
5.268754265012262628e-03 4.848387590287901894e+00
5.139690281624441359e-03 4.780203919262496548e+00
4.990837476226214417e-03 4.720543207115267315e+00
4.827825681450481979e-03 4.660882494968037193e+00
4.655088456769796400e-03 4.601221782820807960e+00
4.476140594092944090e-03 4.541561070673577838e+00
4.293778942569377415e-03 4.490423317404523829e+00
4.110231628047191291e-03 4.430762605257294595e+00
3.927271371252739028e-03 4.379624851988240586e+00
3.746303116479816550e-03 4.319964139841011352e+00
3.568432829484108858e-03 4.260303427693781231e+00
3.394522202589584509e-03 4.200642715546551997e+00
3.225232621709864765e-03 4.140982003399321876e+00
3.061060822751757778e-03 4.081321291252092642e+00
2.902368028094510014e-03 4.013137620226687297e+00
2.749403906950563786e-03 3.936430990323106727e+00
2.602326383606703986e-03 3.859724360419525269e+00
2.461218084607111074e-03 3.748925895003242026e+00
2.326100043537962948e-03 3.586989676317904774e+00
3.622801031750017692e-02 9.107805885707478399e-01
