5.291581451953035753e+00 3.139031462439384468e-02
5.112599315511347164e+00 3.458224473460911469e-02
4.959186055704185137e+00 3.643834691420475003e-02
4.839864631409725781e+00 3.740683539357197995e-02
4.729066165993442539e+00 3.774826082603481570e-02
4.626790659455334520e+00 3.763249323469258778e-02
4.524515152917226501e+00 3.717812035163145512e-02
4.430762605257294595e+00 3.647168289886530690e-02
4.337010057597362689e+00 3.557826854719520204e-02
4.243257509937429894e+00 3.454787083949759086e-02
4.149504962277497988e+00 3.341946093674013490e-02
4.047229455739389969e+00 3.222372908695166072e-02
3.927908031444930614e+00 3.098500559090251044e-02
3.783017730515944255e+00 2.972265096346280583e-02
9.107805885707477289e-01 5.143410381905335615e-01
