1.006377161582430214e-02 5.248966657562157856e+00
1.108710814580977401e-02 5.129645233267698501e+00
1.168217667744431143e-02 5.027369726729590482e+00
1.199267521769578453e-02 4.950663096826009024e+00
1.210213661103492176e-02 4.882479425800604567e+00
1.206502138572663509e-02 4.822818713653374445e+00
1.191934890750313662e-02 4.763158001506145212e+00
1.169286423315143812e-02 4.712020248237091202e+00
1.140643454612560136e-02 4.660882494968037193e+00
1.107608783479703020e-02 4.618267700577159296e+00
1.071431829899376076e-02 4.575652906186280511e+00
1.033096526816154083e-02 4.533038111795402614e+00
9.933829065209742043e-03 4.498946276282699941e+00
9.529116693870218896e-03 4.456331481891821156e+00
9.121772999114990607e-03 4.422239646379118483e+00
8.715732152426332313e-03 4.388147810866415810e+00
8.314112124781104091e-03 4.345533016475537913e+00
7.919367368745752755e-03 4.311441180962835240e+00
7.533410224666419949e-03 4.277349345450132567e+00
7.157708495994306863e-03 4.243257509937429894e+00
6.793364580986362838e-03 4.209165674424727221e+00
6.441180134839630256e-03 4.175073838912024549e+00
6.101709244546490128e-03 4.140982003399321876e+00
5.775302389015544123e-03 4.106890167886619203e+00
5.462142940048655797e-03 4.072798332373916530e+00
5.162277577155848993e-03 4.038706496861213857e+00
4.875641701858912137e-03 3.996091702470335960e+00
4.602080718469922158e-03 3.961999866957633287e+00
4.341367879891219403e-03 3.919385072566755390e+00
4.093219265783914346e-03 3.876770278175876605e+00
3.857306357215158077e-03 3.825632524906822596e+00
3.633266589900380292e-03 3.774494771637768586e+00
3.420712202475716980e-03 3.714834059490539353e+00
3.219237643209164543e-03 3.638127429586957895e+00
4.835742636891084828e-02 9.107805885707478399e-01
