4.993277891216887809e+00 3.139031462439384468e-02
4.839864631409725781e+00 3.458224473460911469e-02
4.712020248237091202e+00 3.643834691420475003e-02
4.609744741698983184e+00 3.740683539357197995e-02
4.515992194039051277e+00 3.774826082603481570e-02
4.430762605257294595e+00 3.763249323469258778e-02
4.354055975353714025e+00 3.717812035163145512e-02
4.268826386571957343e+00 3.647168289886530690e-02
4.192119756668375885e+00 3.557826854719520204e-02
4.115413126764795315e+00 3.454787083949759086e-02
4.038706496861213857e+00 3.341946093674013490e-02
3.953476908079457619e+00 3.222372908695166072e-02
3.851201401541349600e+00 3.098500559090251044e-02
3.731879977246890245e+00 2.972265096346280583e-02
9.107805885707477289e-01 5.143410381905335615e-01
