4.881002552431216827e-03 5.359765122978441099e+00
5.377328224905855887e-03 5.223397780927630407e+00
5.665940798070034055e-03 5.112599315511347164e+00
5.816534852202836885e-03 5.018846767851414370e+00
5.869624425444035405e-03 4.933617179069657688e+00
5.851623270769684693e-03 4.865433508044253230e+00
5.780971057546774837e-03 4.797249837018847884e+00
5.671124340451273553e-03 4.729066165993442539e+00
5.532203855484497772e-03 4.669405453846213305e+00
5.371983293777132275e-03 4.609744741698983184e+00
5.196522433271209135e-03 4.558606988429929174e+00
5.010593420431518411e-03 4.507469235160875165e+00
4.817979468697698719e-03 4.456331481891821156e+00
4.621691020100298850e-03 4.405193728622767146e+00
4.424126360475997589e-03 4.354055975353714025e+00
4.227193591655771868e-03 4.302918222084660016e+00
4.032404952279113053e-03 4.251780468815606007e+00
3.840950869722453871e-03 4.200642715546551997e+00
3.653758842985867315e-03 4.149504962277497988e+00
3.471540767436743450e-03 4.098367209008443979e+00
3.294831314261130809e-03 4.038706496861213857e+00
3.124019292069988435e-03 3.987568743592160736e+00
2.959373437091373030e-03 3.919385072566755390e+00
2.801063734149341483e-03 3.851201401541350045e+00
2.649179119903737317e-03 3.765971812759593362e+00
2.503742234257001591e-03 3.655173347343309231e+00
3.899471123222273544e-02 9.107805885707478399e-01
