5.453517670638373005e+00 3.139031462439384468e-02
5.291581451953035753e+00 3.458224473460911469e-02
5.163737068780401174e+00 3.643834691420475003e-02
5.044415644485941819e+00 3.740683539357197995e-02
4.942140137947833800e+00 3.774826082603481570e-02
4.839864631409725781e+00 3.763249323469258084e-02
4.754635042627969099e+00 3.717812035163145512e-02
4.660882494968037193e+00 3.647168289886530690e-02
4.584175865064456623e+00 3.557826854719520204e-02
4.498946276282699941e+00 3.454787083949759086e-02
4.413716687500943259e+00 3.341946093674013490e-02
4.328487098719186577e+00 3.222372908695166072e-02
4.243257509937429894e+00 3.098500559090251044e-02
4.158027921155673212e+00 2.972265096346280583e-02
4.064275373495741306e+00 2.845208886937435067e-02
3.953476908079458063e+00 2.718559054106662459e-02
3.825632524906822596e+00 2.593288136716027231e-02
3.604035594074256110e+00 2.470161712932766873e-02
9.107805885707478399e-01 4.080688602836043954e-01
