5.308627369709387089e+00 3.139031462439384468e-02
5.163737068780401174e+00 3.458224473460911469e-02
5.044415644485941819e+00 3.643834691420475003e-02
4.950663096826009024e+00 3.740683539357197995e-02
4.856910549166077118e+00 3.774826082603481570e-02
4.780203919262496548e+00 3.763249323469258084e-02
4.712020248237091202e+00 3.717812035163145512e-02
4.643836577211685857e+00 3.647168289886530690e-02
4.575652906186280511e+00 3.557826854719520204e-02
4.515992194039051277e+00 3.454787083949759086e-02
4.456331481891821156e+00 3.341946093674013490e-02
4.396670769744591922e+00 3.222372908695166072e-02
4.337010057597362689e+00 3.098500559090251044e-02
4.277349345450132567e+00 2.972265096346280583e-02
4.217688633302903334e+00 2.845208886937435067e-02
4.158027921155673212e+00 2.718559054106662459e-02
4.098367209008443979e+00 2.593288136716027231e-02
4.030183537983038633e+00 2.470161712932766873e-02
3.961999866957633287e+00 2.349776268522118725e-02
3.885293237054052717e+00 2.232589631959318657e-02
3.800063648272296035e+00 2.118945656716483827e-02
3.680742223977836680e+00 2.009094390288889212e-02
9.107805885707478399e-01 3.209648008087364057e-01
