5.444994711760197781e+00 3.139031462439384468e-02
5.300104410831210977e+00 3.458224473460911469e-02
5.189305945414927734e+00 3.643834691420475003e-02
5.087030438876819716e+00 3.740683539357197995e-02
5.010323808973239146e+00 3.774826082603481570e-02
4.925094220191482464e+00 3.763249323469258084e-02
4.856910549166077118e+00 3.717812035163145512e-02
4.788726878140671772e+00 3.647168289886530690e-02
4.729066165993442539e+00 3.557826854719520204e-02
4.669405453846213305e+00 3.454787083949759086e-02
4.609744741698983184e+00 3.341946093674013490e-02
4.558606988429929174e+00 3.222372908695166072e-02
4.498946276282699941e+00 3.098500559090251044e-02
4.447808523013645932e+00 2.972265096346280583e-02
4.396670769744591922e+00 2.845208886937435067e-02
4.345533016475537913e+00 2.718559054106662459e-02
4.285872304328308680e+00 2.593288136716027231e-02
4.234734551059254670e+00 2.470161712932766873e-02
4.183596797790200661e+00 2.349776268522118725e-02
4.123936085642970539e+00 2.232589631959318657e-02
4.064275373495741306e+00 2.118945656716483827e-02
4.004614661348511184e+00 2.009094390288889212e-02
3.936430990323106727e+00 1.903208660177833217e-02
3.859724360419525269e+00 1.801397785668672202e-02
3.765971812759593362e+00 1.703718962997304714e-02
3.638127429586957895e+00 1.610186752157360610e-02
9.107805885707478399e-01 2.507796791987245699e-01
