1.019749014505121239e-02 5.138168192145873725e+00
1.123442386910244138e-02 5.018846767851414370e+00
1.183739914702226607e-02 4.933617179069657688e+00
1.215202331827119030e-02 4.856910549166077118e+00
1.226293913814971957e-02 4.788726878140671772e+00
1.222533075843276924e-02 4.729066165993442539e+00
1.207772271268245205e-02 4.677928412724388529e+00
1.184822870955195770e-02 4.635313618333510632e+00
1.155799319724131434e-02 4.584175865064456623e+00
1.122325712990784874e-02 4.541561070673577838e+00
1.085668071929726114e-02 4.507469235160875165e+00
1.046823403119474458e-02 4.464854440769997268e+00
1.006582103232699088e-02 4.430762605257294595e+00
9.655731199621951644e-03 4.396670769744591922e+00
9.242975080794333526e-03 4.362578934231889249e+00
8.831539121130349904e-03 4.328487098719186577e+00
8.424582720457702081e-03 4.294395263206483904e+00
8.024592943945724199e-03 4.260303427693781231e+00
7.633507541433962214e-03 4.226211592181078558e+00
7.252813819252472601e-03 4.192119756668375885e+00
6.883628823354831505e-03 4.166550880033849324e+00
6.526764860625937706e-03 4.132459044521146652e+00
6.182783380277874150e-03 4.098367209008443979e+00
5.852039518074147670e-03 4.064275373495741306e+00
5.534719082299538288e-03 4.030183537983038633e+00
5.230869372700267320e-03 3.996091702470335960e+00
4.940424932470466844e-03 3.961999866957633287e+00
4.663229111790939858e-03 3.927908031444930614e+00
4.399052150748399524e-03 3.893816195932227942e+00
4.147606356520675691e-03 3.851201401541350045e+00
3.908558845104825874e-03 3.808586607150471259e+00
3.681542234781552160e-03 3.757448853881417250e+00
3.466163611955673605e-03 3.706311100612363241e+00
3.262012036281137714e-03 3.629604470708782671e+00
4.899995723885644527e-02 9.107805885707478399e-01
