7.038260973556008555e-04 5.044415644485941819e+00
7.753947878700568437e-04 4.856910549166077118e+00
8.170118652708300037e-04 4.703497289358915978e+00
8.387270814106893282e-04 4.575652906186280511e+00
8.463824404774481511e-04 4.447808523013645932e+00
8.437867273414176869e-04 4.337010057597362689e+00
8.335988876572432383e-04 4.217688633302903334e+00
8.177593167145601107e-04 4.089844250130267866e+00
7.977273946398193323e-04 3.961999866957633287e+00
7.746240646474086443e-04 3.791540689394119923e+00
1.436543960326070943e-02 9.107805885707478399e-01
