3.359181663796957651e-03 5.223397780927630407e+00
3.700760689896432070e-03 5.078507479998644492e+00
3.899388339298388590e-03 4.967709014582360361e+00
4.003029503154733118e-03 4.873956466922428454e+00
4.039566570909760082e-03 4.788726878140671772e+00
4.027177897054400220e-03 4.712020248237091202e+00
3.978553948057106902e-03 4.643836577211685857e+00
3.902955733564941916e-03 4.575652906186280511e+00
3.807348501072565713e-03 4.515992194039051277e+00
3.697082225390625840e-03 4.456331481891821156e+00
3.576327339689541491e-03 4.405193728622767146e+00
3.448368109185173322e-03 4.345533016475537913e+00
3.315808200046539613e-03 4.294395263206483904e+00
3.180719445172787777e-03 4.234734551059254670e+00
3.044752382075540439e-03 4.183596797790200661e+00
2.909220196030655372e-03 4.123936085642970539e+00
2.775163633125539171e-03 4.064275373495741306e+00
2.643401963944878863e-03 4.004614661348511184e+00
2.514573507686579824e-03 3.944953949201281951e+00
2.389168201784393989e-03 3.868247319297701381e+00
2.267554015241624553e-03 3.791540689394119923e+00
2.149998532174982220e-03 3.680742223977836680e+00
3.434750771064532665e-02 9.107805885707478399e-01
