4.959186055704185137e+00 3.139031462439384468e-02
4.780203919262496548e+00 3.458224473460911469e-02
4.643836577211685857e+00 3.643834691420475003e-02
4.515992194039051277e+00 3.740683539357197995e-02
4.396670769744591922e+00 3.774826082603481570e-02
4.285872304328308680e+00 3.763249323469258084e-02
4.175073838912024549e+00 3.717812035163145512e-02
4.064275373495741306e+00 3.647168289886530690e-02
3.936430990323106727e+00 3.557826854719520204e-02
3.783017730515944699e+00 3.454787083949759086e-02
9.107805885707478399e-01 6.406918847685902918e-01
