5.351242164100264986e+00 3.139031462439384468e-02
5.121122274389522389e+00 3.458224473460911469e-02
4.942140137947833800e+00 3.643834691420475003e-02
4.788726878140671772e+00 3.740683539357197995e-02
4.643836577211685857e+00 3.774826082603481570e-02
4.498946276282699941e+00 3.763249323469258778e-02
4.362578934231889249e+00 3.717812035163145512e-02
4.217688633302903334e+00 3.647168289886530690e-02
4.064275373495741306e+00 3.557826854719520204e-02
3.876770278175876605e+00 3.454787083949759086e-02
9.107805885707477289e-01 6.406918847685902918e-01
