5.146691151024049837e+00 3.139031462439384468e-02
5.027369726729590482e+00 3.458224473460911469e-02
4.933617179069657688e+00 3.643834691420475003e-02
4.856910549166077118e+00 3.740683539357197995e-02
4.797249837018847884e+00 3.774826082603481570e-02
4.737589124871617763e+00 3.763249323469258778e-02
4.686451371602564642e+00 3.717812035163145512e-02
4.635313618333510632e+00 3.647168289886530690e-02
4.592698823942631847e+00 3.557826854719520204e-02
4.550084029551753950e+00 3.454787083949759086e-02
4.507469235160875165e+00 3.341946093674013490e-02
4.464854440769997268e+00 3.222372908695166072e-02
4.430762605257294595e+00 3.098500559090251044e-02
4.396670769744591922e+00 2.972265096346280583e-02
4.362578934231889249e+00 2.845208886937435067e-02
4.328487098719186577e+00 2.718559054106662459e-02
4.294395263206483904e+00 2.593288136716027231e-02
4.260303427693781231e+00 2.470161712932766873e-02
4.226211592181078558e+00 2.349776268522118725e-02
4.200642715546551997e+00 2.232589631959318657e-02
4.166550880033849324e+00 2.118945656716483827e-02
4.132459044521146652e+00 2.009094390288889212e-02
4.098367209008443979e+00 1.903208660177833217e-02
4.064275373495741306e+00 1.801397785668672202e-02
4.038706496861213857e+00 1.703718962997304714e-02
4.004614661348511184e+00 1.610186752157360610e-02
3.961999866957633287e+00 1.520781003977805974e-02
3.927908031444930614e+00 1.435453497896124926e-02
3.893816195932227942e+00 1.354133508313531964e-02
3.851201401541349600e+00 1.276732476495724689e-02
3.808586607150471259e+00 1.203147932781667429e-02
3.757448853881417250e+00 1.133266788287801488e-02
3.706311100612363241e+00 1.066968094808269651e-02
3.629604470708782671e+00 1.004125355071969032e-02
9.107805885707477289e-01 1.508335926223955958e-01
