1.231030976133140825e-03 5.240443698683981744e+00
1.356208594973364436e-03 5.061461562242293155e+00
1.428999177205210599e-03 4.925094220191482464e+00
1.466980297572912815e-03 4.805772795897023109e+00
1.480369946209144499e-03 4.694974330480739866e+00
1.475829899615796036e-03 4.592698823942631847e+00
1.458010801576922278e-03 4.498946276282699941e+00
1.430306511337667849e-03 4.405193728622767146e+00
1.395269565878920525e-03 4.311441180962835240e+00
1.354860557205697213e-03 4.217688633302903334e+00
1.310607813622480028e-03 4.123936085642970539e+00
1.263714911660462382e-03 4.013137620226687297e+00
1.215136010405505791e-03 3.893816195932227942e+00
1.165630369323601831e-03 3.731879977246890689e+00
2.017086346171824071e-02 9.107805885707478399e-01
