5.317150328587562313e+00 3.139031462439384468e-02
5.180782986536752510e+00 3.458224473460911469e-02
5.078507479998644492e+00 3.643834691420475003e-02
4.993277891216887809e+00 3.740683539357197995e-02
4.916571261313306351e+00 3.774826082603481570e-02
4.848387590287901894e+00 3.763249323469258084e-02
4.788726878140671772e+00 3.717812035163145512e-02
4.729066165993442539e+00 3.647168289886530690e-02
4.677928412724388529e+00 3.557826854719520204e-02
4.626790659455334520e+00 3.454787083949759086e-02
4.584175865064456623e+00 3.341946093674013490e-02
4.533038111795402614e+00 3.222372908695166072e-02
4.490423317404523829e+00 3.098500559090251044e-02
4.447808523013645932e+00 2.972265096346280583e-02
4.405193728622767146e+00 2.845208886937435067e-02
4.362578934231889249e+00 2.718559054106662459e-02
4.319964139841011352e+00 2.593288136716027231e-02
4.277349345450132567e+00 2.470161712932766873e-02
4.234734551059254670e+00 2.349776268522118725e-02
4.192119756668375885e+00 2.232589631959318657e-02
4.158027921155673212e+00 2.118945656716483827e-02
4.115413126764795315e+00 2.009094390288889212e-02
4.064275373495741306e+00 1.903208660177833217e-02
4.021660579104862521e+00 1.801397785668672202e-02
3.979045784713984624e+00 1.703718962997304714e-02
3.927908031444930614e+00 1.610186752157360610e-02
3.868247319297701381e+00 1.520781003977805974e-02
3.808586607150471259e+00 1.435453497896124926e-02
3.740402936125065914e+00 1.354133508313531964e-02
3.646650388465134007e+00 1.276732476495724689e-02
9.107805885707478399e-01 1.949086743318926562e-01
