1.250000000000000000e+02 5.163737068780401174e+00
1.750000000000000000e+02 4.993277891216887809e+00
2.250000000000000000e+02 4.856910549166077118e+00
2.750000000000000000e+02 4.746112083749793875e+00
3.250000000000000000e+02 4.643836577211685857e+00
3.750000000000000000e+02 4.541561070673577838e+00
4.250000000000000000e+02 4.456331481891821156e+00
4.750000000000000000e+02 4.362578934231889249e+00
5.250000000000000000e+02 4.277349345450132567e+00
5.750000000000000000e+02 4.183596797790200661e+00
6.250000000000000000e+02 4.098367209008443979e+00
6.750000000000000000e+02 3.996091702470335960e+00
7.250000000000000000e+02 3.885293237054052717e+00
7.750000000000000000e+02 3.740402936125065914e+00
8.250000000000000000e+02 9.107805885707478399e-01
8.750000000000000000e+02 9.107805885707478399e-01
9.250000000000000000e+02 9.107805885707478399e-01
9.750000000000000000e+02 9.107805885707478399e-01
1.025000000000000000e+03 9.107805885707478399e-01
1.075000000000000000e+03 9.107805885707478399e-01
1.125000000000000000e+03 9.107805885707478399e-01
1.175000000000000000e+03 9.107805885707478399e-01
1.225000000000000000e+03 9.107805885707478399e-01
1.275000000000000000e+03 9.107805885707478399e-01
1.325000000000000000e+03 9.107805885707478399e-01
1.375000000000000000e+03 9.107805885707478399e-01
1.425000000000000000e+03 9.107805885707478399e-01
1.475000000000000000e+03 9.107805885707478399e-01
1.525000000000000000e+03 9.107805885707478399e-01
1.575000000000000000e+03 9.107805885707478399e-01
1.625000000000000000e+03 9.107805885707478399e-01
1.675000000000000000e+03 9.107805885707478399e-01
1.725000000000000000e+03 9.107805885707478399e-01
1.775000000000000000e+03 9.107805885707478399e-01
1.825000000000000000e+03 9.107805885707478399e-01
1.875000000000000000e+03 9.107805885707478399e-01
1.925000000000000000e+03 9.107805885707478399e-01
1.975000000000000000e+03 9.107805885707478399e-01
2.025000000000000000e+03 9.107805885707478399e-01
2.075000000000000000e+03 9.107805885707478399e-01
2.125000000000000000e+03 9.107805885707478399e-01
2.175000000000000000e+03 9.107805885707478399e-01
2.225000000000000000e+03 9.107805885707478399e-01
2.275000000000000000e+03 9.107805885707478399e-01
2.325000000000000000e+03 9.107805885707478399e-01
2.375000000000000000e+03 9.107805885707478399e-01
2.425000000000000000e+03 9.107805885707478399e-01
2.475000000000000000e+03 9.107805885707478399e-01
2.525000000000000000e+03 9.107805885707478399e-01
2.575000000000000000e+03 9.107805885707478399e-01
2.625000000000000000e+03 9.107805885707478399e-01
2.675000000000000000e+03 9.107805885707478399e-01
2.725000000000000000e+03 9.107805885707478399e-01
2.775000000000000000e+03 9.107805885707478399e-01
2.825000000000000000e+03 9.107805885707478399e-01
2.875000000000000000e+03 9.107805885707478399e-01
2.925000000000000000e+03 9.107805885707478399e-01
2.975000000000000000e+03 9.107805885707478399e-01
3.025000000000000000e+03 9.107805885707478399e-01
3.075000000000000000e+03 9.107805885707478399e-01
3.125000000000000000e+03 9.107805885707478399e-01
3.175000000000000000e+03 9.107805885707478399e-01
3.225000000000000000e+03 9.107805885707478399e-01
3.275000000000000000e+03 9.107805885707478399e-01
3.325000000000000000e+03 9.107805885707478399e-01
3.375000000000000000e+03 9.107805885707478399e-01
3.425000000000000000e+03 9.107805885707478399e-01
3.475000000000000000e+03 9.107805885707478399e-01
3.525000000000000000e+03 9.107805885707478399e-01
3.575000000000000000e+03 9.107805885707478399e-01
3.625000000000000000e+03 9.107805885707478399e-01
3.675000000000000000e+03 9.107805885707478399e-01
3.725000000000000000e+03 9.107805885707478399e-01
3.775000000000000000e+03 9.107805885707478399e-01
3.825000000000000000e+03 9.107805885707478399e-01
3.875000000000000000e+03 9.107805885707478399e-01
3.925000000000000000e+03 9.107805885707478399e-01
3.975000000000000000e+03 9.107805885707478399e-01
4.025000000000000000e+03 9.107805885707478399e-01
4.075000000000000000e+03 9.107805885707478399e-01
4.125000000000000000e+03 9.107805885707478399e-01
4.175000000000000000e+03 9.107805885707478399e-01
4.225000000000000000e+03 9.107805885707478399e-01
4.275000000000000000e+03 9.107805885707478399e-01
4.325000000000000000e+03 9.107805885707478399e-01
4.375000000000000000e+03 9.107805885707478399e-01
4.425000000000000000e+03 9.107805885707478399e-01
4.475000000000000000e+03 9.107805885707478399e-01
4.525000000000000000e+03 9.107805885707478399e-01
4.575000000000000000e+03 9.107805885707478399e-01
4.625000000000000000e+03 9.107805885707478399e-01
4.675000000000000000e+03 9.107805885707478399e-01
4.725000000000000000e+03 9.107805885707478399e-01
4.775000000000000000e+03 9.107805885707478399e-01
4.825000000000000000e+03 9.107805885707478399e-01
4.875000000000000000e+03 9.107805885707478399e-01
4.925000000000000000e+03 9.107805885707478399e-01
4.975000000000000000e+03 9.107805885707478399e-01
5.025000000000000000e+03 9.107805885707478399e-01
5.075000000000000000e+03 9.107805885707478399e-01
5.125000000000000000e+03 9.107805885707478399e-01
5.175000000000000000e+03 9.107805885707478399e-01
5.225000000000000000e+03 9.107805885707478399e-01
5.275000000000000000e+03 9.107805885707478399e-01
5.325000000000000000e+03 9.107805885707478399e-01
5.375000000000000000e+03 9.107805885707478399e-01
5.425000000000000000e+03 9.107805885707478399e-01
5.475000000000000000e+03 9.107805885707478399e-01
5.525000000000000000e+03 9.107805885707478399e-01
5.575000000000000000e+03 9.107805885707478399e-01
5.625000000000000000e+03 9.107805885707478399e-01
5.675000000000000000e+03 9.107805885707478399e-01
5.725000000000000000e+03 9.107805885707478399e-01
5.775000000000000000e+03 9.107805885707478399e-01
5.825000000000000000e+03 9.107805885707478399e-01
5.875000000000000000e+03 9.107805885707478399e-01
5.925000000000000000e+03 9.107805885707478399e-01
5.975000000000000000e+03 9.107805885707478399e-01
6.025000000000000000e+03 9.107805885707478399e-01
6.075000000000000000e+03 9.107805885707478399e-01
6.125000000000000000e+03 9.107805885707478399e-01
6.175000000000000000e+03 9.107805885707478399e-01
6.225000000000000000e+03 9.107805885707478399e-01
6.275000000000000000e+03 9.107805885707478399e-01
6.325000000000000000e+03 9.107805885707478399e-01
6.375000000000000000e+03 9.107805885707478399e-01
6.425000000000000000e+03 9.107805885707478399e-01
6.475000000000000000e+03 9.107805885707478399e-01
6.525000000000000000e+03 9.107805885707478399e-01
6.575000000000000000e+03 9.107805885707478399e-01
6.625000000000000000e+03 9.107805885707478399e-01
6.675000000000000000e+03 9.107805885707478399e-01
6.725000000000000000e+03 9.107805885707478399e-01
6.775000000000000000e+03 9.107805885707478399e-01
6.825000000000000000e+03 9.107805885707478399e-01
6.875000000000000000e+03 9.107805885707478399e-01
6.925000000000000000e+03 9.107805885707478399e-01
6.975000000000000000e+03 9.107805885707478399e-01
7.025000000000000000e+03 9.107805885707478399e-01
7.075000000000000000e+03 9.107805885707478399e-01
7.125000000000000000e+03 9.107805885707478399e-01
7.175000000000000000e+03 9.107805885707478399e-01
7.225000000000000000e+03 9.107805885707478399e-01
7.275000000000000000e+03 9.107805885707478399e-01
7.325000000000000000e+03 9.107805885707478399e-01
7.375000000000000000e+03 9.107805885707478399e-01
7.425000000000000000e+03 9.107805885707478399e-01
7.475000000000000000e+03 9.107805885707478399e-01
7.525000000000000000e+03 9.107805885707478399e-01
7.575000000000000000e+03 9.107805885707478399e-01
7.625000000000000000e+03 9.107805885707478399e-01
7.675000000000000000e+03 9.107805885707478399e-01
7.725000000000000000e+03 9.107805885707478399e-01
7.775000000000000000e+03 9.107805885707478399e-01
7.825000000000000000e+03 9.107805885707478399e-01
7.875000000000000000e+03 9.107805885707478399e-01
7.925000000000000000e+03 9.107805885707478399e-01
7.975000000000000000e+03 9.107805885707478399e-01
8.025000000000000000e+03 9.107805885707478399e-01
8.075000000000000000e+03 9.107805885707478399e-01
8.125000000000000000e+03 9.107805885707478399e-01
8.175000000000000000e+03 9.107805885707478399e-01
8.225000000000000000e+03 9.107805885707478399e-01
8.275000000000000000e+03 9.107805885707478399e-01
8.325000000000000000e+03 9.107805885707478399e-01
8.375000000000000000e+03 9.107805885707478399e-01
8.425000000000000000e+03 9.107805885707478399e-01
8.475000000000000000e+03 9.107805885707478399e-01
8.525000000000000000e+03 9.107805885707478399e-01
8.575000000000000000e+03 9.107805885707478399e-01
8.625000000000000000e+03 9.107805885707478399e-01
8.675000000000000000e+03 9.107805885707478399e-01
8.725000000000000000e+03 9.107805885707478399e-01
8.775000000000000000e+03 9.107805885707478399e-01
8.825000000000000000e+03 9.107805885707478399e-01
8.875000000000000000e+03 9.107805885707478399e-01
8.925000000000000000e+03 9.107805885707478399e-01
8.975000000000000000e+03 9.107805885707478399e-01
9.025000000000000000e+03 9.107805885707478399e-01
9.075000000000000000e+03 9.107805885707478399e-01
9.125000000000000000e+03 9.107805885707478399e-01
9.175000000000000000e+03 9.107805885707478399e-01
9.225000000000000000e+03 9.107805885707478399e-01
9.275000000000000000e+03 9.107805885707478399e-01
9.325000000000000000e+03 9.107805885707478399e-01
9.375000000000000000e+03 9.107805885707478399e-01
9.425000000000000000e+03 9.107805885707478399e-01
9.475000000000000000e+03 9.107805885707478399e-01
9.525000000000000000e+03 9.107805885707478399e-01
9.575000000000000000e+03 9.107805885707478399e-01
9.625000000000000000e+03 9.107805885707478399e-01
9.675000000000000000e+03 9.107805885707478399e-01
9.725000000000000000e+03 9.107805885707478399e-01
9.775000000000000000e+03 9.107805885707478399e-01
9.825000000000000000e+03 9.107805885707478399e-01
9.875000000000000000e+03 9.107805885707478399e-01
9.925000000000000000e+03 9.107805885707478399e-01
9.975000000000000000e+03 9.107805885707478399e-01
1.002500000000000000e+04 9.107805885707478399e-01
1.007500000000000000e+04 9.107805885707478399e-01
1.012500000000000000e+04 9.107805885707478399e-01
1.017500000000000000e+04 9.107805885707478399e-01
1.022500000000000000e+04 9.107805885707478399e-01
1.027500000000000000e+04 9.107805885707478399e-01
1.032500000000000000e+04 9.107805885707478399e-01
1.037500000000000000e+04 9.107805885707478399e-01
1.042500000000000000e+04 9.107805885707478399e-01
1.047500000000000000e+04 9.107805885707478399e-01
1.052500000000000000e+04 9.107805885707478399e-01
1.057500000000000000e+04 9.107805885707478399e-01
1.062500000000000000e+04 9.107805885707478399e-01
1.067500000000000000e+04 9.107805885707478399e-01
1.072500000000000000e+04 9.107805885707478399e-01
1.077500000000000000e+04 9.107805885707478399e-01
1.082500000000000000e+04 9.107805885707478399e-01
1.087500000000000000e+04 9.107805885707478399e-01
1.092500000000000000e+04 9.107805885707478399e-01
1.097500000000000000e+04 9.107805885707478399e-01
1.102500000000000000e+04 9.107805885707478399e-01
1.107500000000000000e+04 9.107805885707478399e-01
1.112500000000000000e+04 9.107805885707478399e-01
1.117500000000000000e+04 9.107805885707478399e-01
1.122500000000000000e+04 9.107805885707478399e-01
1.127500000000000000e+04 9.107805885707478399e-01
1.132500000000000000e+04 9.107805885707478399e-01
1.137500000000000000e+04 9.107805885707478399e-01
1.142500000000000000e+04 9.107805885707478399e-01
1.147500000000000000e+04 9.107805885707478399e-01
1.152500000000000000e+04 9.107805885707478399e-01
1.157500000000000000e+04 9.107805885707478399e-01
1.162500000000000000e+04 9.107805885707478399e-01
1.167500000000000000e+04 9.107805885707478399e-01
1.172500000000000000e+04 9.107805885707478399e-01
1.177500000000000000e+04 9.107805885707478399e-01
1.182500000000000000e+04 9.107805885707478399e-01
1.187500000000000000e+04 9.107805885707478399e-01
1.192500000000000000e+04 9.107805885707478399e-01
1.197500000000000000e+04 9.107805885707478399e-01
1.202500000000000000e+04 9.107805885707478399e-01
1.207500000000000000e+04 9.107805885707478399e-01
1.212500000000000000e+04 9.107805885707478399e-01
1.217500000000000000e+04 9.107805885707478399e-01
1.222500000000000000e+04 9.107805885707478399e-01
1.227500000000000000e+04 9.107805885707478399e-01
1.232500000000000000e+04 9.107805885707478399e-01
1.237500000000000000e+04 9.107805885707478399e-01
1.242500000000000000e+04 9.107805885707478399e-01
1.247500000000000000e+04 9.107805885707478399e-01
1.252500000000000000e+04 9.107805885707478399e-01
1.257500000000000000e+04 9.107805885707478399e-01
1.262500000000000000e+04 9.107805885707478399e-01
1.267500000000000000e+04 9.107805885707478399e-01
1.272500000000000000e+04 9.107805885707478399e-01
1.277500000000000000e+04 9.107805885707478399e-01
1.282500000000000000e+04 9.107805885707478399e-01
1.287500000000000000e+04 9.107805885707478399e-01
1.292500000000000000e+04 9.107805885707478399e-01
1.297500000000000000e+04 9.107805885707478399e-01
1.302500000000000000e+04 9.107805885707478399e-01
1.307500000000000000e+04 9.107805885707478399e-01
1.312500000000000000e+04 9.107805885707478399e-01
1.317500000000000000e+04 9.107805885707478399e-01
1.322500000000000000e+04 9.107805885707478399e-01
1.327500000000000000e+04 9.107805885707478399e-01
1.332500000000000000e+04 9.107805885707478399e-01
1.337500000000000000e+04 9.107805885707478399e-01
1.342500000000000000e+04 9.107805885707478399e-01
1.347500000000000000e+04 9.107805885707478399e-01
1.352500000000000000e+04 9.107805885707478399e-01
1.357500000000000000e+04 9.107805885707478399e-01
1.362500000000000000e+04 9.107805885707478399e-01
1.367500000000000000e+04 9.107805885707478399e-01
1.372500000000000000e+04 9.107805885707478399e-01
1.377500000000000000e+04 9.107805885707478399e-01
1.382500000000000000e+04 9.107805885707478399e-01
1.387500000000000000e+04 9.107805885707478399e-01
1.392500000000000000e+04 9.107805885707478399e-01
1.397500000000000000e+04 9.107805885707478399e-01
1.402500000000000000e+04 9.107805885707478399e-01
1.407500000000000000e+04 9.107805885707478399e-01
1.412500000000000000e+04 9.107805885707478399e-01
1.417500000000000000e+04 9.107805885707478399e-01
1.422500000000000000e+04 9.107805885707478399e-01
1.427500000000000000e+04 9.107805885707478399e-01
1.432500000000000000e+04 9.107805885707478399e-01
1.437500000000000000e+04 9.107805885707478399e-01
1.442500000000000000e+04 9.107805885707478399e-01
1.447500000000000000e+04 9.107805885707478399e-01
1.452500000000000000e+04 9.107805885707478399e-01
1.457500000000000000e+04 9.107805885707478399e-01
1.462500000000000000e+04 9.107805885707478399e-01
1.467500000000000000e+04 9.107805885707478399e-01
1.472500000000000000e+04 9.107805885707478399e-01
1.477500000000000000e+04 9.107805885707478399e-01
1.482500000000000000e+04 9.107805885707478399e-01
1.487500000000000000e+04 9.107805885707478399e-01
1.492500000000000000e+04 9.107805885707478399e-01
1.497500000000000000e+04 9.107805885707478399e-01
1.502500000000000000e+04 9.107805885707478399e-01
1.507500000000000000e+04 9.107805885707478399e-01
1.512500000000000000e+04 9.107805885707478399e-01
1.517500000000000000e+04 9.107805885707478399e-01
1.522500000000000000e+04 9.107805885707478399e-01
1.527500000000000000e+04 9.107805885707478399e-01
1.532500000000000000e+04 9.107805885707478399e-01
1.537500000000000000e+04 9.107805885707478399e-01
1.542500000000000000e+04 9.107805885707478399e-01
1.547500000000000000e+04 9.107805885707478399e-01
1.552500000000000000e+04 9.107805885707478399e-01
1.557500000000000000e+04 9.107805885707478399e-01
1.562500000000000000e+04 9.107805885707478399e-01
1.567500000000000000e+04 9.107805885707478399e-01
1.572500000000000000e+04 9.107805885707478399e-01
1.577500000000000000e+04 9.107805885707478399e-01
1.582500000000000000e+04 9.107805885707478399e-01
1.587500000000000000e+04 9.107805885707478399e-01
1.592500000000000000e+04 9.107805885707478399e-01
1.597500000000000000e+04 9.107805885707478399e-01
1.602500000000000000e+04 9.107805885707478399e-01
1.607500000000000000e+04 9.107805885707478399e-01
1.612500000000000000e+04 9.107805885707478399e-01
1.617500000000000000e+04 9.107805885707478399e-01
1.622500000000000000e+04 9.107805885707478399e-01
1.627500000000000000e+04 9.107805885707478399e-01
1.632500000000000000e+04 9.107805885707478399e-01
1.637500000000000000e+04 9.107805885707478399e-01
1.642500000000000000e+04 9.107805885707478399e-01
1.647500000000000000e+04 9.107805885707478399e-01
1.652500000000000000e+04 9.107805885707478399e-01
1.657500000000000000e+04 9.107805885707478399e-01
1.662500000000000000e+04 9.107805885707478399e-01
1.667500000000000000e+04 9.107805885707478399e-01
1.672500000000000000e+04 9.107805885707478399e-01
1.677500000000000000e+04 9.107805885707478399e-01
1.682500000000000000e+04 9.107805885707478399e-01
1.687500000000000000e+04 9.107805885707478399e-01
1.692500000000000000e+04 9.107805885707478399e-01
1.697500000000000000e+04 9.107805885707478399e-01
1.702500000000000000e+04 9.107805885707478399e-01
1.707500000000000000e+04 9.107805885707478399e-01
1.712500000000000000e+04 9.107805885707478399e-01
1.717500000000000000e+04 9.107805885707478399e-01
1.722500000000000000e+04 9.107805885707478399e-01
1.727500000000000000e+04 9.107805885707478399e-01
1.732500000000000000e+04 9.107805885707478399e-01
1.737500000000000000e+04 9.107805885707478399e-01
1.742500000000000000e+04 9.107805885707478399e-01
1.747500000000000000e+04 9.107805885707478399e-01
1.752500000000000000e+04 9.107805885707478399e-01
1.757500000000000000e+04 9.107805885707478399e-01
1.762500000000000000e+04 9.107805885707478399e-01
1.767500000000000000e+04 9.107805885707478399e-01
1.772500000000000000e+04 9.107805885707478399e-01
1.777500000000000000e+04 9.107805885707478399e-01
1.782500000000000000e+04 9.107805885707478399e-01
1.787500000000000000e+04 9.107805885707478399e-01
1.792500000000000000e+04 9.107805885707478399e-01
1.797500000000000000e+04 9.107805885707478399e-01
1.802500000000000000e+04 9.107805885707478399e-01
1.807500000000000000e+04 9.107805885707478399e-01
1.812500000000000000e+04 9.107805885707478399e-01
1.817500000000000000e+04 9.107805885707478399e-01
1.822500000000000000e+04 9.107805885707478399e-01
1.827500000000000000e+04 9.107805885707478399e-01
1.832500000000000000e+04 9.107805885707478399e-01
1.837500000000000000e+04 9.107805885707478399e-01
1.842500000000000000e+04 9.107805885707478399e-01
1.847500000000000000e+04 9.107805885707478399e-01
1.852500000000000000e+04 9.107805885707478399e-01
1.857500000000000000e+04 9.107805885707478399e-01
1.862500000000000000e+04 9.107805885707478399e-01
1.867500000000000000e+04 9.107805885707478399e-01
1.872500000000000000e+04 9.107805885707478399e-01
1.877500000000000000e+04 9.107805885707478399e-01
1.882500000000000000e+04 9.107805885707478399e-01
1.887500000000000000e+04 9.107805885707478399e-01
1.892500000000000000e+04 9.107805885707478399e-01
1.897500000000000000e+04 9.107805885707478399e-01
1.902500000000000000e+04 9.107805885707478399e-01
1.907500000000000000e+04 9.107805885707478399e-01
1.912500000000000000e+04 9.107805885707478399e-01
1.917500000000000000e+04 9.107805885707478399e-01
1.922500000000000000e+04 9.107805885707478399e-01
1.927500000000000000e+04 9.107805885707478399e-01
1.932500000000000000e+04 9.107805885707478399e-01
1.937500000000000000e+04 9.107805885707478399e-01
1.942500000000000000e+04 9.107805885707478399e-01
1.947500000000000000e+04 9.107805885707478399e-01
1.952500000000000000e+04 9.107805885707478399e-01
1.957500000000000000e+04 9.107805885707478399e-01
1.962500000000000000e+04 9.107805885707478399e-01
1.967500000000000000e+04 9.107805885707478399e-01
1.972500000000000000e+04 9.107805885707478399e-01
1.977500000000000000e+04 9.107805885707478399e-01
1.982500000000000000e+04 9.107805885707478399e-01
1.987500000000000000e+04 9.107805885707478399e-01
1.992500000000000000e+04 9.107805885707478399e-01
