1.225000000000000000e+03 1.180343504211124127e+03
1.275000000000000000e+03 1.230343504211124127e+03
1.325000000000000000e+03 1.280343504211123673e+03
1.375000000000000000e+03 1.330343504211123673e+03
1.425000000000000000e+03 1.380343504211123673e+03
1.475000000000000000e+03 1.430343504211123218e+03
1.525000000000000000e+03 1.480343504211122763e+03
1.575000000000000000e+03 1.530343504211123218e+03
1.625000000000000000e+03 1.580343504211123673e+03
1.675000000000000000e+03 1.630343504211124127e+03
1.725000000000000000e+03 1.680343504211124127e+03
1.775000000000000000e+03 1.730343504211124127e+03
1.825000000000000000e+03 1.780343504211124127e+03
1.875000000000000000e+03 1.830343504211124127e+03
1.925000000000000000e+03 1.880343504211124127e+03
1.975000000000000000e+03 1.930343504211124127e+03
2.025000000000000000e+03 1.980343504211124127e+03
2.075000000000000000e+03 2.030343504211124127e+03
2.125000000000000000e+03 2.080343504211125946e+03
2.175000000000000000e+03 2.130343504211125946e+03
2.225000000000000000e+03 2.180343504211125946e+03
2.275000000000000000e+03 2.230343504211125946e+03
2.325000000000000000e+03 2.280343504211125946e+03
2.375000000000000000e+03 2.330343504211126856e+03
2.425000000000000000e+03 2.380343504211125946e+03
2.475000000000000000e+03 2.430343504211127765e+03
2.525000000000000000e+03 2.480343504211127765e+03
2.575000000000000000e+03 2.530343504211127765e+03
2.625000000000000000e+03 2.580343504211127765e+03
2.675000000000000000e+03 2.630343504211126856e+03
2.725000000000000000e+03 2.680343504211126856e+03
2.775000000000000000e+03 2.730343504211126856e+03
2.825000000000000000e+03 2.780343504211126856e+03
2.875000000000000000e+03 2.830343504211127765e+03
2.925000000000000000e+03 2.880343504211126856e+03
2.975000000000000000e+03 2.930343504211125946e+03
3.025000000000000000e+03 2.980343504211125946e+03
3.075000000000000000e+03 3.030343504211126856e+03
3.125000000000000000e+03 3.080343504211127765e+03
3.175000000000000000e+03 3.130343504211127765e+03
3.225000000000000000e+03 3.180343504211127765e+03
3.275000000000000000e+03 3.230343504211128675e+03
3.325000000000000000e+03 3.280343504211128675e+03
3.375000000000000000e+03 3.330343504211128675e+03
3.425000000000000000e+03 3.380343504211128675e+03
3.475000000000000000e+03 3.430343504211128675e+03
3.525000000000000000e+03 3.480343504211128675e+03
3.575000000000000000e+03 3.530343504211128675e+03
3.625000000000000000e+03 3.580343504211128675e+03
3.675000000000000000e+03 3.630343504211128675e+03
3.725000000000000000e+03 3.680343504211128675e+03
3.775000000000000000e+03 3.730343504211128675e+03
3.825000000000000000e+03 3.780343504211128675e+03
3.875000000000000000e+03 3.830343504211128675e+03
3.925000000000000000e+03 3.880343504211128675e+03
3.975000000000000000e+03 3.930343504211128675e+03
4.025000000000000000e+03 3.980343504211128675e+03
4.075000000000000000e+03 4.030343504211128675e+03
4.125000000000000000e+03 4.080343504211128675e+03
4.175000000000000000e+03 4.130343504211126856e+03
4.225000000000000000e+03 4.180343504211128675e+03
4.275000000000000000e+03 4.230343504211130494e+03
4.325000000000000000e+03 4.280343504211130494e+03
4.375000000000000000e+03 4.330343504211130494e+03
4.425000000000000000e+03 4.380343504211130494e+03
4.475000000000000000e+03 4.430343504211130494e+03
4.525000000000000000e+03 4.480343504211130494e+03
4.575000000000000000e+03 4.530343504211134132e+03
4.625000000000000000e+03 4.580343504211132313e+03
4.675000000000000000e+03 4.630343504211134132e+03
4.725000000000000000e+03 4.680343504211132313e+03
4.775000000000000000e+03 4.730343504211134132e+03
4.825000000000000000e+03 4.780343504211132313e+03
4.875000000000000000e+03 4.830343504211132313e+03
4.925000000000000000e+03 4.880343504211134132e+03
4.975000000000000000e+03 4.930343504211135951e+03
5.025000000000000000e+03 4.980343504211137770e+03
5.075000000000000000e+03 5.030343504211137770e+03
5.125000000000000000e+03 5.080343504211137770e+03
5.175000000000000000e+03 5.130343504211139589e+03
5.225000000000000000e+03 5.180343504211137770e+03
5.275000000000000000e+03 5.230343504211137770e+03
5.325000000000000000e+03 5.280343504211137770e+03
5.375000000000000000e+03 5.330343504211137770e+03
5.425000000000000000e+03 5.380343504211137770e+03
5.475000000000000000e+03 5.430343504211137770e+03
5.525000000000000000e+03 5.480343504211137770e+03
5.575000000000000000e+03 5.530343504211137770e+03
5.625000000000000000e+03 5.580343504211137770e+03
5.675000000000000000e+03 5.630343504211137770e+03
5.725000000000000000e+03 5.680343504211137770e+03
5.775000000000000000e+03 5.730343504211137770e+03
5.825000000000000000e+03 5.780343504211137770e+03
5.875000000000000000e+03 5.830343504211137770e+03
5.925000000000000000e+03 5.880343504211137770e+03
5.975000000000000000e+03 5.930343504211137770e+03
6.025000000000000000e+03 5.980343504211137770e+03
6.075000000000000000e+03 6.030343504211137770e+03
6.125000000000000000e+03 6.080343504211137770e+03
6.175000000000000000e+03 6.130343504211137770e+03
6.225000000000000000e+03 6.180343504211137770e+03
6.275000000000000000e+03 6.230343504211137770e+03
6.325000000000000000e+03 6.280343504211137770e+03
6.375000000000000000e+03 6.330343504211137770e+03
6.425000000000000000e+03 6.380343504211137770e+03
6.475000000000000000e+03 6.430343504211137770e+03
6.525000000000000000e+03 6.480343504211137770e+03
6.575000000000000000e+03 6.530343504211137770e+03
6.625000000000000000e+03 6.580343504211137770e+03
6.675000000000000000e+03 6.630343504211137770e+03
6.725000000000000000e+03 6.680343504211137770e+03
6.775000000000000000e+03 6.730343504211137770e+03
6.825000000000000000e+03 6.780343504211137770e+03
6.875000000000000000e+03 6.830343504211137770e+03
6.925000000000000000e+03 6.880343504211137770e+03
6.975000000000000000e+03 6.930343504211137770e+03
7.025000000000000000e+03 6.980343504211137770e+03
7.075000000000000000e+03 7.030343504211137770e+03
7.125000000000000000e+03 7.080343504211137770e+03
7.175000000000000000e+03 7.130343504211137770e+03
7.225000000000000000e+03 7.180343504211137770e+03
7.275000000000000000e+03 7.230343504211137770e+03
7.325000000000000000e+03 7.280343504211137770e+03
7.375000000000000000e+03 7.330343504211137770e+03
7.425000000000000000e+03 7.380343504211137770e+03
7.475000000000000000e+03 7.430343504211137770e+03
7.525000000000000000e+03 7.480343504211137770e+03
7.575000000000000000e+03 7.530343504211137770e+03
7.625000000000000000e+03 7.580343504211137770e+03
7.675000000000000000e+03 7.630343504211137770e+03
7.725000000000000000e+03 7.680343504211137770e+03
7.775000000000000000e+03 7.730343504211137770e+03
7.825000000000000000e+03 7.780343504211137770e+03
7.875000000000000000e+03 7.830343504211137770e+03
7.925000000000000000e+03 7.880343504211137770e+03
7.975000000000000000e+03 7.930343504211137770e+03
8.025000000000000000e+03 7.980343504211137770e+03
8.075000000000000000e+03 8.030343504211137770e+03
8.125000000000000000e+03 8.080343504211137770e+03
8.175000000000000000e+03 8.130343504211137770e+03
8.225000000000000000e+03 8.180343504211137770e+03
8.275000000000000000e+03 8.230343504211139589e+03
8.325000000000000000e+03 8.280343504211137770e+03
8.375000000000000000e+03 8.330343504211137770e+03
8.425000000000000000e+03 8.380343504211139589e+03
8.475000000000000000e+03 8.430343504211134132e+03
8.525000000000000000e+03 8.480343504211135951e+03
8.575000000000000000e+03 8.530343504211130494e+03
8.625000000000000000e+03 8.580343504211132313e+03
8.675000000000000000e+03 8.630343504211128675e+03
8.725000000000000000e+03 8.680343504211121399e+03
8.775000000000000000e+03 8.730343504211123218e+03
8.825000000000000000e+03 8.780343504211128675e+03
8.875000000000000000e+03 8.830343504211125037e+03
8.925000000000000000e+03 8.880343504211121399e+03
8.975000000000000000e+03 8.930343504211125037e+03
9.025000000000000000e+03 8.980343504211125037e+03
9.075000000000000000e+03 9.030343504211121399e+03
9.125000000000000000e+03 9.080343504211114123e+03
9.175000000000000000e+03 9.130343504211114123e+03
9.225000000000000000e+03 9.180343504211117761e+03
9.275000000000000000e+03 9.230343504211117761e+03
9.325000000000000000e+03 9.280343504211117761e+03
9.375000000000000000e+03 9.330343504211117761e+03
9.425000000000000000e+03 9.380343504211117761e+03
9.475000000000000000e+03 9.430343504211117761e+03
9.525000000000000000e+03 9.480343504211117761e+03
9.575000000000000000e+03 9.530343504211117761e+03
9.625000000000000000e+03 9.580343504211117761e+03
9.675000000000000000e+03 9.630343504211117761e+03
9.725000000000000000e+03 9.680343504211117761e+03
9.775000000000000000e+03 9.730343504211117761e+03
9.825000000000000000e+03 9.780343504211117761e+03
9.875000000000000000e+03 9.830343504211117761e+03
9.925000000000000000e+03 9.880343504211117761e+03
9.975000000000000000e+03 9.930343504211117761e+03
1.002500000000000000e+04 9.980343504211117761e+03
1.007500000000000000e+04 1.003034350421111776e+04
1.012500000000000000e+04 1.008034350421111776e+04
1.017500000000000000e+04 1.013034350421111776e+04
1.022500000000000000e+04 1.018034350421111776e+04
1.027500000000000000e+04 1.023034350421111776e+04
1.032500000000000000e+04 1.028034350421111776e+04
1.037500000000000000e+04 1.033034350421111776e+04
1.042500000000000000e+04 1.038034350421111776e+04
1.047500000000000000e+04 1.043034350421111776e+04
1.052500000000000000e+04 1.048034350421111776e+04
1.057500000000000000e+04 1.053034350421111776e+04
1.062500000000000000e+04 1.058034350421111776e+04
1.067500000000000000e+04 1.063034350421111776e+04
1.072500000000000000e+04 1.068034350421111776e+04
1.077500000000000000e+04 1.073034350421111776e+04
1.082500000000000000e+04 1.078034350421111776e+04
1.087500000000000000e+04 1.083034350421111776e+04
1.092500000000000000e+04 1.088034350421111776e+04
1.097500000000000000e+04 1.093034350421111776e+04
1.102500000000000000e+04 1.098034350421111776e+04
1.107500000000000000e+04 1.103034350421111776e+04
1.112500000000000000e+04 1.108034350421111776e+04
1.117500000000000000e+04 1.113034350421111776e+04
1.122500000000000000e+04 1.118034350421111776e+04
1.127500000000000000e+04 1.123034350421111776e+04
1.132500000000000000e+04 1.128034350421111776e+04
1.137500000000000000e+04 1.133034350421111776e+04
1.142500000000000000e+04 1.138034350421111776e+04
1.147500000000000000e+04 1.143034350421111776e+04
1.152500000000000000e+04 1.148034350421111776e+04
1.157500000000000000e+04 1.153034350421111776e+04
1.162500000000000000e+04 1.158034350421111776e+04
1.167500000000000000e+04 1.163034350421111776e+04
1.172500000000000000e+04 1.168034350421111776e+04
1.177500000000000000e+04 1.173034350421111776e+04
1.182500000000000000e+04 1.178034350421111776e+04
1.187500000000000000e+04 1.183034350421111776e+04
1.192500000000000000e+04 1.188034350421111776e+04
1.197500000000000000e+04 1.193034350421111776e+04
1.202500000000000000e+04 1.198034350421111776e+04
1.207500000000000000e+04 1.203034350421111776e+04
1.212500000000000000e+04 1.208034350421111776e+04
1.217500000000000000e+04 1.213034350421111776e+04
1.222500000000000000e+04 1.218034350421111776e+04
1.227500000000000000e+04 1.223034350421111776e+04
1.232500000000000000e+04 1.228034350421111776e+04
1.237500000000000000e+04 1.233034350421111776e+04
1.242500000000000000e+04 1.238034350421111776e+04
1.247500000000000000e+04 1.243034350421111776e+04
1.252500000000000000e+04 1.248034350421111776e+04
1.257500000000000000e+04 1.253034350421111776e+04
1.262500000000000000e+04 1.258034350421111776e+04
1.267500000000000000e+04 1.263034350421111776e+04
1.272500000000000000e+04 1.268034350421111776e+04
1.277500000000000000e+04 1.273034350421111776e+04
1.282500000000000000e+04 1.278034350421111776e+04
1.287500000000000000e+04 1.283034350421111776e+04
1.292500000000000000e+04 1.288034350421111776e+04
1.297500000000000000e+04 1.293034350421111776e+04
1.302500000000000000e+04 1.298034350421111776e+04
1.307500000000000000e+04 1.303034350421111776e+04
1.312500000000000000e+04 1.308034350421111776e+04
1.317500000000000000e+04 1.313034350421111776e+04
1.322500000000000000e+04 1.318034350421111776e+04
1.327500000000000000e+04 1.323034350421111776e+04
1.332500000000000000e+04 1.328034350421111776e+04
1.337500000000000000e+04 1.333034350421111776e+04
1.342500000000000000e+04 1.338034350421111776e+04
1.347500000000000000e+04 1.343034350421111776e+04
1.352500000000000000e+04 1.348034350421111776e+04
1.357500000000000000e+04 1.353034350421111776e+04
1.362500000000000000e+04 1.358034350421111776e+04
1.367500000000000000e+04 1.363034350421111776e+04
1.372500000000000000e+04 1.368034350421111776e+04
1.377500000000000000e+04 1.373034350421111776e+04
1.382500000000000000e+04 1.378034350421111776e+04
1.387500000000000000e+04 1.383034350421111776e+04
1.392500000000000000e+04 1.388034350421111776e+04
1.397500000000000000e+04 1.393034350421111776e+04
1.402500000000000000e+04 1.398034350421111776e+04
1.407500000000000000e+04 1.403034350421111776e+04
1.412500000000000000e+04 1.408034350421111776e+04
1.417500000000000000e+04 1.413034350421111776e+04
1.422500000000000000e+04 1.418034350421111776e+04
1.427500000000000000e+04 1.423034350421111776e+04
1.432500000000000000e+04 1.428034350421111776e+04
1.437500000000000000e+04 1.433034350421111776e+04
1.442500000000000000e+04 1.438034350421111776e+04
1.447500000000000000e+04 1.443034350421111776e+04
1.452500000000000000e+04 1.448034350421111776e+04
1.457500000000000000e+04 1.453034350421111776e+04
1.462500000000000000e+04 1.458034350421111776e+04
1.467500000000000000e+04 1.463034350421111776e+04
1.472500000000000000e+04 1.468034350421111776e+04
1.477500000000000000e+04 1.473034350421111776e+04
1.482500000000000000e+04 1.478034350421111776e+04
1.487500000000000000e+04 1.483034350421111776e+04
1.492500000000000000e+04 1.488034350421111776e+04
1.497500000000000000e+04 1.493034350421111776e+04
1.502500000000000000e+04 1.498034350421111776e+04
1.507500000000000000e+04 1.503034350421111776e+04
1.512500000000000000e+04 1.508034350421111776e+04
1.517500000000000000e+04 1.513034350421111776e+04
1.522500000000000000e+04 1.518034350421111776e+04
1.527500000000000000e+04 1.523034350421111776e+04
1.532500000000000000e+04 1.528034350421111776e+04
1.537500000000000000e+04 1.533034350421111776e+04
1.542500000000000000e+04 1.538034350421111776e+04
1.547500000000000000e+04 1.543034350421111776e+04
1.552500000000000000e+04 1.548034350421111776e+04
1.557500000000000000e+04 1.553034350421111776e+04
1.562500000000000000e+04 1.558034350421111776e+04
1.567500000000000000e+04 1.563034350421111776e+04
1.572500000000000000e+04 1.568034350421111776e+04
1.577500000000000000e+04 1.573034350421111776e+04
1.582500000000000000e+04 1.578034350421111776e+04
1.587500000000000000e+04 1.583034350421111776e+04
1.592500000000000000e+04 1.588034350421111776e+04
1.597500000000000000e+04 1.593034350421111776e+04
1.602500000000000000e+04 1.598034350421111776e+04
1.607500000000000000e+04 1.603034350421111776e+04
1.612500000000000000e+04 1.608034350421111776e+04
1.617500000000000000e+04 1.613034350421111776e+04
1.622500000000000000e+04 1.618034350421111776e+04
1.627500000000000000e+04 1.623034350421111776e+04
1.632500000000000000e+04 1.628034350421111776e+04
1.637500000000000000e+04 1.633034350421111776e+04
1.642500000000000000e+04 1.638034350421111776e+04
1.647500000000000000e+04 1.643034350421112322e+04
1.652500000000000000e+04 1.648034350421111594e+04
1.657500000000000000e+04 1.653034350421111230e+04
1.662500000000000000e+04 1.658034350421110503e+04
1.667500000000000000e+04 1.663034350421110503e+04
1.672500000000000000e+04 1.668034350421111230e+04
1.677500000000000000e+04 1.673034350421111230e+04
1.682500000000000000e+04 1.678034350421110503e+04
1.687500000000000000e+04 1.683034350421111230e+04
1.692500000000000000e+04 1.688034350421111230e+04
1.697500000000000000e+04 1.693034350421111230e+04
1.702500000000000000e+04 1.698034350421110503e+04
1.707500000000000000e+04 1.703034350421110503e+04
1.712500000000000000e+04 1.708034350421110503e+04
1.717500000000000000e+04 1.713034350421110503e+04
1.722500000000000000e+04 1.718034350421110503e+04
1.727500000000000000e+04 1.723034350421110503e+04
1.732500000000000000e+04 1.728034350421111230e+04
1.737500000000000000e+04 1.733034350421110503e+04
1.742500000000000000e+04 1.738034350421109775e+04
1.747500000000000000e+04 1.743034350421109775e+04
1.752500000000000000e+04 1.748034350421109775e+04
1.757500000000000000e+04 1.753034350421110503e+04
1.762500000000000000e+04 1.758034350421109775e+04
1.767500000000000000e+04 1.763034350421109775e+04
1.772500000000000000e+04 1.768034350421109775e+04
1.777500000000000000e+04 1.773034350421109775e+04
1.782500000000000000e+04 1.778034350421109775e+04
1.787500000000000000e+04 1.783034350421109775e+04
1.792500000000000000e+04 1.788034350421109775e+04
1.797500000000000000e+04 1.793034350421109775e+04
1.802500000000000000e+04 1.798034350421109775e+04
1.807500000000000000e+04 1.803034350421109775e+04
1.812500000000000000e+04 1.808034350421109775e+04
1.817500000000000000e+04 1.813034350421109775e+04
1.822500000000000000e+04 1.818034350421109775e+04
1.827500000000000000e+04 1.823034350421109775e+04
1.832500000000000000e+04 1.828034350421109775e+04
1.837500000000000000e+04 1.833034350421109775e+04
1.842500000000000000e+04 1.838034350421109775e+04
1.847500000000000000e+04 1.843034350421109775e+04
1.852500000000000000e+04 1.848034350421109775e+04
1.857500000000000000e+04 1.853034350421109775e+04
1.862500000000000000e+04 1.858034350421109775e+04
1.867500000000000000e+04 1.863034350421109775e+04
1.872500000000000000e+04 1.868034350421109775e+04
1.877500000000000000e+04 1.873034350421109775e+04
1.882500000000000000e+04 1.878034350421109775e+04
1.887500000000000000e+04 1.883034350421109775e+04
1.892500000000000000e+04 1.888034350421109775e+04
1.897500000000000000e+04 1.893034350421109775e+04
1.902500000000000000e+04 1.898034350421109775e+04
1.907500000000000000e+04 1.903034350421109775e+04
1.912500000000000000e+04 1.908034350421109775e+04
1.917500000000000000e+04 1.913034350421109775e+04
1.922500000000000000e+04 1.918034350421109775e+04
1.927500000000000000e+04 1.923034350421109775e+04
1.932500000000000000e+04 1.928034350421109775e+04
1.937500000000000000e+04 1.933034350421109775e+04
1.942500000000000000e+04 1.938034350421109775e+04
1.947500000000000000e+04 1.943034350421109775e+04
1.952500000000000000e+04 1.948034350421109775e+04
1.957500000000000000e+04 1.953034350421109775e+04
1.962500000000000000e+04 1.958034350421109775e+04
1.967500000000000000e+04 1.963034350421109775e+04
1.972500000000000000e+04 1.968034350421109775e+04
1.977500000000000000e+04 1.973034350421109775e+04
1.982500000000000000e+04 1.978034350421109775e+04
1.987500000000000000e+04 1.983034350421109775e+04
1.992500000000000000e+04 1.988034350421109775e+04
