2.025000000000000000e+03 1.990612251319393863e+03
2.075000000000000000e+03 2.040612251319393863e+03
2.125000000000000000e+03 2.090612251319394545e+03
2.175000000000000000e+03 2.140612251319396819e+03
2.225000000000000000e+03 2.190612251319395909e+03
2.275000000000000000e+03 2.240612251319395909e+03
2.325000000000000000e+03 2.290612251319395909e+03
2.375000000000000000e+03 2.340612251319395909e+03
2.425000000000000000e+03 2.390612251319396819e+03
2.475000000000000000e+03 2.440612251319396819e+03
2.525000000000000000e+03 2.490612251319395909e+03
2.575000000000000000e+03 2.540612251319395909e+03
2.625000000000000000e+03 2.590612251319395000e+03
2.675000000000000000e+03 2.640612251319395909e+03
2.725000000000000000e+03 2.690612251319395909e+03
2.775000000000000000e+03 2.740612251319395909e+03
2.825000000000000000e+03 2.790612251319395909e+03
2.875000000000000000e+03 2.840612251319395909e+03
2.925000000000000000e+03 2.890612251319395909e+03
2.975000000000000000e+03 2.940612251319395000e+03
3.025000000000000000e+03 2.990612251319395000e+03
3.075000000000000000e+03 3.040612251319395000e+03
3.125000000000000000e+03 3.090612251319395000e+03
3.175000000000000000e+03 3.140612251319395000e+03
3.225000000000000000e+03 3.190612251319395000e+03
3.275000000000000000e+03 3.240612251319395909e+03
3.325000000000000000e+03 3.290612251319395909e+03
3.375000000000000000e+03 3.340612251319395000e+03
3.425000000000000000e+03 3.390612251319395000e+03
3.475000000000000000e+03 3.440612251319395000e+03
3.525000000000000000e+03 3.490612251319395000e+03
3.575000000000000000e+03 3.540612251319395909e+03
3.625000000000000000e+03 3.590612251319395909e+03
3.675000000000000000e+03 3.640612251319395000e+03
3.725000000000000000e+03 3.690612251319395909e+03
3.775000000000000000e+03 3.740612251319395000e+03
3.825000000000000000e+03 3.790612251319394090e+03
3.875000000000000000e+03 3.840612251319395000e+03
3.925000000000000000e+03 3.890612251319395000e+03
3.975000000000000000e+03 3.940612251319395909e+03
4.025000000000000000e+03 3.990612251319395909e+03
4.075000000000000000e+03 4.040612251319395909e+03
4.125000000000000000e+03 4.090612251319395909e+03
4.175000000000000000e+03 4.140612251319396819e+03
4.225000000000000000e+03 4.190612251319395909e+03
4.275000000000000000e+03 4.240612251319396819e+03
4.325000000000000000e+03 4.290612251319397728e+03
4.375000000000000000e+03 4.340612251319396819e+03
4.425000000000000000e+03 4.390612251319395000e+03
4.475000000000000000e+03 4.440612251319395000e+03
4.525000000000000000e+03 4.490612251319395000e+03
4.575000000000000000e+03 4.540612251319395000e+03
4.625000000000000000e+03 4.590612251319395000e+03
4.675000000000000000e+03 4.640612251319395000e+03
4.725000000000000000e+03 4.690612251319396819e+03
4.775000000000000000e+03 4.740612251319396819e+03
4.825000000000000000e+03 4.790612251319396819e+03
4.875000000000000000e+03 4.840612251319396819e+03
4.925000000000000000e+03 4.890612251319396819e+03
4.975000000000000000e+03 4.940612251319396819e+03
5.025000000000000000e+03 4.990612251319396819e+03
5.075000000000000000e+03 5.040612251319395000e+03
5.125000000000000000e+03 5.090612251319393181e+03
5.175000000000000000e+03 5.140612251319393181e+03
5.225000000000000000e+03 5.190612251319393181e+03
5.275000000000000000e+03 5.240612251319393181e+03
5.325000000000000000e+03 5.290612251319393181e+03
5.375000000000000000e+03 5.340612251319393181e+03
5.425000000000000000e+03 5.390612251319393181e+03
5.475000000000000000e+03 5.440612251319395000e+03
5.525000000000000000e+03 5.490612251319395000e+03
5.575000000000000000e+03 5.540612251319393181e+03
5.625000000000000000e+03 5.590612251319391362e+03
5.675000000000000000e+03 5.640612251319393181e+03
5.725000000000000000e+03 5.690612251319393181e+03
5.775000000000000000e+03 5.740612251319393181e+03
5.825000000000000000e+03 5.790612251319393181e+03
5.875000000000000000e+03 5.840612251319393181e+03
5.925000000000000000e+03 5.890612251319393181e+03
5.975000000000000000e+03 5.940612251319391362e+03
6.025000000000000000e+03 5.990612251319391362e+03
6.075000000000000000e+03 6.040612251319393181e+03
6.125000000000000000e+03 6.090612251319393181e+03
6.175000000000000000e+03 6.140612251319393181e+03
6.225000000000000000e+03 6.190612251319393181e+03
6.275000000000000000e+03 6.240612251319393181e+03
6.325000000000000000e+03 6.290612251319393181e+03
6.375000000000000000e+03 6.340612251319393181e+03
6.425000000000000000e+03 6.390612251319393181e+03
6.475000000000000000e+03 6.440612251319393181e+03
6.525000000000000000e+03 6.490612251319393181e+03
6.575000000000000000e+03 6.540612251319393181e+03
6.625000000000000000e+03 6.590612251319393181e+03
6.675000000000000000e+03 6.640612251319393181e+03
6.725000000000000000e+03 6.690612251319393181e+03
6.775000000000000000e+03 6.740612251319393181e+03
6.825000000000000000e+03 6.790612251319393181e+03
6.875000000000000000e+03 6.840612251319393181e+03
6.925000000000000000e+03 6.890612251319393181e+03
6.975000000000000000e+03 6.940612251319393181e+03
7.025000000000000000e+03 6.990612251319393181e+03
7.075000000000000000e+03 7.040612251319393181e+03
7.125000000000000000e+03 7.090612251319393181e+03
7.175000000000000000e+03 7.140612251319393181e+03
7.225000000000000000e+03 7.190612251319393181e+03
7.275000000000000000e+03 7.240612251319393181e+03
7.325000000000000000e+03 7.290612251319393181e+03
7.375000000000000000e+03 7.340612251319393181e+03
7.425000000000000000e+03 7.390612251319393181e+03
7.475000000000000000e+03 7.440612251319393181e+03
7.525000000000000000e+03 7.490612251319393181e+03
7.575000000000000000e+03 7.540612251319393181e+03
7.625000000000000000e+03 7.590612251319393181e+03
7.675000000000000000e+03 7.640612251319393181e+03
7.725000000000000000e+03 7.690612251319393181e+03
7.775000000000000000e+03 7.740612251319393181e+03
7.825000000000000000e+03 7.790612251319393181e+03
7.875000000000000000e+03 7.840612251319393181e+03
7.925000000000000000e+03 7.890612251319393181e+03
7.975000000000000000e+03 7.940612251319393181e+03
8.025000000000000000e+03 7.990612251319393181e+03
8.075000000000000000e+03 8.040612251319393181e+03
8.125000000000000000e+03 8.090612251319393181e+03
8.175000000000000000e+03 8.140612251319393181e+03
8.225000000000000000e+03 8.190612251319393181e+03
8.275000000000000000e+03 8.240612251319389543e+03
8.325000000000000000e+03 8.290612251319387724e+03
8.375000000000000000e+03 8.340612251319385905e+03
8.425000000000000000e+03 8.390612251319391362e+03
8.475000000000000000e+03 8.440612251319391362e+03
8.525000000000000000e+03 8.490612251319391362e+03
8.575000000000000000e+03 8.540612251319395000e+03
8.625000000000000000e+03 8.590612251319395000e+03
8.675000000000000000e+03 8.640612251319395000e+03
8.725000000000000000e+03 8.690612251319398638e+03
8.775000000000000000e+03 8.740612251319398638e+03
8.825000000000000000e+03 8.790612251319395000e+03
8.875000000000000000e+03 8.840612251319398638e+03
8.925000000000000000e+03 8.890612251319402276e+03
8.975000000000000000e+03 8.940612251319402276e+03
9.025000000000000000e+03 8.990612251319402276e+03
9.075000000000000000e+03 9.040612251319402276e+03
9.125000000000000000e+03 9.090612251319402276e+03
9.175000000000000000e+03 9.140612251319405914e+03
9.225000000000000000e+03 9.190612251319409552e+03
9.275000000000000000e+03 9.240612251319409552e+03
9.325000000000000000e+03 9.290612251319409552e+03
9.375000000000000000e+03 9.340612251319409552e+03
9.425000000000000000e+03 9.390612251319413190e+03
9.475000000000000000e+03 9.440612251319416828e+03
9.525000000000000000e+03 9.490612251319416828e+03
9.575000000000000000e+03 9.540612251319413190e+03
9.625000000000000000e+03 9.590612251319413190e+03
9.675000000000000000e+03 9.640612251319416828e+03
9.725000000000000000e+03 9.690612251319416828e+03
9.775000000000000000e+03 9.740612251319413190e+03
9.825000000000000000e+03 9.790612251319416828e+03
9.875000000000000000e+03 9.840612251319420466e+03
9.925000000000000000e+03 9.890612251319420466e+03
9.975000000000000000e+03 9.940612251319424104e+03
1.002500000000000000e+04 9.990612251319424104e+03
1.007500000000000000e+04 1.004061225131942410e+04
1.012500000000000000e+04 1.009061225131942410e+04
1.017500000000000000e+04 1.014061225131942410e+04
1.022500000000000000e+04 1.019061225131942774e+04
1.027500000000000000e+04 1.024061225131942774e+04
1.032500000000000000e+04 1.029061225131942774e+04
1.037500000000000000e+04 1.034061225131942774e+04
1.042500000000000000e+04 1.039061225131942774e+04
1.047500000000000000e+04 1.044061225131942774e+04
1.052500000000000000e+04 1.049061225131942774e+04
1.057500000000000000e+04 1.054061225131942774e+04
1.062500000000000000e+04 1.059061225131942774e+04
1.067500000000000000e+04 1.064061225131942774e+04
1.072500000000000000e+04 1.069061225131942774e+04
1.077500000000000000e+04 1.074061225131942774e+04
1.082500000000000000e+04 1.079061225131942774e+04
1.087500000000000000e+04 1.084061225131942774e+04
1.092500000000000000e+04 1.089061225131942774e+04
1.097500000000000000e+04 1.094061225131942774e+04
1.102500000000000000e+04 1.099061225131942774e+04
1.107500000000000000e+04 1.104061225131942774e+04
1.112500000000000000e+04 1.109061225131942774e+04
1.117500000000000000e+04 1.114061225131942774e+04
1.122500000000000000e+04 1.119061225131942774e+04
1.127500000000000000e+04 1.124061225131942774e+04
1.132500000000000000e+04 1.129061225131942774e+04
1.137500000000000000e+04 1.134061225131942774e+04
1.142500000000000000e+04 1.139061225131942774e+04
1.147500000000000000e+04 1.144061225131942774e+04
1.152500000000000000e+04 1.149061225131942774e+04
1.157500000000000000e+04 1.154061225131942774e+04
1.162500000000000000e+04 1.159061225131942774e+04
1.167500000000000000e+04 1.164061225131942774e+04
1.172500000000000000e+04 1.169061225131942774e+04
1.177500000000000000e+04 1.174061225131942774e+04
1.182500000000000000e+04 1.179061225131942774e+04
1.187500000000000000e+04 1.184061225131942774e+04
1.192500000000000000e+04 1.189061225131942774e+04
1.197500000000000000e+04 1.194061225131942774e+04
1.202500000000000000e+04 1.199061225131942774e+04
1.207500000000000000e+04 1.204061225131942774e+04
1.212500000000000000e+04 1.209061225131942774e+04
1.217500000000000000e+04 1.214061225131942774e+04
1.222500000000000000e+04 1.219061225131942774e+04
1.227500000000000000e+04 1.224061225131942774e+04
1.232500000000000000e+04 1.229061225131942774e+04
1.237500000000000000e+04 1.234061225131942774e+04
1.242500000000000000e+04 1.239061225131942774e+04
1.247500000000000000e+04 1.244061225131942774e+04
1.252500000000000000e+04 1.249061225131942774e+04
1.257500000000000000e+04 1.254061225131942774e+04
1.262500000000000000e+04 1.259061225131942774e+04
1.267500000000000000e+04 1.264061225131942774e+04
1.272500000000000000e+04 1.269061225131942774e+04
1.277500000000000000e+04 1.274061225131942774e+04
1.282500000000000000e+04 1.279061225131942774e+04
1.287500000000000000e+04 1.284061225131942774e+04
1.292500000000000000e+04 1.289061225131942774e+04
1.297500000000000000e+04 1.294061225131942774e+04
1.302500000000000000e+04 1.299061225131942774e+04
1.307500000000000000e+04 1.304061225131942774e+04
1.312500000000000000e+04 1.309061225131942774e+04
1.317500000000000000e+04 1.314061225131942774e+04
1.322500000000000000e+04 1.319061225131942774e+04
1.327500000000000000e+04 1.324061225131942774e+04
1.332500000000000000e+04 1.329061225131942774e+04
1.337500000000000000e+04 1.334061225131942774e+04
1.342500000000000000e+04 1.339061225131942774e+04
1.347500000000000000e+04 1.344061225131942774e+04
1.352500000000000000e+04 1.349061225131942774e+04
1.357500000000000000e+04 1.354061225131942774e+04
1.362500000000000000e+04 1.359061225131942774e+04
1.367500000000000000e+04 1.364061225131942774e+04
1.372500000000000000e+04 1.369061225131942774e+04
1.377500000000000000e+04 1.374061225131942774e+04
1.382500000000000000e+04 1.379061225131942774e+04
1.387500000000000000e+04 1.384061225131942774e+04
1.392500000000000000e+04 1.389061225131942774e+04
1.397500000000000000e+04 1.394061225131942774e+04
1.402500000000000000e+04 1.399061225131942774e+04
1.407500000000000000e+04 1.404061225131942774e+04
1.412500000000000000e+04 1.409061225131942774e+04
1.417500000000000000e+04 1.414061225131942774e+04
1.422500000000000000e+04 1.419061225131942774e+04
1.427500000000000000e+04 1.424061225131942774e+04
1.432500000000000000e+04 1.429061225131942774e+04
1.437500000000000000e+04 1.434061225131942774e+04
1.442500000000000000e+04 1.439061225131942774e+04
1.447500000000000000e+04 1.444061225131942774e+04
1.452500000000000000e+04 1.449061225131942774e+04
1.457500000000000000e+04 1.454061225131942774e+04
1.462500000000000000e+04 1.459061225131942774e+04
1.467500000000000000e+04 1.464061225131942774e+04
1.472500000000000000e+04 1.469061225131942774e+04
1.477500000000000000e+04 1.474061225131942774e+04
1.482500000000000000e+04 1.479061225131942774e+04
1.487500000000000000e+04 1.484061225131942774e+04
1.492500000000000000e+04 1.489061225131942774e+04
1.497500000000000000e+04 1.494061225131942774e+04
1.502500000000000000e+04 1.499061225131942774e+04
1.507500000000000000e+04 1.504061225131942774e+04
1.512500000000000000e+04 1.509061225131942774e+04
1.517500000000000000e+04 1.514061225131942774e+04
1.522500000000000000e+04 1.519061225131942774e+04
1.527500000000000000e+04 1.524061225131942774e+04
1.532500000000000000e+04 1.529061225131942774e+04
1.537500000000000000e+04 1.534061225131942774e+04
1.542500000000000000e+04 1.539061225131942774e+04
1.547500000000000000e+04 1.544061225131942774e+04
1.552500000000000000e+04 1.549061225131942774e+04
1.557500000000000000e+04 1.554061225131942774e+04
1.562500000000000000e+04 1.559061225131942774e+04
1.567500000000000000e+04 1.564061225131942774e+04
1.572500000000000000e+04 1.569061225131942774e+04
1.577500000000000000e+04 1.574061225131942774e+04
1.582500000000000000e+04 1.579061225131942774e+04
1.587500000000000000e+04 1.584061225131942774e+04
1.592500000000000000e+04 1.589061225131942774e+04
1.597500000000000000e+04 1.594061225131942774e+04
1.602500000000000000e+04 1.599061225131942774e+04
1.607500000000000000e+04 1.604061225131942774e+04
1.612500000000000000e+04 1.609061225131942774e+04
1.617500000000000000e+04 1.614061225131942774e+04
1.622500000000000000e+04 1.619061225131942774e+04
1.627500000000000000e+04 1.624061225131942774e+04
1.632500000000000000e+04 1.629061225131942774e+04
1.637500000000000000e+04 1.634061225131942774e+04
1.642500000000000000e+04 1.639061225131942774e+04
1.647500000000000000e+04 1.644061225131942774e+04
1.652500000000000000e+04 1.649061225131942774e+04
1.657500000000000000e+04 1.654061225131943138e+04
1.662500000000000000e+04 1.659061225131942774e+04
1.667500000000000000e+04 1.664061225131943138e+04
1.672500000000000000e+04 1.669061225131942410e+04
1.677500000000000000e+04 1.674061225131942410e+04
1.682500000000000000e+04 1.679061225131942047e+04
1.687500000000000000e+04 1.684061225131941683e+04
1.692500000000000000e+04 1.689061225131940591e+04
1.697500000000000000e+04 1.694061225131941319e+04
1.702500000000000000e+04 1.699061225131941319e+04
1.707500000000000000e+04 1.704061225131940591e+04
1.712500000000000000e+04 1.709061225131940591e+04
1.717500000000000000e+04 1.714061225131941319e+04
1.722500000000000000e+04 1.719061225131941319e+04
1.727500000000000000e+04 1.724061225131941319e+04
1.732500000000000000e+04 1.729061225131941319e+04
1.737500000000000000e+04 1.734061225131941319e+04
1.742500000000000000e+04 1.739061225131940591e+04
1.747500000000000000e+04 1.744061225131940591e+04
1.752500000000000000e+04 1.749061225131940591e+04
1.757500000000000000e+04 1.754061225131940591e+04
1.762500000000000000e+04 1.759061225131940591e+04
1.767500000000000000e+04 1.764061225131939864e+04
1.772500000000000000e+04 1.769061225131940591e+04
1.777500000000000000e+04 1.774061225131939864e+04
1.782500000000000000e+04 1.779061225131939864e+04
1.787500000000000000e+04 1.784061225131939136e+04
1.792500000000000000e+04 1.789061225131939136e+04
1.797500000000000000e+04 1.794061225131939864e+04
1.802500000000000000e+04 1.799061225131939864e+04
1.807500000000000000e+04 1.804061225131939864e+04
1.812500000000000000e+04 1.809061225131939136e+04
1.817500000000000000e+04 1.814061225131939136e+04
1.822500000000000000e+04 1.819061225131939136e+04
1.827500000000000000e+04 1.824061225131938409e+04
1.832500000000000000e+04 1.829061225131938409e+04
1.837500000000000000e+04 1.834061225131938409e+04
1.842500000000000000e+04 1.839061225131938409e+04
1.847500000000000000e+04 1.844061225131938409e+04
1.852500000000000000e+04 1.849061225131938409e+04
1.857500000000000000e+04 1.854061225131938409e+04
1.862500000000000000e+04 1.859061225131938409e+04
1.867500000000000000e+04 1.864061225131938409e+04
1.872500000000000000e+04 1.869061225131938409e+04
1.877500000000000000e+04 1.874061225131938409e+04
1.882500000000000000e+04 1.879061225131938409e+04
1.887500000000000000e+04 1.884061225131938409e+04
1.892500000000000000e+04 1.889061225131938409e+04
1.897500000000000000e+04 1.894061225131938409e+04
1.902500000000000000e+04 1.899061225131938409e+04
1.907500000000000000e+04 1.904061225131938409e+04
1.912500000000000000e+04 1.909061225131938409e+04
1.917500000000000000e+04 1.914061225131938409e+04
1.922500000000000000e+04 1.919061225131938409e+04
1.927500000000000000e+04 1.924061225131938409e+04
1.932500000000000000e+04 1.929061225131938409e+04
1.937500000000000000e+04 1.934061225131938409e+04
1.942500000000000000e+04 1.939061225131938409e+04
1.947500000000000000e+04 1.944061225131938409e+04
1.952500000000000000e+04 1.949061225131938409e+04
1.957500000000000000e+04 1.954061225131938409e+04
1.962500000000000000e+04 1.959061225131938409e+04
1.967500000000000000e+04 1.964061225131938409e+04
1.972500000000000000e+04 1.969061225131938409e+04
1.977500000000000000e+04 1.974061225131938409e+04
1.982500000000000000e+04 1.979061225131938409e+04
1.987500000000000000e+04 1.984061225131938409e+04
1.992500000000000000e+04 1.989061225131938409e+04
