1.425000000000000000e+03 1.423306719286750877e+03
1.475000000000000000e+03 1.473306719286751331e+03
1.525000000000000000e+03 1.523306719286751331e+03
1.575000000000000000e+03 1.573306719286751331e+03
1.625000000000000000e+03 1.623306719286751331e+03
1.675000000000000000e+03 1.673306719286751331e+03
1.725000000000000000e+03 1.723306719286751331e+03
1.775000000000000000e+03 1.773306719286751331e+03
1.825000000000000000e+03 1.823306719286751331e+03
1.875000000000000000e+03 1.873306719286751331e+03
1.925000000000000000e+03 1.923306719286751331e+03
1.975000000000000000e+03 1.973306719286750877e+03
2.025000000000000000e+03 2.023306719286750877e+03
2.075000000000000000e+03 2.073306719286750194e+03
2.125000000000000000e+03 2.123306719286751104e+03
2.175000000000000000e+03 2.173306719286751104e+03
2.225000000000000000e+03 2.223306719286752013e+03
2.275000000000000000e+03 2.273306719286752013e+03
2.325000000000000000e+03 2.323306719286751104e+03
2.375000000000000000e+03 2.373306719286752013e+03
2.425000000000000000e+03 2.423306719286751104e+03
2.475000000000000000e+03 2.473306719286750194e+03
2.525000000000000000e+03 2.523306719286751104e+03
2.575000000000000000e+03 2.573306719286751104e+03
2.625000000000000000e+03 2.623306719286751104e+03
2.675000000000000000e+03 2.673306719286750194e+03
2.725000000000000000e+03 2.723306719286750194e+03
2.775000000000000000e+03 2.773306719286751104e+03
2.825000000000000000e+03 2.823306719286751104e+03
2.875000000000000000e+03 2.873306719286751104e+03
2.925000000000000000e+03 2.923306719286751104e+03
2.975000000000000000e+03 2.973306719286751104e+03
3.025000000000000000e+03 3.023306719286751104e+03
3.075000000000000000e+03 3.073306719286751104e+03
3.125000000000000000e+03 3.123306719286751104e+03
3.175000000000000000e+03 3.173306719286751104e+03
3.225000000000000000e+03 3.223306719286752013e+03
3.275000000000000000e+03 3.273306719286752013e+03
3.325000000000000000e+03 3.323306719286752923e+03
3.375000000000000000e+03 3.373306719286753832e+03
3.425000000000000000e+03 3.423306719286752923e+03
3.475000000000000000e+03 3.473306719286752923e+03
3.525000000000000000e+03 3.523306719286752923e+03
3.575000000000000000e+03 3.573306719286752923e+03
3.625000000000000000e+03 3.623306719286752923e+03
3.675000000000000000e+03 3.673306719286752923e+03
3.725000000000000000e+03 3.723306719286752923e+03
3.775000000000000000e+03 3.773306719286752923e+03
3.825000000000000000e+03 3.823306719286752923e+03
3.875000000000000000e+03 3.873306719286752923e+03
3.925000000000000000e+03 3.923306719286752923e+03
3.975000000000000000e+03 3.973306719286752923e+03
4.025000000000000000e+03 4.023306719286752923e+03
4.075000000000000000e+03 4.073306719286752923e+03
4.125000000000000000e+03 4.123306719286755651e+03
4.175000000000000000e+03 4.173306719286758380e+03
4.225000000000000000e+03 4.223306719286759289e+03
4.275000000000000000e+03 4.273306719286759289e+03
4.325000000000000000e+03 4.323306719286760199e+03
4.375000000000000000e+03 4.373306719286761108e+03
4.425000000000000000e+03 4.423306719286761108e+03
4.475000000000000000e+03 4.473306719286761108e+03
4.525000000000000000e+03 4.523306719286761108e+03
4.575000000000000000e+03 4.573306719286761108e+03
4.625000000000000000e+03 4.623306719286761108e+03
4.675000000000000000e+03 4.673306719286761108e+03
4.725000000000000000e+03 4.723306719286759289e+03
4.775000000000000000e+03 4.773306719286761108e+03
4.825000000000000000e+03 4.823306719286761108e+03
4.875000000000000000e+03 4.873306719286759289e+03
4.925000000000000000e+03 4.923306719286761108e+03
4.975000000000000000e+03 4.973306719286761108e+03
5.025000000000000000e+03 5.023306719286759289e+03
5.075000000000000000e+03 5.073306719286759289e+03
5.125000000000000000e+03 5.123306719286761108e+03
5.175000000000000000e+03 5.173306719286759289e+03
5.225000000000000000e+03 5.223306719286759289e+03
5.275000000000000000e+03 5.273306719286757470e+03
5.325000000000000000e+03 5.323306719286759289e+03
5.375000000000000000e+03 5.373306719286757470e+03
5.425000000000000000e+03 5.423306719286759289e+03
5.475000000000000000e+03 5.473306719286759289e+03
5.525000000000000000e+03 5.523306719286759289e+03
5.575000000000000000e+03 5.573306719286759289e+03
5.625000000000000000e+03 5.623306719286759289e+03
5.675000000000000000e+03 5.673306719286759289e+03
5.725000000000000000e+03 5.723306719286759289e+03
5.775000000000000000e+03 5.773306719286759289e+03
5.825000000000000000e+03 5.823306719286759289e+03
5.875000000000000000e+03 5.873306719286759289e+03
5.925000000000000000e+03 5.923306719286759289e+03
5.975000000000000000e+03 5.973306719286759289e+03
6.025000000000000000e+03 6.023306719286759289e+03
6.075000000000000000e+03 6.073306719286759289e+03
6.125000000000000000e+03 6.123306719286759289e+03
6.175000000000000000e+03 6.173306719286759289e+03
6.225000000000000000e+03 6.223306719286759289e+03
6.275000000000000000e+03 6.273306719286759289e+03
6.325000000000000000e+03 6.323306719286759289e+03
6.375000000000000000e+03 6.373306719286759289e+03
6.425000000000000000e+03 6.423306719286759289e+03
6.475000000000000000e+03 6.473306719286759289e+03
6.525000000000000000e+03 6.523306719286759289e+03
6.575000000000000000e+03 6.573306719286759289e+03
6.625000000000000000e+03 6.623306719286759289e+03
6.675000000000000000e+03 6.673306719286759289e+03
6.725000000000000000e+03 6.723306719286759289e+03
6.775000000000000000e+03 6.773306719286759289e+03
6.825000000000000000e+03 6.823306719286759289e+03
6.875000000000000000e+03 6.873306719286759289e+03
6.925000000000000000e+03 6.923306719286759289e+03
6.975000000000000000e+03 6.973306719286759289e+03
7.025000000000000000e+03 7.023306719286759289e+03
7.075000000000000000e+03 7.073306719286759289e+03
7.125000000000000000e+03 7.123306719286759289e+03
7.175000000000000000e+03 7.173306719286759289e+03
7.225000000000000000e+03 7.223306719286759289e+03
7.275000000000000000e+03 7.273306719286759289e+03
7.325000000000000000e+03 7.323306719286759289e+03
7.375000000000000000e+03 7.373306719286759289e+03
7.425000000000000000e+03 7.423306719286759289e+03
7.475000000000000000e+03 7.473306719286759289e+03
7.525000000000000000e+03 7.523306719286759289e+03
7.575000000000000000e+03 7.573306719286759289e+03
7.625000000000000000e+03 7.623306719286759289e+03
7.675000000000000000e+03 7.673306719286759289e+03
7.725000000000000000e+03 7.723306719286759289e+03
7.775000000000000000e+03 7.773306719286759289e+03
7.825000000000000000e+03 7.823306719286759289e+03
7.875000000000000000e+03 7.873306719286759289e+03
7.925000000000000000e+03 7.923306719286759289e+03
7.975000000000000000e+03 7.973306719286759289e+03
8.025000000000000000e+03 8.023306719286759289e+03
8.075000000000000000e+03 8.073306719286759289e+03
8.125000000000000000e+03 8.123306719286759289e+03
8.175000000000000000e+03 8.173306719286759289e+03
8.225000000000000000e+03 8.223306719286756561e+03
8.275000000000000000e+03 8.273306719286752923e+03
8.325000000000000000e+03 8.323306719286754742e+03
8.375000000000000000e+03 8.373306719286752923e+03
8.425000000000000000e+03 8.423306719286752923e+03
8.475000000000000000e+03 8.473306719286749285e+03
8.525000000000000000e+03 8.523306719286749285e+03
8.575000000000000000e+03 8.573306719286749285e+03
8.625000000000000000e+03 8.623306719286749285e+03
8.675000000000000000e+03 8.673306719286749285e+03
8.725000000000000000e+03 8.723306719286749285e+03
8.775000000000000000e+03 8.773306719286745647e+03
8.825000000000000000e+03 8.823306719286745647e+03
8.875000000000000000e+03 8.873306719286742009e+03
8.925000000000000000e+03 8.923306719286745647e+03
8.975000000000000000e+03 8.973306719286745647e+03
9.025000000000000000e+03 9.023306719286745647e+03
9.075000000000000000e+03 9.073306719286742009e+03
9.125000000000000000e+03 9.123306719286745647e+03
9.175000000000000000e+03 9.173306719286749285e+03
9.225000000000000000e+03 9.223306719286745647e+03
9.275000000000000000e+03 9.273306719286745647e+03
9.325000000000000000e+03 9.323306719286745647e+03
9.375000000000000000e+03 9.373306719286745647e+03
9.425000000000000000e+03 9.423306719286742009e+03
9.475000000000000000e+03 9.473306719286742009e+03
9.525000000000000000e+03 9.523306719286742009e+03
9.575000000000000000e+03 9.573306719286738371e+03
9.625000000000000000e+03 9.623306719286738371e+03
9.675000000000000000e+03 9.673306719286738371e+03
9.725000000000000000e+03 9.723306719286738371e+03
9.775000000000000000e+03 9.773306719286738371e+03
9.825000000000000000e+03 9.823306719286738371e+03
9.875000000000000000e+03 9.873306719286738371e+03
9.925000000000000000e+03 9.923306719286738371e+03
9.975000000000000000e+03 9.973306719286738371e+03
1.002500000000000000e+04 1.002330671928673837e+04
1.007500000000000000e+04 1.007330671928673837e+04
1.012500000000000000e+04 1.012330671928673837e+04
1.017500000000000000e+04 1.017330671928673837e+04
1.022500000000000000e+04 1.022330671928673837e+04
1.027500000000000000e+04 1.027330671928673837e+04
1.032500000000000000e+04 1.032330671928673837e+04
1.037500000000000000e+04 1.037330671928673837e+04
1.042500000000000000e+04 1.042330671928673837e+04
1.047500000000000000e+04 1.047330671928673837e+04
1.052500000000000000e+04 1.052330671928673837e+04
1.057500000000000000e+04 1.057330671928673837e+04
1.062500000000000000e+04 1.062330671928673837e+04
1.067500000000000000e+04 1.067330671928673837e+04
1.072500000000000000e+04 1.072330671928673837e+04
1.077500000000000000e+04 1.077330671928673837e+04
1.082500000000000000e+04 1.082330671928673837e+04
1.087500000000000000e+04 1.087330671928673837e+04
1.092500000000000000e+04 1.092330671928673837e+04
1.097500000000000000e+04 1.097330671928673837e+04
1.102500000000000000e+04 1.102330671928673837e+04
1.107500000000000000e+04 1.107330671928673837e+04
1.112500000000000000e+04 1.112330671928673837e+04
1.117500000000000000e+04 1.117330671928673837e+04
1.122500000000000000e+04 1.122330671928673837e+04
1.127500000000000000e+04 1.127330671928673837e+04
1.132500000000000000e+04 1.132330671928673837e+04
1.137500000000000000e+04 1.137330671928673837e+04
1.142500000000000000e+04 1.142330671928673837e+04
1.147500000000000000e+04 1.147330671928673837e+04
1.152500000000000000e+04 1.152330671928673837e+04
1.157500000000000000e+04 1.157330671928673837e+04
1.162500000000000000e+04 1.162330671928673837e+04
1.167500000000000000e+04 1.167330671928673837e+04
1.172500000000000000e+04 1.172330671928673837e+04
1.177500000000000000e+04 1.177330671928673837e+04
1.182500000000000000e+04 1.182330671928673837e+04
1.187500000000000000e+04 1.187330671928673837e+04
1.192500000000000000e+04 1.192330671928673837e+04
1.197500000000000000e+04 1.197330671928673837e+04
1.202500000000000000e+04 1.202330671928673837e+04
1.207500000000000000e+04 1.207330671928673837e+04
1.212500000000000000e+04 1.212330671928673837e+04
1.217500000000000000e+04 1.217330671928673837e+04
1.222500000000000000e+04 1.222330671928673837e+04
1.227500000000000000e+04 1.227330671928673837e+04
1.232500000000000000e+04 1.232330671928673837e+04
1.237500000000000000e+04 1.237330671928673837e+04
1.242500000000000000e+04 1.242330671928673837e+04
1.247500000000000000e+04 1.247330671928673837e+04
1.252500000000000000e+04 1.252330671928673837e+04
1.257500000000000000e+04 1.257330671928673837e+04
1.262500000000000000e+04 1.262330671928673837e+04
1.267500000000000000e+04 1.267330671928673837e+04
1.272500000000000000e+04 1.272330671928673837e+04
1.277500000000000000e+04 1.277330671928673837e+04
1.282500000000000000e+04 1.282330671928673837e+04
1.287500000000000000e+04 1.287330671928673837e+04
1.292500000000000000e+04 1.292330671928673837e+04
1.297500000000000000e+04 1.297330671928673837e+04
1.302500000000000000e+04 1.302330671928673837e+04
1.307500000000000000e+04 1.307330671928673837e+04
1.312500000000000000e+04 1.312330671928673837e+04
1.317500000000000000e+04 1.317330671928673837e+04
1.322500000000000000e+04 1.322330671928673837e+04
1.327500000000000000e+04 1.327330671928673837e+04
1.332500000000000000e+04 1.332330671928673837e+04
1.337500000000000000e+04 1.337330671928673837e+04
1.342500000000000000e+04 1.342330671928673837e+04
1.347500000000000000e+04 1.347330671928673837e+04
1.352500000000000000e+04 1.352330671928673837e+04
1.357500000000000000e+04 1.357330671928673837e+04
1.362500000000000000e+04 1.362330671928673837e+04
1.367500000000000000e+04 1.367330671928673837e+04
1.372500000000000000e+04 1.372330671928673837e+04
1.377500000000000000e+04 1.377330671928673837e+04
1.382500000000000000e+04 1.382330671928673837e+04
1.387500000000000000e+04 1.387330671928673837e+04
1.392500000000000000e+04 1.392330671928673837e+04
1.397500000000000000e+04 1.397330671928673837e+04
1.402500000000000000e+04 1.402330671928673837e+04
1.407500000000000000e+04 1.407330671928673837e+04
1.412500000000000000e+04 1.412330671928673837e+04
1.417500000000000000e+04 1.417330671928673837e+04
1.422500000000000000e+04 1.422330671928673837e+04
1.427500000000000000e+04 1.427330671928673837e+04
1.432500000000000000e+04 1.432330671928673837e+04
1.437500000000000000e+04 1.437330671928673837e+04
1.442500000000000000e+04 1.442330671928673837e+04
1.447500000000000000e+04 1.447330671928673837e+04
1.452500000000000000e+04 1.452330671928673837e+04
1.457500000000000000e+04 1.457330671928673837e+04
1.462500000000000000e+04 1.462330671928673837e+04
1.467500000000000000e+04 1.467330671928673837e+04
1.472500000000000000e+04 1.472330671928673837e+04
1.477500000000000000e+04 1.477330671928673837e+04
1.482500000000000000e+04 1.482330671928673837e+04
1.487500000000000000e+04 1.487330671928673837e+04
1.492500000000000000e+04 1.492330671928673837e+04
1.497500000000000000e+04 1.497330671928673837e+04
1.502500000000000000e+04 1.502330671928673837e+04
1.507500000000000000e+04 1.507330671928673837e+04
1.512500000000000000e+04 1.512330671928673837e+04
1.517500000000000000e+04 1.517330671928673837e+04
1.522500000000000000e+04 1.522330671928673837e+04
1.527500000000000000e+04 1.527330671928673837e+04
1.532500000000000000e+04 1.532330671928673837e+04
1.537500000000000000e+04 1.537330671928673837e+04
1.542500000000000000e+04 1.542330671928673837e+04
1.547500000000000000e+04 1.547330671928673837e+04
1.552500000000000000e+04 1.552330671928673837e+04
1.557500000000000000e+04 1.557330671928673837e+04
1.562500000000000000e+04 1.562330671928673837e+04
1.567500000000000000e+04 1.567330671928673837e+04
1.572500000000000000e+04 1.572330671928673837e+04
1.577500000000000000e+04 1.577330671928673837e+04
1.582500000000000000e+04 1.582330671928673837e+04
1.587500000000000000e+04 1.587330671928673837e+04
1.592500000000000000e+04 1.592330671928673837e+04
1.597500000000000000e+04 1.597330671928673837e+04
1.602500000000000000e+04 1.602330671928673837e+04
1.607500000000000000e+04 1.607330671928673837e+04
1.612500000000000000e+04 1.612330671928673837e+04
1.617500000000000000e+04 1.617330671928673837e+04
1.622500000000000000e+04 1.622330671928673837e+04
1.627500000000000000e+04 1.627330671928673837e+04
1.632500000000000000e+04 1.632330671928673837e+04
1.637500000000000000e+04 1.637330671928673837e+04
1.642500000000000000e+04 1.642330671928674565e+04
1.647500000000000000e+04 1.647330671928673473e+04
1.652500000000000000e+04 1.652330671928673473e+04
1.657500000000000000e+04 1.657330671928673473e+04
1.662500000000000000e+04 1.662330671928672746e+04
1.667500000000000000e+04 1.667330671928673473e+04
1.672500000000000000e+04 1.672330671928672018e+04
1.677500000000000000e+04 1.677330671928672746e+04
1.682500000000000000e+04 1.682330671928673473e+04
1.687500000000000000e+04 1.687330671928673473e+04
1.692500000000000000e+04 1.692330671928672746e+04
1.697500000000000000e+04 1.697330671928674201e+04
1.702500000000000000e+04 1.702330671928674201e+04
1.707500000000000000e+04 1.707330671928674201e+04
1.712500000000000000e+04 1.712330671928674928e+04
1.717500000000000000e+04 1.717330671928675656e+04
1.722500000000000000e+04 1.722330671928674928e+04
1.727500000000000000e+04 1.727330671928675656e+04
1.732500000000000000e+04 1.732330671928675656e+04
1.737500000000000000e+04 1.737330671928675656e+04
1.742500000000000000e+04 1.742330671928675656e+04
1.747500000000000000e+04 1.747330671928675656e+04
1.752500000000000000e+04 1.752330671928675656e+04
1.757500000000000000e+04 1.757330671928675656e+04
1.762500000000000000e+04 1.762330671928675656e+04
1.767500000000000000e+04 1.767330671928675656e+04
1.772500000000000000e+04 1.772330671928676384e+04
1.777500000000000000e+04 1.777330671928675656e+04
1.782500000000000000e+04 1.782330671928675656e+04
1.787500000000000000e+04 1.787330671928675656e+04
1.792500000000000000e+04 1.792330671928675656e+04
1.797500000000000000e+04 1.797330671928675656e+04
1.802500000000000000e+04 1.802330671928675656e+04
1.807500000000000000e+04 1.807330671928675656e+04
1.812500000000000000e+04 1.812330671928675656e+04
1.817500000000000000e+04 1.817330671928675656e+04
1.822500000000000000e+04 1.822330671928675656e+04
1.827500000000000000e+04 1.827330671928675656e+04
1.832500000000000000e+04 1.832330671928675656e+04
1.837500000000000000e+04 1.837330671928675656e+04
1.842500000000000000e+04 1.842330671928675656e+04
1.847500000000000000e+04 1.847330671928675656e+04
1.852500000000000000e+04 1.852330671928675656e+04
1.857500000000000000e+04 1.857330671928675656e+04
1.862500000000000000e+04 1.862330671928675656e+04
1.867500000000000000e+04 1.867330671928675656e+04
1.872500000000000000e+04 1.872330671928675656e+04
1.877500000000000000e+04 1.877330671928675656e+04
1.882500000000000000e+04 1.882330671928675656e+04
1.887500000000000000e+04 1.887330671928675656e+04
1.892500000000000000e+04 1.892330671928675656e+04
1.897500000000000000e+04 1.897330671928675656e+04
1.902500000000000000e+04 1.902330671928675656e+04
1.907500000000000000e+04 1.907330671928675656e+04
1.912500000000000000e+04 1.912330671928675656e+04
1.917500000000000000e+04 1.917330671928675656e+04
1.922500000000000000e+04 1.922330671928675656e+04
1.927500000000000000e+04 1.927330671928675656e+04
1.932500000000000000e+04 1.932330671928675656e+04
1.937500000000000000e+04 1.937330671928675656e+04
1.942500000000000000e+04 1.942330671928675656e+04
1.947500000000000000e+04 1.947330671928675656e+04
1.952500000000000000e+04 1.952330671928675656e+04
1.957500000000000000e+04 1.957330671928675656e+04
1.962500000000000000e+04 1.962330671928675656e+04
1.967500000000000000e+04 1.967330671928675656e+04
1.972500000000000000e+04 1.972330671928675656e+04
1.977500000000000000e+04 1.977330671928675656e+04
1.982500000000000000e+04 1.982330671928675656e+04
1.987500000000000000e+04 1.987330671928675656e+04
1.992500000000000000e+04 1.992330671928675656e+04
