4.250000000000000000e+02 4.145689971786193269e+02
4.750000000000000000e+02 4.645689971786195542e+02
5.250000000000000000e+02 5.145689971786197248e+02
5.750000000000000000e+02 5.645689971786200658e+02
6.250000000000000000e+02 6.145689971786196111e+02
6.750000000000000000e+02 6.645689971786193837e+02
7.250000000000000000e+02 7.145689971786193837e+02
7.750000000000000000e+02 7.645689971786193837e+02
8.250000000000000000e+02 8.145689971786189290e+02
8.750000000000000000e+02 8.645689971786196111e+02
9.250000000000000000e+02 9.145689971786191563e+02
9.750000000000000000e+02 9.645689971786191563e+02
1.025000000000000000e+03 1.014568997178619156e+03
1.075000000000000000e+03 1.064568997178619156e+03
1.125000000000000000e+03 1.114568997178618247e+03
1.175000000000000000e+03 1.164568997178618247e+03
1.225000000000000000e+03 1.214568997178617792e+03
1.275000000000000000e+03 1.264568997178616883e+03
1.325000000000000000e+03 1.314568997178616428e+03
1.375000000000000000e+03 1.364568997178615973e+03
1.425000000000000000e+03 1.414568997178615518e+03
1.475000000000000000e+03 1.464568997178615518e+03
1.525000000000000000e+03 1.514568997178615518e+03
1.575000000000000000e+03 1.564568997178615518e+03
1.625000000000000000e+03 1.614568997178615518e+03
1.675000000000000000e+03 1.664568997178615518e+03
1.725000000000000000e+03 1.714568997178615518e+03
1.775000000000000000e+03 1.764568997178615518e+03
1.825000000000000000e+03 1.814568997178615518e+03
1.875000000000000000e+03 1.864568997178615518e+03
1.925000000000000000e+03 1.914568997178615518e+03
1.975000000000000000e+03 1.964568997178615518e+03
2.025000000000000000e+03 2.014568997178615518e+03
2.075000000000000000e+03 2.064568997178615518e+03
2.125000000000000000e+03 2.114568997178617337e+03
2.175000000000000000e+03 2.164568997178616883e+03
2.225000000000000000e+03 2.214568997178619611e+03
2.275000000000000000e+03 2.264568997178620521e+03
2.325000000000000000e+03 2.314568997178620521e+03
2.375000000000000000e+03 2.364568997178621430e+03
2.425000000000000000e+03 2.414568997178622340e+03
2.475000000000000000e+03 2.464568997178621430e+03
2.525000000000000000e+03 2.514568997178621430e+03
2.575000000000000000e+03 2.564568997178621430e+03
2.625000000000000000e+03 2.614568997178621430e+03
2.675000000000000000e+03 2.664568997178621430e+03
2.725000000000000000e+03 2.714568997178621430e+03
2.775000000000000000e+03 2.764568997178621430e+03
2.825000000000000000e+03 2.814568997178621430e+03
2.875000000000000000e+03 2.864568997178621430e+03
2.925000000000000000e+03 2.914568997178621430e+03
2.975000000000000000e+03 2.964568997178621430e+03
3.025000000000000000e+03 3.014568997178621430e+03
3.075000000000000000e+03 3.064568997178621430e+03
3.125000000000000000e+03 3.114568997178621430e+03
3.175000000000000000e+03 3.164568997178621430e+03
3.225000000000000000e+03 3.214568997178621430e+03
3.275000000000000000e+03 3.264568997178621430e+03
3.325000000000000000e+03 3.314568997178621430e+03
3.375000000000000000e+03 3.364568997178621430e+03
3.425000000000000000e+03 3.414568997178621430e+03
3.475000000000000000e+03 3.464568997178621430e+03
3.525000000000000000e+03 3.514568997178621430e+03
3.575000000000000000e+03 3.564568997178621430e+03
3.625000000000000000e+03 3.614568997178621430e+03
3.675000000000000000e+03 3.664568997178621430e+03
3.725000000000000000e+03 3.714568997178621430e+03
3.775000000000000000e+03 3.764568997178621430e+03
3.825000000000000000e+03 3.814568997178621430e+03
3.875000000000000000e+03 3.864568997178621430e+03
3.925000000000000000e+03 3.914568997178621430e+03
3.975000000000000000e+03 3.964568997178621430e+03
4.025000000000000000e+03 4.014568997178621430e+03
4.075000000000000000e+03 4.064568997178621430e+03
4.125000000000000000e+03 4.114568997178622340e+03
4.175000000000000000e+03 4.164568997178620521e+03
4.225000000000000000e+03 4.214568997178621430e+03
4.275000000000000000e+03 4.264568997178617792e+03
4.325000000000000000e+03 4.314568997178617792e+03
4.375000000000000000e+03 4.364568997178617792e+03
4.425000000000000000e+03 4.414568997178619611e+03
4.475000000000000000e+03 4.464568997178619611e+03
4.525000000000000000e+03 4.514568997178617792e+03
4.575000000000000000e+03 4.564568997178617792e+03
4.625000000000000000e+03 4.614568997178617792e+03
4.675000000000000000e+03 4.664568997178617792e+03
4.725000000000000000e+03 4.714568997178617792e+03
4.775000000000000000e+03 4.764568997178617792e+03
4.825000000000000000e+03 4.814568997178617792e+03
4.875000000000000000e+03 4.864568997178617792e+03
4.925000000000000000e+03 4.914568997178617792e+03
4.975000000000000000e+03 4.964568997178617792e+03
5.025000000000000000e+03 5.014568997178617792e+03
5.075000000000000000e+03 5.064568997178617792e+03
5.125000000000000000e+03 5.114568997178617792e+03
5.175000000000000000e+03 5.164568997178617792e+03
5.225000000000000000e+03 5.214568997178617792e+03
5.275000000000000000e+03 5.264568997178617792e+03
5.325000000000000000e+03 5.314568997178617792e+03
5.375000000000000000e+03 5.364568997178617792e+03
5.425000000000000000e+03 5.414568997178617792e+03
5.475000000000000000e+03 5.464568997178617792e+03
5.525000000000000000e+03 5.514568997178617792e+03
5.575000000000000000e+03 5.564568997178617792e+03
5.625000000000000000e+03 5.614568997178617792e+03
5.675000000000000000e+03 5.664568997178617792e+03
5.725000000000000000e+03 5.714568997178617792e+03
5.775000000000000000e+03 5.764568997178617792e+03
5.825000000000000000e+03 5.814568997178617792e+03
5.875000000000000000e+03 5.864568997178617792e+03
5.925000000000000000e+03 5.914568997178617792e+03
5.975000000000000000e+03 5.964568997178617792e+03
6.025000000000000000e+03 6.014568997178617792e+03
6.075000000000000000e+03 6.064568997178617792e+03
6.125000000000000000e+03 6.114568997178617792e+03
6.175000000000000000e+03 6.164568997178617792e+03
6.225000000000000000e+03 6.214568997178617792e+03
6.275000000000000000e+03 6.264568997178617792e+03
6.325000000000000000e+03 6.314568997178617792e+03
6.375000000000000000e+03 6.364568997178617792e+03
6.425000000000000000e+03 6.414568997178617792e+03
6.475000000000000000e+03 6.464568997178617792e+03
6.525000000000000000e+03 6.514568997178617792e+03
6.575000000000000000e+03 6.564568997178617792e+03
6.625000000000000000e+03 6.614568997178617792e+03
6.675000000000000000e+03 6.664568997178617792e+03
6.725000000000000000e+03 6.714568997178617792e+03
6.775000000000000000e+03 6.764568997178617792e+03
6.825000000000000000e+03 6.814568997178617792e+03
6.875000000000000000e+03 6.864568997178617792e+03
6.925000000000000000e+03 6.914568997178617792e+03
6.975000000000000000e+03 6.964568997178617792e+03
7.025000000000000000e+03 7.014568997178617792e+03
7.075000000000000000e+03 7.064568997178617792e+03
7.125000000000000000e+03 7.114568997178617792e+03
7.175000000000000000e+03 7.164568997178617792e+03
7.225000000000000000e+03 7.214568997178617792e+03
7.275000000000000000e+03 7.264568997178617792e+03
7.325000000000000000e+03 7.314568997178617792e+03
7.375000000000000000e+03 7.364568997178617792e+03
7.425000000000000000e+03 7.414568997178617792e+03
7.475000000000000000e+03 7.464568997178617792e+03
7.525000000000000000e+03 7.514568997178617792e+03
7.575000000000000000e+03 7.564568997178617792e+03
7.625000000000000000e+03 7.614568997178617792e+03
7.675000000000000000e+03 7.664568997178617792e+03
7.725000000000000000e+03 7.714568997178617792e+03
7.775000000000000000e+03 7.764568997178617792e+03
7.825000000000000000e+03 7.814568997178617792e+03
7.875000000000000000e+03 7.864568997178617792e+03
7.925000000000000000e+03 7.914568997178617792e+03
7.975000000000000000e+03 7.964568997178617792e+03
8.025000000000000000e+03 8.014568997178617792e+03
8.075000000000000000e+03 8.064568997178617792e+03
8.125000000000000000e+03 8.114568997178617792e+03
8.175000000000000000e+03 8.164568997178617792e+03
8.225000000000000000e+03 8.214568997178615973e+03
8.275000000000000000e+03 8.264568997178617792e+03
8.325000000000000000e+03 8.314568997178614154e+03
8.375000000000000000e+03 8.364568997178617792e+03
8.425000000000000000e+03 8.414568997178617792e+03
8.475000000000000000e+03 8.464568997178617792e+03
8.525000000000000000e+03 8.514568997178614154e+03
8.575000000000000000e+03 8.564568997178617792e+03
8.625000000000000000e+03 8.614568997178617792e+03
8.675000000000000000e+03 8.664568997178617792e+03
8.725000000000000000e+03 8.714568997178617792e+03
8.775000000000000000e+03 8.764568997178617792e+03
8.825000000000000000e+03 8.814568997178617792e+03
8.875000000000000000e+03 8.864568997178617792e+03
8.925000000000000000e+03 8.914568997178617792e+03
8.975000000000000000e+03 8.964568997178617792e+03
9.025000000000000000e+03 9.014568997178617792e+03
9.075000000000000000e+03 9.064568997178617792e+03
9.125000000000000000e+03 9.114568997178617792e+03
9.175000000000000000e+03 9.164568997178617792e+03
9.225000000000000000e+03 9.214568997178617792e+03
9.275000000000000000e+03 9.264568997178617792e+03
9.325000000000000000e+03 9.314568997178617792e+03
9.375000000000000000e+03 9.364568997178617792e+03
9.425000000000000000e+03 9.414568997178617792e+03
9.475000000000000000e+03 9.464568997178617792e+03
9.525000000000000000e+03 9.514568997178617792e+03
9.575000000000000000e+03 9.564568997178617792e+03
9.625000000000000000e+03 9.614568997178617792e+03
9.675000000000000000e+03 9.664568997178617792e+03
9.725000000000000000e+03 9.714568997178617792e+03
9.775000000000000000e+03 9.764568997178617792e+03
9.825000000000000000e+03 9.814568997178617792e+03
9.875000000000000000e+03 9.864568997178617792e+03
9.925000000000000000e+03 9.914568997178617792e+03
9.975000000000000000e+03 9.964568997178617792e+03
1.002500000000000000e+04 1.001456899717861779e+04
1.007500000000000000e+04 1.006456899717861779e+04
1.012500000000000000e+04 1.011456899717861779e+04
1.017500000000000000e+04 1.016456899717861779e+04
1.022500000000000000e+04 1.021456899717861779e+04
1.027500000000000000e+04 1.026456899717861779e+04
1.032500000000000000e+04 1.031456899717861779e+04
1.037500000000000000e+04 1.036456899717861779e+04
1.042500000000000000e+04 1.041456899717861779e+04
1.047500000000000000e+04 1.046456899717861779e+04
1.052500000000000000e+04 1.051456899717861779e+04
1.057500000000000000e+04 1.056456899717861779e+04
1.062500000000000000e+04 1.061456899717861779e+04
1.067500000000000000e+04 1.066456899717861779e+04
1.072500000000000000e+04 1.071456899717861779e+04
1.077500000000000000e+04 1.076456899717861779e+04
1.082500000000000000e+04 1.081456899717861779e+04
1.087500000000000000e+04 1.086456899717861779e+04
1.092500000000000000e+04 1.091456899717861779e+04
1.097500000000000000e+04 1.096456899717861779e+04
1.102500000000000000e+04 1.101456899717861779e+04
1.107500000000000000e+04 1.106456899717861779e+04
1.112500000000000000e+04 1.111456899717861779e+04
1.117500000000000000e+04 1.116456899717861779e+04
1.122500000000000000e+04 1.121456899717861779e+04
1.127500000000000000e+04 1.126456899717861779e+04
1.132500000000000000e+04 1.131456899717861779e+04
1.137500000000000000e+04 1.136456899717861779e+04
1.142500000000000000e+04 1.141456899717861779e+04
1.147500000000000000e+04 1.146456899717861779e+04
1.152500000000000000e+04 1.151456899717861779e+04
1.157500000000000000e+04 1.156456899717861779e+04
1.162500000000000000e+04 1.161456899717861779e+04
1.167500000000000000e+04 1.166456899717861779e+04
1.172500000000000000e+04 1.171456899717861779e+04
1.177500000000000000e+04 1.176456899717861779e+04
1.182500000000000000e+04 1.181456899717861779e+04
1.187500000000000000e+04 1.186456899717861779e+04
1.192500000000000000e+04 1.191456899717861779e+04
1.197500000000000000e+04 1.196456899717861779e+04
1.202500000000000000e+04 1.201456899717861779e+04
1.207500000000000000e+04 1.206456899717861779e+04
1.212500000000000000e+04 1.211456899717861779e+04
1.217500000000000000e+04 1.216456899717861779e+04
1.222500000000000000e+04 1.221456899717861779e+04
1.227500000000000000e+04 1.226456899717861779e+04
1.232500000000000000e+04 1.231456899717861779e+04
1.237500000000000000e+04 1.236456899717861779e+04
1.242500000000000000e+04 1.241456899717861779e+04
1.247500000000000000e+04 1.246456899717861779e+04
1.252500000000000000e+04 1.251456899717861779e+04
1.257500000000000000e+04 1.256456899717861779e+04
1.262500000000000000e+04 1.261456899717861779e+04
1.267500000000000000e+04 1.266456899717861779e+04
1.272500000000000000e+04 1.271456899717861779e+04
1.277500000000000000e+04 1.276456899717861779e+04
1.282500000000000000e+04 1.281456899717861779e+04
1.287500000000000000e+04 1.286456899717861779e+04
1.292500000000000000e+04 1.291456899717861779e+04
1.297500000000000000e+04 1.296456899717861779e+04
1.302500000000000000e+04 1.301456899717861779e+04
1.307500000000000000e+04 1.306456899717861779e+04
1.312500000000000000e+04 1.311456899717861779e+04
1.317500000000000000e+04 1.316456899717861779e+04
1.322500000000000000e+04 1.321456899717861779e+04
1.327500000000000000e+04 1.326456899717861779e+04
1.332500000000000000e+04 1.331456899717861779e+04
1.337500000000000000e+04 1.336456899717861779e+04
1.342500000000000000e+04 1.341456899717861779e+04
1.347500000000000000e+04 1.346456899717861779e+04
1.352500000000000000e+04 1.351456899717861779e+04
1.357500000000000000e+04 1.356456899717861779e+04
1.362500000000000000e+04 1.361456899717861779e+04
1.367500000000000000e+04 1.366456899717861779e+04
1.372500000000000000e+04 1.371456899717861779e+04
1.377500000000000000e+04 1.376456899717861779e+04
1.382500000000000000e+04 1.381456899717861779e+04
1.387500000000000000e+04 1.386456899717861779e+04
1.392500000000000000e+04 1.391456899717861779e+04
1.397500000000000000e+04 1.396456899717861779e+04
1.402500000000000000e+04 1.401456899717861779e+04
1.407500000000000000e+04 1.406456899717861779e+04
1.412500000000000000e+04 1.411456899717861779e+04
1.417500000000000000e+04 1.416456899717861779e+04
1.422500000000000000e+04 1.421456899717861779e+04
1.427500000000000000e+04 1.426456899717861779e+04
1.432500000000000000e+04 1.431456899717861779e+04
1.437500000000000000e+04 1.436456899717861779e+04
1.442500000000000000e+04 1.441456899717861779e+04
1.447500000000000000e+04 1.446456899717861779e+04
1.452500000000000000e+04 1.451456899717861779e+04
1.457500000000000000e+04 1.456456899717861779e+04
1.462500000000000000e+04 1.461456899717861779e+04
1.467500000000000000e+04 1.466456899717861779e+04
1.472500000000000000e+04 1.471456899717861779e+04
1.477500000000000000e+04 1.476456899717861779e+04
1.482500000000000000e+04 1.481456899717861779e+04
1.487500000000000000e+04 1.486456899717861779e+04
1.492500000000000000e+04 1.491456899717861779e+04
1.497500000000000000e+04 1.496456899717861779e+04
1.502500000000000000e+04 1.501456899717861779e+04
1.507500000000000000e+04 1.506456899717861779e+04
1.512500000000000000e+04 1.511456899717861779e+04
1.517500000000000000e+04 1.516456899717861779e+04
1.522500000000000000e+04 1.521456899717861779e+04
1.527500000000000000e+04 1.526456899717861779e+04
1.532500000000000000e+04 1.531456899717861779e+04
1.537500000000000000e+04 1.536456899717861779e+04
1.542500000000000000e+04 1.541456899717861779e+04
1.547500000000000000e+04 1.546456899717861779e+04
1.552500000000000000e+04 1.551456899717861779e+04
1.557500000000000000e+04 1.556456899717861779e+04
1.562500000000000000e+04 1.561456899717861779e+04
1.567500000000000000e+04 1.566456899717861779e+04
1.572500000000000000e+04 1.571456899717861779e+04
1.577500000000000000e+04 1.576456899717861779e+04
1.582500000000000000e+04 1.581456899717861779e+04
1.587500000000000000e+04 1.586456899717861779e+04
1.592500000000000000e+04 1.591456899717861779e+04
1.597500000000000000e+04 1.596456899717861779e+04
1.602500000000000000e+04 1.601456899717861779e+04
1.607500000000000000e+04 1.606456899717861779e+04
1.612500000000000000e+04 1.611456899717861779e+04
1.617500000000000000e+04 1.616456899717861779e+04
1.622500000000000000e+04 1.621456899717861779e+04
1.627500000000000000e+04 1.626456899717861779e+04
1.632500000000000000e+04 1.631456899717861779e+04
1.637500000000000000e+04 1.636456899717861779e+04
1.642500000000000000e+04 1.641456899717861597e+04
1.647500000000000000e+04 1.646456899717862325e+04
1.652500000000000000e+04 1.651456899717861961e+04
1.657500000000000000e+04 1.656456899717861234e+04
1.662500000000000000e+04 1.661456899717861234e+04
1.667500000000000000e+04 1.666456899717861234e+04
1.672500000000000000e+04 1.671456899717861234e+04
1.677500000000000000e+04 1.676456899717861234e+04
1.682500000000000000e+04 1.681456899717861234e+04
1.687500000000000000e+04 1.686456899717861234e+04
1.692500000000000000e+04 1.691456899717861234e+04
1.697500000000000000e+04 1.696456899717861234e+04
1.702500000000000000e+04 1.701456899717861234e+04
1.707500000000000000e+04 1.706456899717861234e+04
1.712500000000000000e+04 1.711456899717861234e+04
1.717500000000000000e+04 1.716456899717861234e+04
1.722500000000000000e+04 1.721456899717861234e+04
1.727500000000000000e+04 1.726456899717861234e+04
1.732500000000000000e+04 1.731456899717861234e+04
1.737500000000000000e+04 1.736456899717861234e+04
1.742500000000000000e+04 1.741456899717861234e+04
1.747500000000000000e+04 1.746456899717861234e+04
1.752500000000000000e+04 1.751456899717861234e+04
1.757500000000000000e+04 1.756456899717861234e+04
1.762500000000000000e+04 1.761456899717861234e+04
1.767500000000000000e+04 1.766456899717861234e+04
1.772500000000000000e+04 1.771456899717861234e+04
1.777500000000000000e+04 1.776456899717861234e+04
1.782500000000000000e+04 1.781456899717861234e+04
1.787500000000000000e+04 1.786456899717861234e+04
1.792500000000000000e+04 1.791456899717861234e+04
1.797500000000000000e+04 1.796456899717861234e+04
1.802500000000000000e+04 1.801456899717861234e+04
1.807500000000000000e+04 1.806456899717861234e+04
1.812500000000000000e+04 1.811456899717861234e+04
1.817500000000000000e+04 1.816456899717861234e+04
1.822500000000000000e+04 1.821456899717861234e+04
1.827500000000000000e+04 1.826456899717861234e+04
1.832500000000000000e+04 1.831456899717861234e+04
1.837500000000000000e+04 1.836456899717861234e+04
1.842500000000000000e+04 1.841456899717861234e+04
1.847500000000000000e+04 1.846456899717861234e+04
1.852500000000000000e+04 1.851456899717861234e+04
1.857500000000000000e+04 1.856456899717861234e+04
1.862500000000000000e+04 1.861456899717861234e+04
1.867500000000000000e+04 1.866456899717861234e+04
1.872500000000000000e+04 1.871456899717861234e+04
1.877500000000000000e+04 1.876456899717861234e+04
1.882500000000000000e+04 1.881456899717861234e+04
1.887500000000000000e+04 1.886456899717861234e+04
1.892500000000000000e+04 1.891456899717861234e+04
1.897500000000000000e+04 1.896456899717861234e+04
1.902500000000000000e+04 1.901456899717861234e+04
1.907500000000000000e+04 1.906456899717861234e+04
1.912500000000000000e+04 1.911456899717861234e+04
1.917500000000000000e+04 1.916456899717861234e+04
1.922500000000000000e+04 1.921456899717861234e+04
1.927500000000000000e+04 1.926456899717861234e+04
1.932500000000000000e+04 1.931456899717861234e+04
1.937500000000000000e+04 1.936456899717861234e+04
1.942500000000000000e+04 1.941456899717861234e+04
1.947500000000000000e+04 1.946456899717861234e+04
1.952500000000000000e+04 1.951456899717861234e+04
1.957500000000000000e+04 1.956456899717861234e+04
1.962500000000000000e+04 1.961456899717861234e+04
1.967500000000000000e+04 1.966456899717861234e+04
1.972500000000000000e+04 1.971456899717861234e+04
1.977500000000000000e+04 1.976456899717861234e+04
1.982500000000000000e+04 1.981456899717861234e+04
1.987500000000000000e+04 1.986456899717861234e+04
1.992500000000000000e+04 1.991456899717861234e+04
