1.625000000000000000e+03 1.623064822042000287e+03
1.675000000000000000e+03 1.673064822042000742e+03
1.725000000000000000e+03 1.723064822042001197e+03
1.775000000000000000e+03 1.773064822042001197e+03
1.825000000000000000e+03 1.823064822042001197e+03
1.875000000000000000e+03 1.873064822042001197e+03
1.925000000000000000e+03 1.923064822042001197e+03
1.975000000000000000e+03 1.973064822042000742e+03
2.025000000000000000e+03 2.023064822042001197e+03
2.075000000000000000e+03 2.073064822042000742e+03
2.125000000000000000e+03 2.123064822041999832e+03
2.175000000000000000e+03 2.173064822041999832e+03
2.225000000000000000e+03 2.223064822042000742e+03
2.275000000000000000e+03 2.273064822041999832e+03
2.325000000000000000e+03 2.323064822042000742e+03
2.375000000000000000e+03 2.373064822042000742e+03
2.425000000000000000e+03 2.423064822042000742e+03
2.475000000000000000e+03 2.473064822042001651e+03
2.525000000000000000e+03 2.523064822042000742e+03
2.575000000000000000e+03 2.573064822041999832e+03
2.625000000000000000e+03 2.623064822041999832e+03
2.675000000000000000e+03 2.673064822041999832e+03
2.725000000000000000e+03 2.723064822042000742e+03
2.775000000000000000e+03 2.773064822042000742e+03
2.825000000000000000e+03 2.823064822042000742e+03
2.875000000000000000e+03 2.873064822042000742e+03
2.925000000000000000e+03 2.923064822042000742e+03
2.975000000000000000e+03 2.973064822042000742e+03
3.025000000000000000e+03 3.023064822042000742e+03
3.075000000000000000e+03 3.073064822042000742e+03
3.125000000000000000e+03 3.123064822041999832e+03
3.175000000000000000e+03 3.173064822041999832e+03
3.225000000000000000e+03 3.223064822041999832e+03
3.275000000000000000e+03 3.273064822041999832e+03
3.325000000000000000e+03 3.323064822041999832e+03
3.375000000000000000e+03 3.373064822041999832e+03
3.425000000000000000e+03 3.423064822041999832e+03
3.475000000000000000e+03 3.473064822042000742e+03
3.525000000000000000e+03 3.523064822042000742e+03
3.575000000000000000e+03 3.573064822041999832e+03
3.625000000000000000e+03 3.623064822042000742e+03
3.675000000000000000e+03 3.673064822041999832e+03
3.725000000000000000e+03 3.723064822041999832e+03
3.775000000000000000e+03 3.773064822041999832e+03
3.825000000000000000e+03 3.823064822041999832e+03
3.875000000000000000e+03 3.873064822041999832e+03
3.925000000000000000e+03 3.923064822041999832e+03
3.975000000000000000e+03 3.973064822041999832e+03
4.025000000000000000e+03 4.023064822041999832e+03
4.075000000000000000e+03 4.073064822041999832e+03
4.125000000000000000e+03 4.123064822042003470e+03
4.175000000000000000e+03 4.173064822042007108e+03
4.225000000000000000e+03 4.223064822042008927e+03
4.275000000000000000e+03 4.273064822042007108e+03
4.325000000000000000e+03 4.323064822042008927e+03
4.375000000000000000e+03 4.373064822042005289e+03
4.425000000000000000e+03 4.423064822042005289e+03
4.475000000000000000e+03 4.473064822042007108e+03
4.525000000000000000e+03 4.523064822042007108e+03
4.575000000000000000e+03 4.573064822042007108e+03
4.625000000000000000e+03 4.623064822042008927e+03
4.675000000000000000e+03 4.673064822042008927e+03
4.725000000000000000e+03 4.723064822042008927e+03
4.775000000000000000e+03 4.773064822042010746e+03
4.825000000000000000e+03 4.823064822042010746e+03
4.875000000000000000e+03 4.873064822042010746e+03
4.925000000000000000e+03 4.923064822042010746e+03
4.975000000000000000e+03 4.973064822042008927e+03
5.025000000000000000e+03 5.023064822042010746e+03
5.075000000000000000e+03 5.073064822042010746e+03
5.125000000000000000e+03 5.123064822042012565e+03
5.175000000000000000e+03 5.173064822042010746e+03
5.225000000000000000e+03 5.223064822042010746e+03
5.275000000000000000e+03 5.273064822042010746e+03
5.325000000000000000e+03 5.323064822042010746e+03
5.375000000000000000e+03 5.373064822042010746e+03
5.425000000000000000e+03 5.423064822042010746e+03
5.475000000000000000e+03 5.473064822042008927e+03
5.525000000000000000e+03 5.523064822042008927e+03
5.575000000000000000e+03 5.573064822042010746e+03
5.625000000000000000e+03 5.623064822042010746e+03
5.675000000000000000e+03 5.673064822042012565e+03
5.725000000000000000e+03 5.723064822042016203e+03
5.775000000000000000e+03 5.773064822042016203e+03
5.825000000000000000e+03 5.823064822042016203e+03
5.875000000000000000e+03 5.873064822042016203e+03
5.925000000000000000e+03 5.923064822042016203e+03
5.975000000000000000e+03 5.973064822042016203e+03
6.025000000000000000e+03 6.023064822042016203e+03
6.075000000000000000e+03 6.073064822042016203e+03
6.125000000000000000e+03 6.123064822042016203e+03
6.175000000000000000e+03 6.173064822042016203e+03
6.225000000000000000e+03 6.223064822042016203e+03
6.275000000000000000e+03 6.273064822042016203e+03
6.325000000000000000e+03 6.323064822042016203e+03
6.375000000000000000e+03 6.373064822042016203e+03
6.425000000000000000e+03 6.423064822042016203e+03
6.475000000000000000e+03 6.473064822042016203e+03
6.525000000000000000e+03 6.523064822042016203e+03
6.575000000000000000e+03 6.573064822042016203e+03
6.625000000000000000e+03 6.623064822042016203e+03
6.675000000000000000e+03 6.673064822042016203e+03
6.725000000000000000e+03 6.723064822042016203e+03
6.775000000000000000e+03 6.773064822042016203e+03
6.825000000000000000e+03 6.823064822042016203e+03
6.875000000000000000e+03 6.873064822042016203e+03
6.925000000000000000e+03 6.923064822042016203e+03
6.975000000000000000e+03 6.973064822042016203e+03
7.025000000000000000e+03 7.023064822042016203e+03
7.075000000000000000e+03 7.073064822042016203e+03
7.125000000000000000e+03 7.123064822042016203e+03
7.175000000000000000e+03 7.173064822042016203e+03
7.225000000000000000e+03 7.223064822042016203e+03
7.275000000000000000e+03 7.273064822042016203e+03
7.325000000000000000e+03 7.323064822042016203e+03
7.375000000000000000e+03 7.373064822042016203e+03
7.425000000000000000e+03 7.423064822042016203e+03
7.475000000000000000e+03 7.473064822042016203e+03
7.525000000000000000e+03 7.523064822042016203e+03
7.575000000000000000e+03 7.573064822042016203e+03
7.625000000000000000e+03 7.623064822042016203e+03
7.675000000000000000e+03 7.673064822042016203e+03
7.725000000000000000e+03 7.723064822042016203e+03
7.775000000000000000e+03 7.773064822042016203e+03
7.825000000000000000e+03 7.823064822042016203e+03
7.875000000000000000e+03 7.873064822042016203e+03
7.925000000000000000e+03 7.923064822042016203e+03
7.975000000000000000e+03 7.973064822042016203e+03
8.025000000000000000e+03 8.023064822042016203e+03
8.075000000000000000e+03 8.073064822042016203e+03
8.125000000000000000e+03 8.123064822042016203e+03
8.175000000000000000e+03 8.173064822042016203e+03
8.225000000000000000e+03 8.223064822042013475e+03
8.275000000000000000e+03 8.273064822042006199e+03
8.325000000000000000e+03 8.323064822042006199e+03
8.375000000000000000e+03 8.373064822042002561e+03
8.425000000000000000e+03 8.423064822042006199e+03
8.475000000000000000e+03 8.473064822042013475e+03
8.525000000000000000e+03 8.523064822042013475e+03
8.575000000000000000e+03 8.573064822042009837e+03
8.625000000000000000e+03 8.623064822042006199e+03
8.675000000000000000e+03 8.673064822042006199e+03
8.725000000000000000e+03 8.723064822042006199e+03
8.775000000000000000e+03 8.773064822042002561e+03
8.825000000000000000e+03 8.823064822042002561e+03
8.875000000000000000e+03 8.873064822042002561e+03
8.925000000000000000e+03 8.923064822042002561e+03
8.975000000000000000e+03 8.973064822042002561e+03
9.025000000000000000e+03 9.023064822042009837e+03
9.075000000000000000e+03 9.073064822042006199e+03
9.125000000000000000e+03 9.123064822042002561e+03
9.175000000000000000e+03 9.173064822042002561e+03
9.225000000000000000e+03 9.223064822042002561e+03
9.275000000000000000e+03 9.273064822042002561e+03
9.325000000000000000e+03 9.323064822042002561e+03
9.375000000000000000e+03 9.373064822042006199e+03
9.425000000000000000e+03 9.423064822042006199e+03
9.475000000000000000e+03 9.473064822042006199e+03
9.525000000000000000e+03 9.523064822042002561e+03
9.575000000000000000e+03 9.573064822042002561e+03
9.625000000000000000e+03 9.623064822042002561e+03
9.675000000000000000e+03 9.673064822042002561e+03
9.725000000000000000e+03 9.723064822041998923e+03
9.775000000000000000e+03 9.773064822041991647e+03
9.825000000000000000e+03 9.823064822041995285e+03
9.875000000000000000e+03 9.873064822041995285e+03
9.925000000000000000e+03 9.923064822041995285e+03
9.975000000000000000e+03 9.973064822041995285e+03
1.002500000000000000e+04 1.002306482204199528e+04
1.007500000000000000e+04 1.007306482204199528e+04
1.012500000000000000e+04 1.012306482204199528e+04
1.017500000000000000e+04 1.017306482204199528e+04
1.022500000000000000e+04 1.022306482204199528e+04
1.027500000000000000e+04 1.027306482204199528e+04
1.032500000000000000e+04 1.032306482204199528e+04
1.037500000000000000e+04 1.037306482204199528e+04
1.042500000000000000e+04 1.042306482204199528e+04
1.047500000000000000e+04 1.047306482204199528e+04
1.052500000000000000e+04 1.052306482204199528e+04
1.057500000000000000e+04 1.057306482204199528e+04
1.062500000000000000e+04 1.062306482204199528e+04
1.067500000000000000e+04 1.067306482204199528e+04
1.072500000000000000e+04 1.072306482204199528e+04
1.077500000000000000e+04 1.077306482204199528e+04
1.082500000000000000e+04 1.082306482204199528e+04
1.087500000000000000e+04 1.087306482204199528e+04
1.092500000000000000e+04 1.092306482204199528e+04
1.097500000000000000e+04 1.097306482204199528e+04
1.102500000000000000e+04 1.102306482204199528e+04
1.107500000000000000e+04 1.107306482204199528e+04
1.112500000000000000e+04 1.112306482204199528e+04
1.117500000000000000e+04 1.117306482204199528e+04
1.122500000000000000e+04 1.122306482204199528e+04
1.127500000000000000e+04 1.127306482204199528e+04
1.132500000000000000e+04 1.132306482204199528e+04
1.137500000000000000e+04 1.137306482204199528e+04
1.142500000000000000e+04 1.142306482204199528e+04
1.147500000000000000e+04 1.147306482204199528e+04
1.152500000000000000e+04 1.152306482204199528e+04
1.157500000000000000e+04 1.157306482204199528e+04
1.162500000000000000e+04 1.162306482204199528e+04
1.167500000000000000e+04 1.167306482204199528e+04
1.172500000000000000e+04 1.172306482204199528e+04
1.177500000000000000e+04 1.177306482204199528e+04
1.182500000000000000e+04 1.182306482204199528e+04
1.187500000000000000e+04 1.187306482204199528e+04
1.192500000000000000e+04 1.192306482204199528e+04
1.197500000000000000e+04 1.197306482204199528e+04
1.202500000000000000e+04 1.202306482204199528e+04
1.207500000000000000e+04 1.207306482204199528e+04
1.212500000000000000e+04 1.212306482204199528e+04
1.217500000000000000e+04 1.217306482204199528e+04
1.222500000000000000e+04 1.222306482204199528e+04
1.227500000000000000e+04 1.227306482204199528e+04
1.232500000000000000e+04 1.232306482204199528e+04
1.237500000000000000e+04 1.237306482204199528e+04
1.242500000000000000e+04 1.242306482204199528e+04
1.247500000000000000e+04 1.247306482204199528e+04
1.252500000000000000e+04 1.252306482204199528e+04
1.257500000000000000e+04 1.257306482204199528e+04
1.262500000000000000e+04 1.262306482204199528e+04
1.267500000000000000e+04 1.267306482204199528e+04
1.272500000000000000e+04 1.272306482204199528e+04
1.277500000000000000e+04 1.277306482204199528e+04
1.282500000000000000e+04 1.282306482204199528e+04
1.287500000000000000e+04 1.287306482204199528e+04
1.292500000000000000e+04 1.292306482204199528e+04
1.297500000000000000e+04 1.297306482204199528e+04
1.302500000000000000e+04 1.302306482204199528e+04
1.307500000000000000e+04 1.307306482204199528e+04
1.312500000000000000e+04 1.312306482204199528e+04
1.317500000000000000e+04 1.317306482204199528e+04
1.322500000000000000e+04 1.322306482204199528e+04
1.327500000000000000e+04 1.327306482204199528e+04
1.332500000000000000e+04 1.332306482204199528e+04
1.337500000000000000e+04 1.337306482204199528e+04
1.342500000000000000e+04 1.342306482204199528e+04
1.347500000000000000e+04 1.347306482204199528e+04
1.352500000000000000e+04 1.352306482204199528e+04
1.357500000000000000e+04 1.357306482204199528e+04
1.362500000000000000e+04 1.362306482204199528e+04
1.367500000000000000e+04 1.367306482204199528e+04
1.372500000000000000e+04 1.372306482204199528e+04
1.377500000000000000e+04 1.377306482204199528e+04
1.382500000000000000e+04 1.382306482204199528e+04
1.387500000000000000e+04 1.387306482204199528e+04
1.392500000000000000e+04 1.392306482204199528e+04
1.397500000000000000e+04 1.397306482204199528e+04
1.402500000000000000e+04 1.402306482204199528e+04
1.407500000000000000e+04 1.407306482204199528e+04
1.412500000000000000e+04 1.412306482204199528e+04
1.417500000000000000e+04 1.417306482204199528e+04
1.422500000000000000e+04 1.422306482204199528e+04
1.427500000000000000e+04 1.427306482204199528e+04
1.432500000000000000e+04 1.432306482204199528e+04
1.437500000000000000e+04 1.437306482204199528e+04
1.442500000000000000e+04 1.442306482204199528e+04
1.447500000000000000e+04 1.447306482204199528e+04
1.452500000000000000e+04 1.452306482204199528e+04
1.457500000000000000e+04 1.457306482204199528e+04
1.462500000000000000e+04 1.462306482204199528e+04
1.467500000000000000e+04 1.467306482204199528e+04
1.472500000000000000e+04 1.472306482204199528e+04
1.477500000000000000e+04 1.477306482204199528e+04
1.482500000000000000e+04 1.482306482204199528e+04
1.487500000000000000e+04 1.487306482204199528e+04
1.492500000000000000e+04 1.492306482204199528e+04
1.497500000000000000e+04 1.497306482204199528e+04
1.502500000000000000e+04 1.502306482204199528e+04
1.507500000000000000e+04 1.507306482204199528e+04
1.512500000000000000e+04 1.512306482204199528e+04
1.517500000000000000e+04 1.517306482204199528e+04
1.522500000000000000e+04 1.522306482204199528e+04
1.527500000000000000e+04 1.527306482204199528e+04
1.532500000000000000e+04 1.532306482204199528e+04
1.537500000000000000e+04 1.537306482204199528e+04
1.542500000000000000e+04 1.542306482204199528e+04
1.547500000000000000e+04 1.547306482204199528e+04
1.552500000000000000e+04 1.552306482204199528e+04
1.557500000000000000e+04 1.557306482204199528e+04
1.562500000000000000e+04 1.562306482204199528e+04
1.567500000000000000e+04 1.567306482204199528e+04
1.572500000000000000e+04 1.572306482204199528e+04
1.577500000000000000e+04 1.577306482204199528e+04
1.582500000000000000e+04 1.582306482204199528e+04
1.587500000000000000e+04 1.587306482204199528e+04
1.592500000000000000e+04 1.592306482204199528e+04
1.597500000000000000e+04 1.597306482204199528e+04
1.602500000000000000e+04 1.602306482204199528e+04
1.607500000000000000e+04 1.607306482204199528e+04
1.612500000000000000e+04 1.612306482204199528e+04
1.617500000000000000e+04 1.617306482204199528e+04
1.622500000000000000e+04 1.622306482204199528e+04
1.627500000000000000e+04 1.627306482204199528e+04
1.632500000000000000e+04 1.632306482204199528e+04
1.637500000000000000e+04 1.637306482204199528e+04
1.642500000000000000e+04 1.642306482204199347e+04
1.647500000000000000e+04 1.647306482204199347e+04
1.652500000000000000e+04 1.652306482204199347e+04
1.657500000000000000e+04 1.657306482204199347e+04
1.662500000000000000e+04 1.662306482204199347e+04
1.667500000000000000e+04 1.667306482204198619e+04
1.672500000000000000e+04 1.672306482204198255e+04
1.677500000000000000e+04 1.677306482204198983e+04
1.682500000000000000e+04 1.682306482204198255e+04
1.687500000000000000e+04 1.687306482204197528e+04
1.692500000000000000e+04 1.692306482204198255e+04
1.697500000000000000e+04 1.697306482204198255e+04
1.702500000000000000e+04 1.702306482204197528e+04
1.707500000000000000e+04 1.707306482204196800e+04
1.712500000000000000e+04 1.712306482204196800e+04
1.717500000000000000e+04 1.717306482204196800e+04
1.722500000000000000e+04 1.722306482204196800e+04
1.727500000000000000e+04 1.727306482204197528e+04
1.732500000000000000e+04 1.732306482204197528e+04
1.737500000000000000e+04 1.737306482204197528e+04
1.742500000000000000e+04 1.742306482204196800e+04
1.747500000000000000e+04 1.747306482204196800e+04
1.752500000000000000e+04 1.752306482204196072e+04
1.757500000000000000e+04 1.757306482204196072e+04
1.762500000000000000e+04 1.762306482204196800e+04
1.767500000000000000e+04 1.767306482204196800e+04
1.772500000000000000e+04 1.772306482204196800e+04
1.777500000000000000e+04 1.777306482204196072e+04
1.782500000000000000e+04 1.782306482204196800e+04
1.787500000000000000e+04 1.787306482204197528e+04
1.792500000000000000e+04 1.792306482204197528e+04
1.797500000000000000e+04 1.797306482204197528e+04
1.802500000000000000e+04 1.802306482204197528e+04
1.807500000000000000e+04 1.807306482204197528e+04
1.812500000000000000e+04 1.812306482204197528e+04
1.817500000000000000e+04 1.817306482204197528e+04
1.822500000000000000e+04 1.822306482204197528e+04
1.827500000000000000e+04 1.827306482204197528e+04
1.832500000000000000e+04 1.832306482204197528e+04
1.837500000000000000e+04 1.837306482204197528e+04
1.842500000000000000e+04 1.842306482204197528e+04
1.847500000000000000e+04 1.847306482204197528e+04
1.852500000000000000e+04 1.852306482204197528e+04
1.857500000000000000e+04 1.857306482204197528e+04
1.862500000000000000e+04 1.862306482204197528e+04
1.867500000000000000e+04 1.867306482204197528e+04
1.872500000000000000e+04 1.872306482204197528e+04
1.877500000000000000e+04 1.877306482204197528e+04
1.882500000000000000e+04 1.882306482204197528e+04
1.887500000000000000e+04 1.887306482204197528e+04
1.892500000000000000e+04 1.892306482204197528e+04
1.897500000000000000e+04 1.897306482204197528e+04
1.902500000000000000e+04 1.902306482204197528e+04
1.907500000000000000e+04 1.907306482204197528e+04
1.912500000000000000e+04 1.912306482204197528e+04
1.917500000000000000e+04 1.917306482204197528e+04
1.922500000000000000e+04 1.922306482204197528e+04
1.927500000000000000e+04 1.927306482204197528e+04
1.932500000000000000e+04 1.932306482204197528e+04
1.937500000000000000e+04 1.937306482204197528e+04
1.942500000000000000e+04 1.942306482204197528e+04
1.947500000000000000e+04 1.947306482204197528e+04
1.952500000000000000e+04 1.952306482204197528e+04
1.957500000000000000e+04 1.957306482204197528e+04
1.962500000000000000e+04 1.962306482204197528e+04
1.967500000000000000e+04 1.967306482204197528e+04
1.972500000000000000e+04 1.972306482204197528e+04
1.977500000000000000e+04 1.977306482204197528e+04
1.982500000000000000e+04 1.982306482204197528e+04
1.987500000000000000e+04 1.987306482204197528e+04
1.992500000000000000e+04 1.992306482204197528e+04
