1.625000000000000000e+03 1.620399066868650152e+03
1.675000000000000000e+03 1.670399066868650607e+03
1.725000000000000000e+03 1.720399066868650607e+03
1.775000000000000000e+03 1.770399066868650607e+03
1.825000000000000000e+03 1.820399066868650152e+03
1.875000000000000000e+03 1.870399066868650152e+03
1.925000000000000000e+03 1.920399066868651062e+03
1.975000000000000000e+03 1.970399066868650607e+03
2.025000000000000000e+03 2.020399066868650607e+03
2.075000000000000000e+03 2.070399066868649697e+03
2.125000000000000000e+03 2.120399066868651516e+03
2.175000000000000000e+03 2.170399066868651062e+03
2.225000000000000000e+03 2.220399066868650152e+03
2.275000000000000000e+03 2.270399066868651062e+03
2.325000000000000000e+03 2.320399066868650152e+03
2.375000000000000000e+03 2.370399066868651062e+03
2.425000000000000000e+03 2.420399066868651971e+03
2.475000000000000000e+03 2.470399066868652881e+03
2.525000000000000000e+03 2.520399066868652881e+03
2.575000000000000000e+03 2.570399066868653790e+03
2.625000000000000000e+03 2.620399066868653790e+03
2.675000000000000000e+03 2.670399066868652881e+03
2.725000000000000000e+03 2.720399066868652881e+03
2.775000000000000000e+03 2.770399066868652881e+03
2.825000000000000000e+03 2.820399066868652881e+03
2.875000000000000000e+03 2.870399066868653790e+03
2.925000000000000000e+03 2.920399066868652881e+03
2.975000000000000000e+03 2.970399066868651971e+03
3.025000000000000000e+03 3.020399066868651971e+03
3.075000000000000000e+03 3.070399066868652881e+03
3.125000000000000000e+03 3.120399066868652881e+03
3.175000000000000000e+03 3.170399066868651971e+03
3.225000000000000000e+03 3.220399066868651971e+03
3.275000000000000000e+03 3.270399066868651971e+03
3.325000000000000000e+03 3.320399066868651971e+03
3.375000000000000000e+03 3.370399066868651062e+03
3.425000000000000000e+03 3.420399066868651062e+03
3.475000000000000000e+03 3.470399066868651971e+03
3.525000000000000000e+03 3.520399066868651971e+03
3.575000000000000000e+03 3.570399066868652881e+03
3.625000000000000000e+03 3.620399066868652881e+03
3.675000000000000000e+03 3.670399066868652881e+03
3.725000000000000000e+03 3.720399066868652881e+03
3.775000000000000000e+03 3.770399066868652881e+03
3.825000000000000000e+03 3.820399066868652881e+03
3.875000000000000000e+03 3.870399066868652881e+03
3.925000000000000000e+03 3.920399066868652881e+03
3.975000000000000000e+03 3.970399066868652881e+03
4.025000000000000000e+03 4.020399066868652881e+03
4.075000000000000000e+03 4.070399066868652881e+03
4.125000000000000000e+03 4.120399066868652881e+03
4.175000000000000000e+03 4.170399066868652881e+03
4.225000000000000000e+03 4.220399066868656519e+03
4.275000000000000000e+03 4.270399066868654700e+03
4.325000000000000000e+03 4.320399066868653790e+03
4.375000000000000000e+03 4.370399066868651971e+03
4.425000000000000000e+03 4.420399066868650152e+03
4.475000000000000000e+03 4.470399066868646514e+03
4.525000000000000000e+03 4.520399066868646514e+03
4.575000000000000000e+03 4.570399066868646514e+03
4.625000000000000000e+03 4.620399066868646514e+03
4.675000000000000000e+03 4.670399066868646514e+03
4.725000000000000000e+03 4.720399066868644695e+03
4.775000000000000000e+03 4.770399066868646514e+03
4.825000000000000000e+03 4.820399066868644695e+03
4.875000000000000000e+03 4.870399066868644695e+03
4.925000000000000000e+03 4.920399066868642876e+03
4.975000000000000000e+03 4.970399066868644695e+03
5.025000000000000000e+03 5.020399066868644695e+03
5.075000000000000000e+03 5.070399066868644695e+03
5.125000000000000000e+03 5.120399066868644695e+03
5.175000000000000000e+03 5.170399066868644695e+03
5.225000000000000000e+03 5.220399066868646514e+03
5.275000000000000000e+03 5.270399066868644695e+03
5.325000000000000000e+03 5.320399066868644695e+03
5.375000000000000000e+03 5.370399066868646514e+03
5.425000000000000000e+03 5.420399066868646514e+03
5.475000000000000000e+03 5.470399066868646514e+03
5.525000000000000000e+03 5.520399066868646514e+03
5.575000000000000000e+03 5.570399066868646514e+03
5.625000000000000000e+03 5.620399066868644695e+03
5.675000000000000000e+03 5.670399066868644695e+03
5.725000000000000000e+03 5.720399066868644695e+03
5.775000000000000000e+03 5.770399066868644695e+03
5.825000000000000000e+03 5.820399066868644695e+03
5.875000000000000000e+03 5.870399066868644695e+03
5.925000000000000000e+03 5.920399066868644695e+03
5.975000000000000000e+03 5.970399066868644695e+03
6.025000000000000000e+03 6.020399066868644695e+03
6.075000000000000000e+03 6.070399066868644695e+03
6.125000000000000000e+03 6.120399066868644695e+03
6.175000000000000000e+03 6.170399066868644695e+03
6.225000000000000000e+03 6.220399066868644695e+03
6.275000000000000000e+03 6.270399066868644695e+03
6.325000000000000000e+03 6.320399066868644695e+03
6.375000000000000000e+03 6.370399066868644695e+03
6.425000000000000000e+03 6.420399066868644695e+03
6.475000000000000000e+03 6.470399066868644695e+03
6.525000000000000000e+03 6.520399066868644695e+03
6.575000000000000000e+03 6.570399066868644695e+03
6.625000000000000000e+03 6.620399066868644695e+03
6.675000000000000000e+03 6.670399066868644695e+03
6.725000000000000000e+03 6.720399066868644695e+03
6.775000000000000000e+03 6.770399066868644695e+03
6.825000000000000000e+03 6.820399066868644695e+03
6.875000000000000000e+03 6.870399066868644695e+03
6.925000000000000000e+03 6.920399066868644695e+03
6.975000000000000000e+03 6.970399066868644695e+03
7.025000000000000000e+03 7.020399066868644695e+03
7.075000000000000000e+03 7.070399066868644695e+03
7.125000000000000000e+03 7.120399066868644695e+03
7.175000000000000000e+03 7.170399066868644695e+03
7.225000000000000000e+03 7.220399066868644695e+03
7.275000000000000000e+03 7.270399066868644695e+03
7.325000000000000000e+03 7.320399066868644695e+03
7.375000000000000000e+03 7.370399066868644695e+03
7.425000000000000000e+03 7.420399066868644695e+03
7.475000000000000000e+03 7.470399066868644695e+03
7.525000000000000000e+03 7.520399066868644695e+03
7.575000000000000000e+03 7.570399066868644695e+03
7.625000000000000000e+03 7.620399066868644695e+03
7.675000000000000000e+03 7.670399066868644695e+03
7.725000000000000000e+03 7.720399066868644695e+03
7.775000000000000000e+03 7.770399066868644695e+03
7.825000000000000000e+03 7.820399066868644695e+03
7.875000000000000000e+03 7.870399066868644695e+03
7.925000000000000000e+03 7.920399066868644695e+03
7.975000000000000000e+03 7.970399066868644695e+03
8.025000000000000000e+03 8.020399066868644695e+03
8.075000000000000000e+03 8.070399066868644695e+03
8.125000000000000000e+03 8.120399066868644695e+03
8.175000000000000000e+03 8.170399066868644695e+03
8.225000000000000000e+03 8.220399066868647424e+03
8.275000000000000000e+03 8.270399066868645605e+03
8.325000000000000000e+03 8.320399066868641967e+03
8.375000000000000000e+03 8.370399066868641967e+03
8.425000000000000000e+03 8.420399066868643786e+03
8.475000000000000000e+03 8.470399066868651062e+03
8.525000000000000000e+03 8.520399066868649243e+03
8.575000000000000000e+03 8.570399066868649243e+03
8.625000000000000000e+03 8.620399066868649243e+03
8.675000000000000000e+03 8.670399066868649243e+03
8.725000000000000000e+03 8.720399066868647424e+03
8.775000000000000000e+03 8.770399066868649243e+03
8.825000000000000000e+03 8.820399066868651062e+03
8.875000000000000000e+03 8.870399066868651062e+03
8.925000000000000000e+03 8.920399066868652881e+03
8.975000000000000000e+03 8.970399066868654700e+03
9.025000000000000000e+03 9.020399066868660157e+03
9.075000000000000000e+03 9.070399066868658338e+03
9.125000000000000000e+03 9.120399066868661976e+03
9.175000000000000000e+03 9.170399066868661976e+03
9.225000000000000000e+03 9.220399066868661976e+03
9.275000000000000000e+03 9.270399066868665614e+03
9.325000000000000000e+03 9.320399066868661976e+03
9.375000000000000000e+03 9.370399066868661976e+03
9.425000000000000000e+03 9.420399066868658338e+03
9.475000000000000000e+03 9.470399066868661976e+03
9.525000000000000000e+03 9.520399066868661976e+03
9.575000000000000000e+03 9.570399066868661976e+03
9.625000000000000000e+03 9.620399066868661976e+03
9.675000000000000000e+03 9.670399066868661976e+03
9.725000000000000000e+03 9.720399066868658338e+03
9.775000000000000000e+03 9.770399066868661976e+03
9.825000000000000000e+03 9.820399066868658338e+03
9.875000000000000000e+03 9.870399066868658338e+03
9.925000000000000000e+03 9.920399066868658338e+03
9.975000000000000000e+03 9.970399066868658338e+03
1.002500000000000000e+04 1.002039906686865834e+04
1.007500000000000000e+04 1.007039906686865834e+04
1.012500000000000000e+04 1.012039906686865834e+04
1.017500000000000000e+04 1.017039906686865834e+04
1.022500000000000000e+04 1.022039906686865834e+04
1.027500000000000000e+04 1.027039906686865834e+04
1.032500000000000000e+04 1.032039906686865834e+04
1.037500000000000000e+04 1.037039906686865834e+04
1.042500000000000000e+04 1.042039906686865834e+04
1.047500000000000000e+04 1.047039906686865834e+04
1.052500000000000000e+04 1.052039906686865834e+04
1.057500000000000000e+04 1.057039906686865834e+04
1.062500000000000000e+04 1.062039906686865834e+04
1.067500000000000000e+04 1.067039906686865834e+04
1.072500000000000000e+04 1.072039906686865834e+04
1.077500000000000000e+04 1.077039906686865834e+04
1.082500000000000000e+04 1.082039906686865834e+04
1.087500000000000000e+04 1.087039906686865834e+04
1.092500000000000000e+04 1.092039906686865834e+04
1.097500000000000000e+04 1.097039906686865834e+04
1.102500000000000000e+04 1.102039906686865834e+04
1.107500000000000000e+04 1.107039906686865834e+04
1.112500000000000000e+04 1.112039906686865834e+04
1.117500000000000000e+04 1.117039906686865834e+04
1.122500000000000000e+04 1.122039906686865834e+04
1.127500000000000000e+04 1.127039906686865834e+04
1.132500000000000000e+04 1.132039906686865834e+04
1.137500000000000000e+04 1.137039906686865834e+04
1.142500000000000000e+04 1.142039906686865834e+04
1.147500000000000000e+04 1.147039906686865834e+04
1.152500000000000000e+04 1.152039906686865834e+04
1.157500000000000000e+04 1.157039906686865834e+04
1.162500000000000000e+04 1.162039906686865834e+04
1.167500000000000000e+04 1.167039906686865834e+04
1.172500000000000000e+04 1.172039906686865834e+04
1.177500000000000000e+04 1.177039906686865834e+04
1.182500000000000000e+04 1.182039906686865834e+04
1.187500000000000000e+04 1.187039906686865834e+04
1.192500000000000000e+04 1.192039906686865834e+04
1.197500000000000000e+04 1.197039906686865834e+04
1.202500000000000000e+04 1.202039906686865834e+04
1.207500000000000000e+04 1.207039906686865834e+04
1.212500000000000000e+04 1.212039906686865834e+04
1.217500000000000000e+04 1.217039906686865834e+04
1.222500000000000000e+04 1.222039906686865834e+04
1.227500000000000000e+04 1.227039906686865834e+04
1.232500000000000000e+04 1.232039906686865834e+04
1.237500000000000000e+04 1.237039906686865834e+04
1.242500000000000000e+04 1.242039906686865834e+04
1.247500000000000000e+04 1.247039906686865834e+04
1.252500000000000000e+04 1.252039906686865834e+04
1.257500000000000000e+04 1.257039906686865834e+04
1.262500000000000000e+04 1.262039906686865834e+04
1.267500000000000000e+04 1.267039906686865834e+04
1.272500000000000000e+04 1.272039906686865834e+04
1.277500000000000000e+04 1.277039906686865834e+04
1.282500000000000000e+04 1.282039906686865834e+04
1.287500000000000000e+04 1.287039906686865834e+04
1.292500000000000000e+04 1.292039906686865834e+04
1.297500000000000000e+04 1.297039906686865834e+04
1.302500000000000000e+04 1.302039906686865834e+04
1.307500000000000000e+04 1.307039906686865834e+04
1.312500000000000000e+04 1.312039906686865834e+04
1.317500000000000000e+04 1.317039906686865834e+04
1.322500000000000000e+04 1.322039906686865834e+04
1.327500000000000000e+04 1.327039906686865834e+04
1.332500000000000000e+04 1.332039906686865834e+04
1.337500000000000000e+04 1.337039906686865834e+04
1.342500000000000000e+04 1.342039906686865834e+04
1.347500000000000000e+04 1.347039906686865834e+04
1.352500000000000000e+04 1.352039906686865834e+04
1.357500000000000000e+04 1.357039906686865834e+04
1.362500000000000000e+04 1.362039906686865834e+04
1.367500000000000000e+04 1.367039906686865834e+04
1.372500000000000000e+04 1.372039906686865834e+04
1.377500000000000000e+04 1.377039906686865834e+04
1.382500000000000000e+04 1.382039906686865834e+04
1.387500000000000000e+04 1.387039906686865834e+04
1.392500000000000000e+04 1.392039906686865834e+04
1.397500000000000000e+04 1.397039906686865834e+04
1.402500000000000000e+04 1.402039906686865834e+04
1.407500000000000000e+04 1.407039906686865834e+04
1.412500000000000000e+04 1.412039906686865834e+04
1.417500000000000000e+04 1.417039906686865834e+04
1.422500000000000000e+04 1.422039906686865834e+04
1.427500000000000000e+04 1.427039906686865834e+04
1.432500000000000000e+04 1.432039906686865834e+04
1.437500000000000000e+04 1.437039906686865834e+04
1.442500000000000000e+04 1.442039906686865834e+04
1.447500000000000000e+04 1.447039906686865834e+04
1.452500000000000000e+04 1.452039906686865834e+04
1.457500000000000000e+04 1.457039906686865834e+04
1.462500000000000000e+04 1.462039906686865834e+04
1.467500000000000000e+04 1.467039906686865834e+04
1.472500000000000000e+04 1.472039906686865834e+04
1.477500000000000000e+04 1.477039906686865834e+04
1.482500000000000000e+04 1.482039906686865834e+04
1.487500000000000000e+04 1.487039906686865834e+04
1.492500000000000000e+04 1.492039906686865834e+04
1.497500000000000000e+04 1.497039906686865834e+04
1.502500000000000000e+04 1.502039906686865834e+04
1.507500000000000000e+04 1.507039906686865834e+04
1.512500000000000000e+04 1.512039906686865834e+04
1.517500000000000000e+04 1.517039906686865834e+04
1.522500000000000000e+04 1.522039906686865834e+04
1.527500000000000000e+04 1.527039906686865834e+04
1.532500000000000000e+04 1.532039906686865834e+04
1.537500000000000000e+04 1.537039906686865834e+04
1.542500000000000000e+04 1.542039906686865834e+04
1.547500000000000000e+04 1.547039906686865834e+04
1.552500000000000000e+04 1.552039906686865834e+04
1.557500000000000000e+04 1.557039906686865834e+04
1.562500000000000000e+04 1.562039906686865834e+04
1.567500000000000000e+04 1.567039906686865834e+04
1.572500000000000000e+04 1.572039906686865834e+04
1.577500000000000000e+04 1.577039906686865834e+04
1.582500000000000000e+04 1.582039906686865834e+04
1.587500000000000000e+04 1.587039906686865834e+04
1.592500000000000000e+04 1.592039906686865834e+04
1.597500000000000000e+04 1.597039906686865834e+04
1.602500000000000000e+04 1.602039906686865834e+04
1.607500000000000000e+04 1.607039906686865834e+04
1.612500000000000000e+04 1.612039906686865834e+04
1.617500000000000000e+04 1.617039906686865834e+04
1.622500000000000000e+04 1.622039906686865834e+04
1.627500000000000000e+04 1.627039906686865834e+04
1.632500000000000000e+04 1.632039906686865834e+04
1.637500000000000000e+04 1.637039906686865834e+04
1.642500000000000000e+04 1.642039906686865288e+04
1.647500000000000000e+04 1.647039906686865288e+04
1.652500000000000000e+04 1.652039906686865652e+04
1.657500000000000000e+04 1.657039906686865652e+04
1.662500000000000000e+04 1.662039906686866016e+04
1.667500000000000000e+04 1.667039906686865288e+04
1.672500000000000000e+04 1.672039906686865288e+04
1.677500000000000000e+04 1.677039906686865288e+04
1.682500000000000000e+04 1.682039906686866016e+04
1.687500000000000000e+04 1.687039906686865288e+04
1.692500000000000000e+04 1.692039906686865288e+04
1.697500000000000000e+04 1.697039906686865288e+04
1.702500000000000000e+04 1.702039906686865288e+04
1.707500000000000000e+04 1.707039906686866016e+04
1.712500000000000000e+04 1.712039906686865288e+04
1.717500000000000000e+04 1.717039906686864560e+04
1.722500000000000000e+04 1.722039906686863833e+04
1.727500000000000000e+04 1.727039906686863833e+04
1.732500000000000000e+04 1.732039906686863833e+04
1.737500000000000000e+04 1.737039906686863105e+04
1.742500000000000000e+04 1.742039906686863833e+04
1.747500000000000000e+04 1.747039906686863833e+04
1.752500000000000000e+04 1.752039906686863833e+04
1.757500000000000000e+04 1.757039906686863833e+04
1.762500000000000000e+04 1.762039906686863833e+04
1.767500000000000000e+04 1.767039906686864560e+04
1.772500000000000000e+04 1.772039906686863833e+04
1.777500000000000000e+04 1.777039906686863833e+04
1.782500000000000000e+04 1.782039906686864560e+04
1.787500000000000000e+04 1.787039906686863833e+04
1.792500000000000000e+04 1.792039906686864560e+04
1.797500000000000000e+04 1.797039906686864560e+04
1.802500000000000000e+04 1.802039906686864560e+04
1.807500000000000000e+04 1.807039906686864560e+04
1.812500000000000000e+04 1.812039906686864560e+04
1.817500000000000000e+04 1.817039906686864560e+04
1.822500000000000000e+04 1.822039906686864560e+04
1.827500000000000000e+04 1.827039906686864560e+04
1.832500000000000000e+04 1.832039906686864560e+04
1.837500000000000000e+04 1.837039906686864560e+04
1.842500000000000000e+04 1.842039906686864560e+04
1.847500000000000000e+04 1.847039906686864560e+04
1.852500000000000000e+04 1.852039906686864560e+04
1.857500000000000000e+04 1.857039906686864560e+04
1.862500000000000000e+04 1.862039906686864560e+04
1.867500000000000000e+04 1.867039906686864560e+04
1.872500000000000000e+04 1.872039906686864560e+04
1.877500000000000000e+04 1.877039906686864560e+04
1.882500000000000000e+04 1.882039906686864560e+04
1.887500000000000000e+04 1.887039906686864560e+04
1.892500000000000000e+04 1.892039906686864560e+04
1.897500000000000000e+04 1.897039906686864560e+04
1.902500000000000000e+04 1.902039906686864560e+04
1.907500000000000000e+04 1.907039906686864560e+04
1.912500000000000000e+04 1.912039906686864560e+04
1.917500000000000000e+04 1.917039906686864560e+04
1.922500000000000000e+04 1.922039906686864560e+04
1.927500000000000000e+04 1.927039906686864560e+04
1.932500000000000000e+04 1.932039906686864560e+04
1.937500000000000000e+04 1.937039906686864560e+04
1.942500000000000000e+04 1.942039906686864560e+04
1.947500000000000000e+04 1.947039906686864560e+04
1.952500000000000000e+04 1.952039906686864560e+04
1.957500000000000000e+04 1.957039906686864560e+04
1.962500000000000000e+04 1.962039906686864560e+04
1.967500000000000000e+04 1.967039906686864560e+04
1.972500000000000000e+04 1.972039906686864560e+04
1.977500000000000000e+04 1.977039906686864560e+04
1.982500000000000000e+04 1.982039906686864560e+04
1.987500000000000000e+04 1.987039906686864560e+04
1.992500000000000000e+04 1.992039906686864560e+04
