4.250000000000000000e+02 4.226633545486961339e+02
4.750000000000000000e+02 4.726633545486960202e+02
5.250000000000000000e+02 5.226633545486959065e+02
5.750000000000000000e+02 5.726633545486959065e+02
6.250000000000000000e+02 6.226633545486956791e+02
6.750000000000000000e+02 6.726633545486959065e+02
7.250000000000000000e+02 7.226633545486956791e+02
7.750000000000000000e+02 7.726633545486956791e+02
8.250000000000000000e+02 8.226633545486954517e+02
8.750000000000000000e+02 8.726633545486954517e+02
9.250000000000000000e+02 9.226633545486954517e+02
9.750000000000000000e+02 9.726633545486954517e+02
1.025000000000000000e+03 1.022663354548695452e+03
1.075000000000000000e+03 1.072663354548696361e+03
1.125000000000000000e+03 1.122663354548696361e+03
1.175000000000000000e+03 1.172663354548696816e+03
1.225000000000000000e+03 1.222663354548696816e+03
1.275000000000000000e+03 1.272663354548696816e+03
1.325000000000000000e+03 1.322663354548696816e+03
1.375000000000000000e+03 1.372663354548697271e+03
1.425000000000000000e+03 1.422663354548696816e+03
1.475000000000000000e+03 1.472663354548696816e+03
1.525000000000000000e+03 1.522663354548696816e+03
1.575000000000000000e+03 1.572663354548696816e+03
1.625000000000000000e+03 1.622663354548696816e+03
1.675000000000000000e+03 1.672663354548696816e+03
1.725000000000000000e+03 1.722663354548696816e+03
1.775000000000000000e+03 1.772663354548696816e+03
1.825000000000000000e+03 1.822663354548696816e+03
1.875000000000000000e+03 1.872663354548696816e+03
1.925000000000000000e+03 1.922663354548696816e+03
1.975000000000000000e+03 1.972663354548696816e+03
2.025000000000000000e+03 2.022663354548696816e+03
2.075000000000000000e+03 2.072663354548697498e+03
2.125000000000000000e+03 2.122663354548697498e+03
2.175000000000000000e+03 2.172663354548696589e+03
2.225000000000000000e+03 2.222663354548698408e+03
2.275000000000000000e+03 2.272663354548698408e+03
2.325000000000000000e+03 2.322663354548698408e+03
2.375000000000000000e+03 2.372663354548698408e+03
2.425000000000000000e+03 2.422663354548696589e+03
2.475000000000000000e+03 2.472663354548698408e+03
2.525000000000000000e+03 2.522663354548698408e+03
2.575000000000000000e+03 2.572663354548698408e+03
2.625000000000000000e+03 2.622663354548698408e+03
2.675000000000000000e+03 2.672663354548698408e+03
2.725000000000000000e+03 2.722663354548698408e+03
2.775000000000000000e+03 2.772663354548698408e+03
2.825000000000000000e+03 2.822663354548698408e+03
2.875000000000000000e+03 2.872663354548698408e+03
2.925000000000000000e+03 2.922663354548698408e+03
2.975000000000000000e+03 2.972663354548698408e+03
3.025000000000000000e+03 3.022663354548698408e+03
3.075000000000000000e+03 3.072663354548698408e+03
3.125000000000000000e+03 3.122663354548698408e+03
3.175000000000000000e+03 3.172663354548698408e+03
3.225000000000000000e+03 3.222663354548698408e+03
3.275000000000000000e+03 3.272663354548698408e+03
3.325000000000000000e+03 3.322663354548698408e+03
3.375000000000000000e+03 3.372663354548698408e+03
3.425000000000000000e+03 3.422663354548698408e+03
3.475000000000000000e+03 3.472663354548698408e+03
3.525000000000000000e+03 3.522663354548698408e+03
3.575000000000000000e+03 3.572663354548698408e+03
3.625000000000000000e+03 3.622663354548698408e+03
3.675000000000000000e+03 3.672663354548698408e+03
3.725000000000000000e+03 3.722663354548698408e+03
3.775000000000000000e+03 3.772663354548698408e+03
3.825000000000000000e+03 3.822663354548698408e+03
3.875000000000000000e+03 3.872663354548698408e+03
3.925000000000000000e+03 3.922663354548698408e+03
3.975000000000000000e+03 3.972663354548698408e+03
4.025000000000000000e+03 4.022663354548698408e+03
4.075000000000000000e+03 4.072663354548698408e+03
4.125000000000000000e+03 4.122663354548697498e+03
4.175000000000000000e+03 4.172663354548699317e+03
4.225000000000000000e+03 4.222663354548701136e+03
4.275000000000000000e+03 4.272663354548699317e+03
4.325000000000000000e+03 4.322663354548702955e+03
4.375000000000000000e+03 4.372663354548701136e+03
4.425000000000000000e+03 4.422663354548699317e+03
4.475000000000000000e+03 4.472663354548699317e+03
4.525000000000000000e+03 4.522663354548697498e+03
4.575000000000000000e+03 4.572663354548697498e+03
4.625000000000000000e+03 4.622663354548697498e+03
4.675000000000000000e+03 4.672663354548697498e+03
4.725000000000000000e+03 4.722663354548697498e+03
4.775000000000000000e+03 4.772663354548697498e+03
4.825000000000000000e+03 4.822663354548697498e+03
4.875000000000000000e+03 4.872663354548697498e+03
4.925000000000000000e+03 4.922663354548697498e+03
4.975000000000000000e+03 4.972663354548697498e+03
5.025000000000000000e+03 5.022663354548697498e+03
5.075000000000000000e+03 5.072663354548697498e+03
5.125000000000000000e+03 5.122663354548697498e+03
5.175000000000000000e+03 5.172663354548697498e+03
5.225000000000000000e+03 5.222663354548697498e+03
5.275000000000000000e+03 5.272663354548697498e+03
5.325000000000000000e+03 5.322663354548697498e+03
5.375000000000000000e+03 5.372663354548697498e+03
5.425000000000000000e+03 5.422663354548697498e+03
5.475000000000000000e+03 5.472663354548697498e+03
5.525000000000000000e+03 5.522663354548697498e+03
5.575000000000000000e+03 5.572663354548697498e+03
5.625000000000000000e+03 5.622663354548697498e+03
5.675000000000000000e+03 5.672663354548697498e+03
5.725000000000000000e+03 5.722663354548697498e+03
5.775000000000000000e+03 5.772663354548697498e+03
5.825000000000000000e+03 5.822663354548697498e+03
5.875000000000000000e+03 5.872663354548697498e+03
5.925000000000000000e+03 5.922663354548697498e+03
5.975000000000000000e+03 5.972663354548697498e+03
6.025000000000000000e+03 6.022663354548697498e+03
6.075000000000000000e+03 6.072663354548697498e+03
6.125000000000000000e+03 6.122663354548697498e+03
6.175000000000000000e+03 6.172663354548697498e+03
6.225000000000000000e+03 6.222663354548697498e+03
6.275000000000000000e+03 6.272663354548697498e+03
6.325000000000000000e+03 6.322663354548697498e+03
6.375000000000000000e+03 6.372663354548697498e+03
6.425000000000000000e+03 6.422663354548697498e+03
6.475000000000000000e+03 6.472663354548697498e+03
6.525000000000000000e+03 6.522663354548697498e+03
6.575000000000000000e+03 6.572663354548697498e+03
6.625000000000000000e+03 6.622663354548697498e+03
6.675000000000000000e+03 6.672663354548697498e+03
6.725000000000000000e+03 6.722663354548697498e+03
6.775000000000000000e+03 6.772663354548697498e+03
6.825000000000000000e+03 6.822663354548697498e+03
6.875000000000000000e+03 6.872663354548697498e+03
6.925000000000000000e+03 6.922663354548697498e+03
6.975000000000000000e+03 6.972663354548697498e+03
7.025000000000000000e+03 7.022663354548697498e+03
7.075000000000000000e+03 7.072663354548697498e+03
7.125000000000000000e+03 7.122663354548697498e+03
7.175000000000000000e+03 7.172663354548697498e+03
7.225000000000000000e+03 7.222663354548697498e+03
7.275000000000000000e+03 7.272663354548697498e+03
7.325000000000000000e+03 7.322663354548697498e+03
7.375000000000000000e+03 7.372663354548697498e+03
7.425000000000000000e+03 7.422663354548697498e+03
7.475000000000000000e+03 7.472663354548697498e+03
7.525000000000000000e+03 7.522663354548697498e+03
7.575000000000000000e+03 7.572663354548697498e+03
7.625000000000000000e+03 7.622663354548697498e+03
7.675000000000000000e+03 7.672663354548697498e+03
7.725000000000000000e+03 7.722663354548697498e+03
7.775000000000000000e+03 7.772663354548697498e+03
7.825000000000000000e+03 7.822663354548697498e+03
7.875000000000000000e+03 7.872663354548697498e+03
7.925000000000000000e+03 7.922663354548697498e+03
7.975000000000000000e+03 7.972663354548697498e+03
8.025000000000000000e+03 8.022663354548697498e+03
8.075000000000000000e+03 8.072663354548697498e+03
8.125000000000000000e+03 8.122663354548697498e+03
8.175000000000000000e+03 8.172663354548697498e+03
8.225000000000000000e+03 8.222663354548698408e+03
8.275000000000000000e+03 8.272663354548689313e+03
8.325000000000000000e+03 8.322663354548692951e+03
8.375000000000000000e+03 8.372663354548691132e+03
8.425000000000000000e+03 8.422663354548691132e+03
8.475000000000000000e+03 8.472663354548687494e+03
8.525000000000000000e+03 8.522663354548691132e+03
8.575000000000000000e+03 8.572663354548691132e+03
8.625000000000000000e+03 8.622663354548694770e+03
8.675000000000000000e+03 8.672663354548694770e+03
8.725000000000000000e+03 8.722663354548694770e+03
8.775000000000000000e+03 8.772663354548694770e+03
8.825000000000000000e+03 8.822663354548694770e+03
8.875000000000000000e+03 8.872663354548694770e+03
8.925000000000000000e+03 8.922663354548694770e+03
8.975000000000000000e+03 8.972663354548694770e+03
9.025000000000000000e+03 9.022663354548694770e+03
9.075000000000000000e+03 9.072663354548694770e+03
9.125000000000000000e+03 9.122663354548694770e+03
9.175000000000000000e+03 9.172663354548694770e+03
9.225000000000000000e+03 9.222663354548694770e+03
9.275000000000000000e+03 9.272663354548694770e+03
9.325000000000000000e+03 9.322663354548694770e+03
9.375000000000000000e+03 9.372663354548694770e+03
9.425000000000000000e+03 9.422663354548694770e+03
9.475000000000000000e+03 9.472663354548694770e+03
9.525000000000000000e+03 9.522663354548694770e+03
9.575000000000000000e+03 9.572663354548694770e+03
9.625000000000000000e+03 9.622663354548694770e+03
9.675000000000000000e+03 9.672663354548694770e+03
9.725000000000000000e+03 9.722663354548694770e+03
9.775000000000000000e+03 9.772663354548694770e+03
9.825000000000000000e+03 9.822663354548694770e+03
9.875000000000000000e+03 9.872663354548694770e+03
9.925000000000000000e+03 9.922663354548694770e+03
9.975000000000000000e+03 9.972663354548694770e+03
1.002500000000000000e+04 1.002266335454869477e+04
1.007500000000000000e+04 1.007266335454869477e+04
1.012500000000000000e+04 1.012266335454869477e+04
1.017500000000000000e+04 1.017266335454869477e+04
1.022500000000000000e+04 1.022266335454869477e+04
1.027500000000000000e+04 1.027266335454869477e+04
1.032500000000000000e+04 1.032266335454869477e+04
1.037500000000000000e+04 1.037266335454869477e+04
1.042500000000000000e+04 1.042266335454869477e+04
1.047500000000000000e+04 1.047266335454869477e+04
1.052500000000000000e+04 1.052266335454869477e+04
1.057500000000000000e+04 1.057266335454869477e+04
1.062500000000000000e+04 1.062266335454869477e+04
1.067500000000000000e+04 1.067266335454869477e+04
1.072500000000000000e+04 1.072266335454869477e+04
1.077500000000000000e+04 1.077266335454869477e+04
1.082500000000000000e+04 1.082266335454869477e+04
1.087500000000000000e+04 1.087266335454869477e+04
1.092500000000000000e+04 1.092266335454869477e+04
1.097500000000000000e+04 1.097266335454869477e+04
1.102500000000000000e+04 1.102266335454869477e+04
1.107500000000000000e+04 1.107266335454869477e+04
1.112500000000000000e+04 1.112266335454869477e+04
1.117500000000000000e+04 1.117266335454869477e+04
1.122500000000000000e+04 1.122266335454869477e+04
1.127500000000000000e+04 1.127266335454869477e+04
1.132500000000000000e+04 1.132266335454869477e+04
1.137500000000000000e+04 1.137266335454869477e+04
1.142500000000000000e+04 1.142266335454869477e+04
1.147500000000000000e+04 1.147266335454869477e+04
1.152500000000000000e+04 1.152266335454869477e+04
1.157500000000000000e+04 1.157266335454869477e+04
1.162500000000000000e+04 1.162266335454869477e+04
1.167500000000000000e+04 1.167266335454869477e+04
1.172500000000000000e+04 1.172266335454869477e+04
1.177500000000000000e+04 1.177266335454869477e+04
1.182500000000000000e+04 1.182266335454869477e+04
1.187500000000000000e+04 1.187266335454869477e+04
1.192500000000000000e+04 1.192266335454869477e+04
1.197500000000000000e+04 1.197266335454869477e+04
1.202500000000000000e+04 1.202266335454869477e+04
1.207500000000000000e+04 1.207266335454869477e+04
1.212500000000000000e+04 1.212266335454869477e+04
1.217500000000000000e+04 1.217266335454869477e+04
1.222500000000000000e+04 1.222266335454869477e+04
1.227500000000000000e+04 1.227266335454869477e+04
1.232500000000000000e+04 1.232266335454869477e+04
1.237500000000000000e+04 1.237266335454869477e+04
1.242500000000000000e+04 1.242266335454869477e+04
1.247500000000000000e+04 1.247266335454869477e+04
1.252500000000000000e+04 1.252266335454869477e+04
1.257500000000000000e+04 1.257266335454869477e+04
1.262500000000000000e+04 1.262266335454869477e+04
1.267500000000000000e+04 1.267266335454869477e+04
1.272500000000000000e+04 1.272266335454869477e+04
1.277500000000000000e+04 1.277266335454869477e+04
1.282500000000000000e+04 1.282266335454869477e+04
1.287500000000000000e+04 1.287266335454869477e+04
1.292500000000000000e+04 1.292266335454869477e+04
1.297500000000000000e+04 1.297266335454869477e+04
1.302500000000000000e+04 1.302266335454869477e+04
1.307500000000000000e+04 1.307266335454869477e+04
1.312500000000000000e+04 1.312266335454869477e+04
1.317500000000000000e+04 1.317266335454869477e+04
1.322500000000000000e+04 1.322266335454869477e+04
1.327500000000000000e+04 1.327266335454869477e+04
1.332500000000000000e+04 1.332266335454869477e+04
1.337500000000000000e+04 1.337266335454869477e+04
1.342500000000000000e+04 1.342266335454869477e+04
1.347500000000000000e+04 1.347266335454869477e+04
1.352500000000000000e+04 1.352266335454869477e+04
1.357500000000000000e+04 1.357266335454869477e+04
1.362500000000000000e+04 1.362266335454869477e+04
1.367500000000000000e+04 1.367266335454869477e+04
1.372500000000000000e+04 1.372266335454869477e+04
1.377500000000000000e+04 1.377266335454869477e+04
1.382500000000000000e+04 1.382266335454869477e+04
1.387500000000000000e+04 1.387266335454869477e+04
1.392500000000000000e+04 1.392266335454869477e+04
1.397500000000000000e+04 1.397266335454869477e+04
1.402500000000000000e+04 1.402266335454869477e+04
1.407500000000000000e+04 1.407266335454869477e+04
1.412500000000000000e+04 1.412266335454869477e+04
1.417500000000000000e+04 1.417266335454869477e+04
1.422500000000000000e+04 1.422266335454869477e+04
1.427500000000000000e+04 1.427266335454869477e+04
1.432500000000000000e+04 1.432266335454869477e+04
1.437500000000000000e+04 1.437266335454869477e+04
1.442500000000000000e+04 1.442266335454869477e+04
1.447500000000000000e+04 1.447266335454869477e+04
1.452500000000000000e+04 1.452266335454869477e+04
1.457500000000000000e+04 1.457266335454869477e+04
1.462500000000000000e+04 1.462266335454869477e+04
1.467500000000000000e+04 1.467266335454869477e+04
1.472500000000000000e+04 1.472266335454869477e+04
1.477500000000000000e+04 1.477266335454869477e+04
1.482500000000000000e+04 1.482266335454869477e+04
1.487500000000000000e+04 1.487266335454869477e+04
1.492500000000000000e+04 1.492266335454869477e+04
1.497500000000000000e+04 1.497266335454869477e+04
1.502500000000000000e+04 1.502266335454869477e+04
1.507500000000000000e+04 1.507266335454869477e+04
1.512500000000000000e+04 1.512266335454869477e+04
1.517500000000000000e+04 1.517266335454869477e+04
1.522500000000000000e+04 1.522266335454869477e+04
1.527500000000000000e+04 1.527266335454869477e+04
1.532500000000000000e+04 1.532266335454869477e+04
1.537500000000000000e+04 1.537266335454869477e+04
1.542500000000000000e+04 1.542266335454869477e+04
1.547500000000000000e+04 1.547266335454869477e+04
1.552500000000000000e+04 1.552266335454869477e+04
1.557500000000000000e+04 1.557266335454869477e+04
1.562500000000000000e+04 1.562266335454869477e+04
1.567500000000000000e+04 1.567266335454869477e+04
1.572500000000000000e+04 1.572266335454869477e+04
1.577500000000000000e+04 1.577266335454869477e+04
1.582500000000000000e+04 1.582266335454869477e+04
1.587500000000000000e+04 1.587266335454869477e+04
1.592500000000000000e+04 1.592266335454869477e+04
1.597500000000000000e+04 1.597266335454869477e+04
1.602500000000000000e+04 1.602266335454869477e+04
1.607500000000000000e+04 1.607266335454869477e+04
1.612500000000000000e+04 1.612266335454869477e+04
1.617500000000000000e+04 1.617266335454869477e+04
1.622500000000000000e+04 1.622266335454869477e+04
1.627500000000000000e+04 1.627266335454869477e+04
1.632500000000000000e+04 1.632266335454869477e+04
1.637500000000000000e+04 1.637266335454869477e+04
1.642500000000000000e+04 1.642266335454869113e+04
1.647500000000000000e+04 1.647266335454869841e+04
1.652500000000000000e+04 1.652266335454869841e+04
1.657500000000000000e+04 1.657266335454869477e+04
1.662500000000000000e+04 1.662266335454870205e+04
1.667500000000000000e+04 1.667266335454870932e+04
1.672500000000000000e+04 1.672266335454870932e+04
1.677500000000000000e+04 1.677266335454870205e+04
1.682500000000000000e+04 1.682266335454870205e+04
1.687500000000000000e+04 1.687266335454870205e+04
1.692500000000000000e+04 1.692266335454870205e+04
1.697500000000000000e+04 1.697266335454870205e+04
1.702500000000000000e+04 1.702266335454870205e+04
1.707500000000000000e+04 1.707266335454870205e+04
1.712500000000000000e+04 1.712266335454870205e+04
1.717500000000000000e+04 1.717266335454870205e+04
1.722500000000000000e+04 1.722266335454870205e+04
1.727500000000000000e+04 1.727266335454870205e+04
1.732500000000000000e+04 1.732266335454870205e+04
1.737500000000000000e+04 1.737266335454870205e+04
1.742500000000000000e+04 1.742266335454870205e+04
1.747500000000000000e+04 1.747266335454870205e+04
1.752500000000000000e+04 1.752266335454870205e+04
1.757500000000000000e+04 1.757266335454870205e+04
1.762500000000000000e+04 1.762266335454870205e+04
1.767500000000000000e+04 1.767266335454870205e+04
1.772500000000000000e+04 1.772266335454870205e+04
1.777500000000000000e+04 1.777266335454870205e+04
1.782500000000000000e+04 1.782266335454870205e+04
1.787500000000000000e+04 1.787266335454870205e+04
1.792500000000000000e+04 1.792266335454870205e+04
1.797500000000000000e+04 1.797266335454870205e+04
1.802500000000000000e+04 1.802266335454870205e+04
1.807500000000000000e+04 1.807266335454870205e+04
1.812500000000000000e+04 1.812266335454870205e+04
1.817500000000000000e+04 1.817266335454870205e+04
1.822500000000000000e+04 1.822266335454870205e+04
1.827500000000000000e+04 1.827266335454870205e+04
1.832500000000000000e+04 1.832266335454870205e+04
1.837500000000000000e+04 1.837266335454870205e+04
1.842500000000000000e+04 1.842266335454870205e+04
1.847500000000000000e+04 1.847266335454870205e+04
1.852500000000000000e+04 1.852266335454870205e+04
1.857500000000000000e+04 1.857266335454870205e+04
1.862500000000000000e+04 1.862266335454870205e+04
1.867500000000000000e+04 1.867266335454870205e+04
1.872500000000000000e+04 1.872266335454870205e+04
1.877500000000000000e+04 1.877266335454870205e+04
1.882500000000000000e+04 1.882266335454870205e+04
1.887500000000000000e+04 1.887266335454870205e+04
1.892500000000000000e+04 1.892266335454870205e+04
1.897500000000000000e+04 1.897266335454870205e+04
1.902500000000000000e+04 1.902266335454870205e+04
1.907500000000000000e+04 1.907266335454870205e+04
1.912500000000000000e+04 1.912266335454870205e+04
1.917500000000000000e+04 1.917266335454870205e+04
1.922500000000000000e+04 1.922266335454870205e+04
1.927500000000000000e+04 1.927266335454870205e+04
1.932500000000000000e+04 1.932266335454870205e+04
1.937500000000000000e+04 1.937266335454870205e+04
1.942500000000000000e+04 1.942266335454870205e+04
1.947500000000000000e+04 1.947266335454870205e+04
1.952500000000000000e+04 1.952266335454870205e+04
1.957500000000000000e+04 1.957266335454870205e+04
1.962500000000000000e+04 1.962266335454870205e+04
1.967500000000000000e+04 1.967266335454870205e+04
1.972500000000000000e+04 1.972266335454870205e+04
1.977500000000000000e+04 1.977266335454870205e+04
1.982500000000000000e+04 1.982266335454870205e+04
1.987500000000000000e+04 1.987266335454870205e+04
1.992500000000000000e+04 1.992266335454870205e+04
