1.825000000000000000e+03 1.822822924797251289e+03
1.875000000000000000e+03 1.872822924797250835e+03
1.925000000000000000e+03 1.922822924797251289e+03
1.975000000000000000e+03 1.972822924797251289e+03
2.025000000000000000e+03 2.022822924797251289e+03
2.075000000000000000e+03 2.072822924797252654e+03
2.125000000000000000e+03 2.122822924797251289e+03
2.175000000000000000e+03 2.172822924797249925e+03
2.225000000000000000e+03 2.222822924797249016e+03
2.275000000000000000e+03 2.272822924797249925e+03
2.325000000000000000e+03 2.322822924797249016e+03
2.375000000000000000e+03 2.372822924797249925e+03
2.425000000000000000e+03 2.422822924797250835e+03
2.475000000000000000e+03 2.472822924797250835e+03
2.525000000000000000e+03 2.522822924797250835e+03
2.575000000000000000e+03 2.572822924797251744e+03
2.625000000000000000e+03 2.622822924797250835e+03
2.675000000000000000e+03 2.672822924797250835e+03
2.725000000000000000e+03 2.722822924797249925e+03
2.775000000000000000e+03 2.772822924797249925e+03
2.825000000000000000e+03 2.822822924797249925e+03
2.875000000000000000e+03 2.872822924797249016e+03
2.925000000000000000e+03 2.922822924797249925e+03
2.975000000000000000e+03 2.972822924797249925e+03
3.025000000000000000e+03 3.022822924797249925e+03
3.075000000000000000e+03 3.072822924797249925e+03
3.125000000000000000e+03 3.122822924797249016e+03
3.175000000000000000e+03 3.172822924797249016e+03
3.225000000000000000e+03 3.222822924797249016e+03
3.275000000000000000e+03 3.272822924797249016e+03
3.325000000000000000e+03 3.322822924797249016e+03
3.375000000000000000e+03 3.372822924797249016e+03
3.425000000000000000e+03 3.422822924797248106e+03
3.475000000000000000e+03 3.472822924797248106e+03
3.525000000000000000e+03 3.522822924797248106e+03
3.575000000000000000e+03 3.572822924797249016e+03
3.625000000000000000e+03 3.622822924797249016e+03
3.675000000000000000e+03 3.672822924797249016e+03
3.725000000000000000e+03 3.722822924797248106e+03
3.775000000000000000e+03 3.772822924797248106e+03
3.825000000000000000e+03 3.822822924797247197e+03
3.875000000000000000e+03 3.872822924797247197e+03
3.925000000000000000e+03 3.922822924797247197e+03
3.975000000000000000e+03 3.972822924797247197e+03
4.025000000000000000e+03 4.022822924797247197e+03
4.075000000000000000e+03 4.072822924797247197e+03
4.125000000000000000e+03 4.122822924797246742e+03
4.175000000000000000e+03 4.172822924797248561e+03
4.225000000000000000e+03 4.222822924797244923e+03
4.275000000000000000e+03 4.272822924797244923e+03
4.325000000000000000e+03 4.322822924797244923e+03
4.375000000000000000e+03 4.372822924797244923e+03
4.425000000000000000e+03 4.422822924797244923e+03
4.475000000000000000e+03 4.472822924797246742e+03
4.525000000000000000e+03 4.522822924797248561e+03
4.575000000000000000e+03 4.572822924797246742e+03
4.625000000000000000e+03 4.622822924797244923e+03
4.675000000000000000e+03 4.672822924797244923e+03
4.725000000000000000e+03 4.722822924797244923e+03
4.775000000000000000e+03 4.772822924797244923e+03
4.825000000000000000e+03 4.822822924797244923e+03
4.875000000000000000e+03 4.872822924797243104e+03
4.925000000000000000e+03 4.922822924797243104e+03
4.975000000000000000e+03 4.972822924797243104e+03
5.025000000000000000e+03 5.022822924797244923e+03
5.075000000000000000e+03 5.072822924797244923e+03
5.125000000000000000e+03 5.122822924797244923e+03
5.175000000000000000e+03 5.172822924797244923e+03
5.225000000000000000e+03 5.222822924797244923e+03
5.275000000000000000e+03 5.272822924797246742e+03
5.325000000000000000e+03 5.322822924797246742e+03
5.375000000000000000e+03 5.372822924797246742e+03
5.425000000000000000e+03 5.422822924797246742e+03
5.475000000000000000e+03 5.472822924797248561e+03
5.525000000000000000e+03 5.522822924797248561e+03
5.575000000000000000e+03 5.572822924797248561e+03
5.625000000000000000e+03 5.622822924797248561e+03
5.675000000000000000e+03 5.672822924797248561e+03
5.725000000000000000e+03 5.722822924797250380e+03
5.775000000000000000e+03 5.772822924797252199e+03
5.825000000000000000e+03 5.822822924797254018e+03
5.875000000000000000e+03 5.872822924797254018e+03
5.925000000000000000e+03 5.922822924797254018e+03
5.975000000000000000e+03 5.972822924797254018e+03
6.025000000000000000e+03 6.022822924797254018e+03
6.075000000000000000e+03 6.072822924797254018e+03
6.125000000000000000e+03 6.122822924797254018e+03
6.175000000000000000e+03 6.172822924797254018e+03
6.225000000000000000e+03 6.222822924797254018e+03
6.275000000000000000e+03 6.272822924797254018e+03
6.325000000000000000e+03 6.322822924797254018e+03
6.375000000000000000e+03 6.372822924797254018e+03
6.425000000000000000e+03 6.422822924797254018e+03
6.475000000000000000e+03 6.472822924797254018e+03
6.525000000000000000e+03 6.522822924797254018e+03
6.575000000000000000e+03 6.572822924797254018e+03
6.625000000000000000e+03 6.622822924797254018e+03
6.675000000000000000e+03 6.672822924797254018e+03
6.725000000000000000e+03 6.722822924797254018e+03
6.775000000000000000e+03 6.772822924797254018e+03
6.825000000000000000e+03 6.822822924797254018e+03
6.875000000000000000e+03 6.872822924797254018e+03
6.925000000000000000e+03 6.922822924797254018e+03
6.975000000000000000e+03 6.972822924797254018e+03
7.025000000000000000e+03 7.022822924797254018e+03
7.075000000000000000e+03 7.072822924797254018e+03
7.125000000000000000e+03 7.122822924797254018e+03
7.175000000000000000e+03 7.172822924797254018e+03
7.225000000000000000e+03 7.222822924797254018e+03
7.275000000000000000e+03 7.272822924797254018e+03
7.325000000000000000e+03 7.322822924797254018e+03
7.375000000000000000e+03 7.372822924797254018e+03
7.425000000000000000e+03 7.422822924797254018e+03
7.475000000000000000e+03 7.472822924797254018e+03
7.525000000000000000e+03 7.522822924797254018e+03
7.575000000000000000e+03 7.572822924797254018e+03
7.625000000000000000e+03 7.622822924797254018e+03
7.675000000000000000e+03 7.672822924797254018e+03
7.725000000000000000e+03 7.722822924797254018e+03
7.775000000000000000e+03 7.772822924797254018e+03
7.825000000000000000e+03 7.822822924797254018e+03
7.875000000000000000e+03 7.872822924797254018e+03
7.925000000000000000e+03 7.922822924797254018e+03
7.975000000000000000e+03 7.972822924797254018e+03
8.025000000000000000e+03 8.022822924797254018e+03
8.075000000000000000e+03 8.072822924797254018e+03
8.125000000000000000e+03 8.122822924797254018e+03
8.175000000000000000e+03 8.172822924797254018e+03
8.225000000000000000e+03 8.222822924797252199e+03
8.275000000000000000e+03 8.272822924797254018e+03
8.325000000000000000e+03 8.322822924797257656e+03
8.375000000000000000e+03 8.372822924797261294e+03
8.425000000000000000e+03 8.422822924797264932e+03
8.475000000000000000e+03 8.472822924797264932e+03
8.525000000000000000e+03 8.522822924797261294e+03
8.575000000000000000e+03 8.572822924797255837e+03
8.625000000000000000e+03 8.622822924797255837e+03
8.675000000000000000e+03 8.672822924797259475e+03
8.725000000000000000e+03 8.722822924797259475e+03
8.775000000000000000e+03 8.772822924797259475e+03
8.825000000000000000e+03 8.822822924797259475e+03
8.875000000000000000e+03 8.872822924797259475e+03
8.925000000000000000e+03 8.922822924797259475e+03
8.975000000000000000e+03 8.972822924797255837e+03
9.025000000000000000e+03 9.022822924797259475e+03
9.075000000000000000e+03 9.072822924797255837e+03
9.125000000000000000e+03 9.122822924797255837e+03
9.175000000000000000e+03 9.172822924797255837e+03
9.225000000000000000e+03 9.222822924797259475e+03
9.275000000000000000e+03 9.272822924797255837e+03
9.325000000000000000e+03 9.322822924797255837e+03
9.375000000000000000e+03 9.372822924797255837e+03
9.425000000000000000e+03 9.422822924797255837e+03
9.475000000000000000e+03 9.472822924797252199e+03
9.525000000000000000e+03 9.522822924797252199e+03
9.575000000000000000e+03 9.572822924797252199e+03
9.625000000000000000e+03 9.622822924797252199e+03
9.675000000000000000e+03 9.672822924797252199e+03
9.725000000000000000e+03 9.722822924797255837e+03
9.775000000000000000e+03 9.772822924797255837e+03
9.825000000000000000e+03 9.822822924797252199e+03
9.875000000000000000e+03 9.872822924797252199e+03
9.925000000000000000e+03 9.922822924797252199e+03
9.975000000000000000e+03 9.972822924797252199e+03
1.002500000000000000e+04 1.002282292479725220e+04
1.007500000000000000e+04 1.007282292479725220e+04
1.012500000000000000e+04 1.012282292479725220e+04
1.017500000000000000e+04 1.017282292479725220e+04
1.022500000000000000e+04 1.022282292479725220e+04
1.027500000000000000e+04 1.027282292479725220e+04
1.032500000000000000e+04 1.032282292479725220e+04
1.037500000000000000e+04 1.037282292479725220e+04
1.042500000000000000e+04 1.042282292479725220e+04
1.047500000000000000e+04 1.047282292479725220e+04
1.052500000000000000e+04 1.052282292479725220e+04
1.057500000000000000e+04 1.057282292479725220e+04
1.062500000000000000e+04 1.062282292479725220e+04
1.067500000000000000e+04 1.067282292479725220e+04
1.072500000000000000e+04 1.072282292479725220e+04
1.077500000000000000e+04 1.077282292479725220e+04
1.082500000000000000e+04 1.082282292479725220e+04
1.087500000000000000e+04 1.087282292479725220e+04
1.092500000000000000e+04 1.092282292479725220e+04
1.097500000000000000e+04 1.097282292479725220e+04
1.102500000000000000e+04 1.102282292479725220e+04
1.107500000000000000e+04 1.107282292479725220e+04
1.112500000000000000e+04 1.112282292479725220e+04
1.117500000000000000e+04 1.117282292479725220e+04
1.122500000000000000e+04 1.122282292479725220e+04
1.127500000000000000e+04 1.127282292479725220e+04
1.132500000000000000e+04 1.132282292479725220e+04
1.137500000000000000e+04 1.137282292479725220e+04
1.142500000000000000e+04 1.142282292479725220e+04
1.147500000000000000e+04 1.147282292479725220e+04
1.152500000000000000e+04 1.152282292479725220e+04
1.157500000000000000e+04 1.157282292479725220e+04
1.162500000000000000e+04 1.162282292479725220e+04
1.167500000000000000e+04 1.167282292479725220e+04
1.172500000000000000e+04 1.172282292479725220e+04
1.177500000000000000e+04 1.177282292479725220e+04
1.182500000000000000e+04 1.182282292479725220e+04
1.187500000000000000e+04 1.187282292479725220e+04
1.192500000000000000e+04 1.192282292479725220e+04
1.197500000000000000e+04 1.197282292479725220e+04
1.202500000000000000e+04 1.202282292479725220e+04
1.207500000000000000e+04 1.207282292479725220e+04
1.212500000000000000e+04 1.212282292479725220e+04
1.217500000000000000e+04 1.217282292479725220e+04
1.222500000000000000e+04 1.222282292479725220e+04
1.227500000000000000e+04 1.227282292479725220e+04
1.232500000000000000e+04 1.232282292479725220e+04
1.237500000000000000e+04 1.237282292479725220e+04
1.242500000000000000e+04 1.242282292479725220e+04
1.247500000000000000e+04 1.247282292479725220e+04
1.252500000000000000e+04 1.252282292479725220e+04
1.257500000000000000e+04 1.257282292479725220e+04
1.262500000000000000e+04 1.262282292479725220e+04
1.267500000000000000e+04 1.267282292479725220e+04
1.272500000000000000e+04 1.272282292479725220e+04
1.277500000000000000e+04 1.277282292479725220e+04
1.282500000000000000e+04 1.282282292479725220e+04
1.287500000000000000e+04 1.287282292479725220e+04
1.292500000000000000e+04 1.292282292479725220e+04
1.297500000000000000e+04 1.297282292479725220e+04
1.302500000000000000e+04 1.302282292479725220e+04
1.307500000000000000e+04 1.307282292479725220e+04
1.312500000000000000e+04 1.312282292479725220e+04
1.317500000000000000e+04 1.317282292479725220e+04
1.322500000000000000e+04 1.322282292479725220e+04
1.327500000000000000e+04 1.327282292479725220e+04
1.332500000000000000e+04 1.332282292479725220e+04
1.337500000000000000e+04 1.337282292479725220e+04
1.342500000000000000e+04 1.342282292479725220e+04
1.347500000000000000e+04 1.347282292479725220e+04
1.352500000000000000e+04 1.352282292479725220e+04
1.357500000000000000e+04 1.357282292479725220e+04
1.362500000000000000e+04 1.362282292479725220e+04
1.367500000000000000e+04 1.367282292479725220e+04
1.372500000000000000e+04 1.372282292479725220e+04
1.377500000000000000e+04 1.377282292479725220e+04
1.382500000000000000e+04 1.382282292479725220e+04
1.387500000000000000e+04 1.387282292479725220e+04
1.392500000000000000e+04 1.392282292479725220e+04
1.397500000000000000e+04 1.397282292479725220e+04
1.402500000000000000e+04 1.402282292479725220e+04
1.407500000000000000e+04 1.407282292479725220e+04
1.412500000000000000e+04 1.412282292479725220e+04
1.417500000000000000e+04 1.417282292479725220e+04
1.422500000000000000e+04 1.422282292479725220e+04
1.427500000000000000e+04 1.427282292479725220e+04
1.432500000000000000e+04 1.432282292479725220e+04
1.437500000000000000e+04 1.437282292479725220e+04
1.442500000000000000e+04 1.442282292479725220e+04
1.447500000000000000e+04 1.447282292479725220e+04
1.452500000000000000e+04 1.452282292479725220e+04
1.457500000000000000e+04 1.457282292479725220e+04
1.462500000000000000e+04 1.462282292479725220e+04
1.467500000000000000e+04 1.467282292479725220e+04
1.472500000000000000e+04 1.472282292479725220e+04
1.477500000000000000e+04 1.477282292479725220e+04
1.482500000000000000e+04 1.482282292479725220e+04
1.487500000000000000e+04 1.487282292479725220e+04
1.492500000000000000e+04 1.492282292479725220e+04
1.497500000000000000e+04 1.497282292479725220e+04
1.502500000000000000e+04 1.502282292479725220e+04
1.507500000000000000e+04 1.507282292479725220e+04
1.512500000000000000e+04 1.512282292479725220e+04
1.517500000000000000e+04 1.517282292479725220e+04
1.522500000000000000e+04 1.522282292479725220e+04
1.527500000000000000e+04 1.527282292479725220e+04
1.532500000000000000e+04 1.532282292479725220e+04
1.537500000000000000e+04 1.537282292479725220e+04
1.542500000000000000e+04 1.542282292479725220e+04
1.547500000000000000e+04 1.547282292479725220e+04
1.552500000000000000e+04 1.552282292479725220e+04
1.557500000000000000e+04 1.557282292479725220e+04
1.562500000000000000e+04 1.562282292479725220e+04
1.567500000000000000e+04 1.567282292479725220e+04
1.572500000000000000e+04 1.572282292479725220e+04
1.577500000000000000e+04 1.577282292479725220e+04
1.582500000000000000e+04 1.582282292479725220e+04
1.587500000000000000e+04 1.587282292479725220e+04
1.592500000000000000e+04 1.592282292479725220e+04
1.597500000000000000e+04 1.597282292479725220e+04
1.602500000000000000e+04 1.602282292479725220e+04
1.607500000000000000e+04 1.607282292479725220e+04
1.612500000000000000e+04 1.612282292479725220e+04
1.617500000000000000e+04 1.617282292479725220e+04
1.622500000000000000e+04 1.622282292479725220e+04
1.627500000000000000e+04 1.627282292479725220e+04
1.632500000000000000e+04 1.632282292479725220e+04
1.637500000000000000e+04 1.637282292479725220e+04
1.642500000000000000e+04 1.642282292479725220e+04
1.647500000000000000e+04 1.647282292479724856e+04
1.652500000000000000e+04 1.652282292479724492e+04
1.657500000000000000e+04 1.657282292479724492e+04
1.662500000000000000e+04 1.662282292479724492e+04
1.667500000000000000e+04 1.667282292479725220e+04
1.672500000000000000e+04 1.672282292479725584e+04
1.677500000000000000e+04 1.677282292479725947e+04
1.682500000000000000e+04 1.682282292479725947e+04
1.687500000000000000e+04 1.687282292479725947e+04
1.692500000000000000e+04 1.692282292479726675e+04
1.697500000000000000e+04 1.697282292479726675e+04
1.702500000000000000e+04 1.702282292479726675e+04
1.707500000000000000e+04 1.707282292479727403e+04
1.712500000000000000e+04 1.712282292479727403e+04
1.717500000000000000e+04 1.717282292479728130e+04
1.722500000000000000e+04 1.722282292479728130e+04
1.727500000000000000e+04 1.727282292479728130e+04
1.732500000000000000e+04 1.732282292479728130e+04
1.737500000000000000e+04 1.737282292479728130e+04
1.742500000000000000e+04 1.742282292479727403e+04
1.747500000000000000e+04 1.747282292479727403e+04
1.752500000000000000e+04 1.752282292479727403e+04
1.757500000000000000e+04 1.757282292479728130e+04
1.762500000000000000e+04 1.762282292479727403e+04
1.767500000000000000e+04 1.767282292479727403e+04
1.772500000000000000e+04 1.772282292479728130e+04
1.777500000000000000e+04 1.777282292479728130e+04
1.782500000000000000e+04 1.782282292479728130e+04
1.787500000000000000e+04 1.787282292479727403e+04
1.792500000000000000e+04 1.792282292479727403e+04
1.797500000000000000e+04 1.797282292479727403e+04
1.802500000000000000e+04 1.802282292479728130e+04
1.807500000000000000e+04 1.807282292479728130e+04
1.812500000000000000e+04 1.812282292479727403e+04
1.817500000000000000e+04 1.817282292479727403e+04
1.822500000000000000e+04 1.822282292479727403e+04
1.827500000000000000e+04 1.827282292479727403e+04
1.832500000000000000e+04 1.832282292479727403e+04
1.837500000000000000e+04 1.837282292479727403e+04
1.842500000000000000e+04 1.842282292479727403e+04
1.847500000000000000e+04 1.847282292479727403e+04
1.852500000000000000e+04 1.852282292479727403e+04
1.857500000000000000e+04 1.857282292479727403e+04
1.862500000000000000e+04 1.862282292479727403e+04
1.867500000000000000e+04 1.867282292479727403e+04
1.872500000000000000e+04 1.872282292479727403e+04
1.877500000000000000e+04 1.877282292479727403e+04
1.882500000000000000e+04 1.882282292479727403e+04
1.887500000000000000e+04 1.887282292479727403e+04
1.892500000000000000e+04 1.892282292479727403e+04
1.897500000000000000e+04 1.897282292479727403e+04
1.902500000000000000e+04 1.902282292479727403e+04
1.907500000000000000e+04 1.907282292479727403e+04
1.912500000000000000e+04 1.912282292479727403e+04
1.917500000000000000e+04 1.917282292479727403e+04
1.922500000000000000e+04 1.922282292479727403e+04
1.927500000000000000e+04 1.927282292479727403e+04
1.932500000000000000e+04 1.932282292479727403e+04
1.937500000000000000e+04 1.937282292479727403e+04
1.942500000000000000e+04 1.942282292479727403e+04
1.947500000000000000e+04 1.947282292479727403e+04
1.952500000000000000e+04 1.952282292479727403e+04
1.957500000000000000e+04 1.957282292479727403e+04
1.962500000000000000e+04 1.962282292479727403e+04
1.967500000000000000e+04 1.967282292479727403e+04
1.972500000000000000e+04 1.972282292479727403e+04
1.977500000000000000e+04 1.977282292479727403e+04
1.982500000000000000e+04 1.982282292479727403e+04
1.987500000000000000e+04 1.987282292479727403e+04
1.992500000000000000e+04 1.992282292479727403e+04
