2.025000000000000000e+03 2.022581027552503201e+03
2.075000000000000000e+03 2.072581027552502292e+03
2.125000000000000000e+03 2.122581027552500473e+03
2.175000000000000000e+03 2.172581027552499108e+03
2.225000000000000000e+03 2.222581027552498199e+03
2.275000000000000000e+03 2.272581027552497289e+03
2.325000000000000000e+03 2.322581027552497289e+03
2.375000000000000000e+03 2.372581027552497289e+03
2.425000000000000000e+03 2.422581027552498199e+03
2.475000000000000000e+03 2.472581027552497289e+03
2.525000000000000000e+03 2.522581027552497289e+03
2.575000000000000000e+03 2.572581027552497289e+03
2.625000000000000000e+03 2.622581027552497289e+03
2.675000000000000000e+03 2.672581027552498199e+03
2.725000000000000000e+03 2.722581027552498199e+03
2.775000000000000000e+03 2.772581027552497289e+03
2.825000000000000000e+03 2.822581027552497289e+03
2.875000000000000000e+03 2.872581027552498199e+03
2.925000000000000000e+03 2.922581027552497289e+03
2.975000000000000000e+03 2.972581027552497289e+03
3.025000000000000000e+03 3.022581027552497289e+03
3.075000000000000000e+03 3.072581027552497289e+03
3.125000000000000000e+03 3.122581027552497289e+03
3.175000000000000000e+03 3.172581027552498199e+03
3.225000000000000000e+03 3.222581027552498199e+03
3.275000000000000000e+03 3.272581027552498199e+03
3.325000000000000000e+03 3.322581027552498199e+03
3.375000000000000000e+03 3.372581027552498199e+03
3.425000000000000000e+03 3.422581027552498199e+03
3.475000000000000000e+03 3.472581027552498199e+03
3.525000000000000000e+03 3.522581027552498199e+03
3.575000000000000000e+03 3.572581027552498199e+03
3.625000000000000000e+03 3.622581027552498199e+03
3.675000000000000000e+03 3.672581027552497289e+03
3.725000000000000000e+03 3.722581027552497289e+03
3.775000000000000000e+03 3.772581027552497289e+03
3.825000000000000000e+03 3.822581027552497289e+03
3.875000000000000000e+03 3.872581027552497289e+03
3.925000000000000000e+03 3.922581027552497289e+03
3.975000000000000000e+03 3.972581027552497289e+03
4.025000000000000000e+03 4.022581027552497289e+03
4.075000000000000000e+03 4.072581027552497289e+03
4.125000000000000000e+03 4.122581027552496380e+03
4.175000000000000000e+03 4.172581027552497289e+03
4.225000000000000000e+03 4.222581027552496380e+03
4.275000000000000000e+03 4.272581027552498199e+03
4.325000000000000000e+03 4.322581027552501837e+03
4.375000000000000000e+03 4.372581027552501837e+03
4.425000000000000000e+03 4.422581027552500927e+03
4.475000000000000000e+03 4.472581027552500927e+03
4.525000000000000000e+03 4.522581027552499108e+03
4.575000000000000000e+03 4.572581027552499108e+03
4.625000000000000000e+03 4.622581027552499108e+03
4.675000000000000000e+03 4.672581027552497289e+03
4.725000000000000000e+03 4.722581027552497289e+03
4.775000000000000000e+03 4.772581027552497289e+03
4.825000000000000000e+03 4.822581027552497289e+03
4.875000000000000000e+03 4.872581027552497289e+03
4.925000000000000000e+03 4.922581027552497289e+03
4.975000000000000000e+03 4.972581027552495470e+03
5.025000000000000000e+03 5.022581027552495470e+03
5.075000000000000000e+03 5.072581027552497289e+03
5.125000000000000000e+03 5.122581027552493651e+03
5.175000000000000000e+03 5.172581027552495470e+03
5.225000000000000000e+03 5.222581027552495470e+03
5.275000000000000000e+03 5.272581027552495470e+03
5.325000000000000000e+03 5.322581027552495470e+03
5.375000000000000000e+03 5.372581027552495470e+03
5.425000000000000000e+03 5.422581027552495470e+03
5.475000000000000000e+03 5.472581027552495470e+03
5.525000000000000000e+03 5.522581027552493651e+03
5.575000000000000000e+03 5.572581027552495470e+03
5.625000000000000000e+03 5.622581027552493651e+03
5.675000000000000000e+03 5.672581027552493651e+03
5.725000000000000000e+03 5.722581027552491832e+03
5.775000000000000000e+03 5.772581027552493651e+03
5.825000000000000000e+03 5.822581027552491832e+03
5.875000000000000000e+03 5.872581027552490013e+03
5.925000000000000000e+03 5.922581027552490013e+03
5.975000000000000000e+03 5.972581027552490013e+03
6.025000000000000000e+03 6.022581027552488194e+03
6.075000000000000000e+03 6.072581027552488194e+03
6.125000000000000000e+03 6.122581027552488194e+03
6.175000000000000000e+03 6.172581027552488194e+03
6.225000000000000000e+03 6.222581027552488194e+03
6.275000000000000000e+03 6.272581027552488194e+03
6.325000000000000000e+03 6.322581027552488194e+03
6.375000000000000000e+03 6.372581027552488194e+03
6.425000000000000000e+03 6.422581027552488194e+03
6.475000000000000000e+03 6.472581027552488194e+03
6.525000000000000000e+03 6.522581027552488194e+03
6.575000000000000000e+03 6.572581027552488194e+03
6.625000000000000000e+03 6.622581027552488194e+03
6.675000000000000000e+03 6.672581027552488194e+03
6.725000000000000000e+03 6.722581027552488194e+03
6.775000000000000000e+03 6.772581027552488194e+03
6.825000000000000000e+03 6.822581027552488194e+03
6.875000000000000000e+03 6.872581027552488194e+03
6.925000000000000000e+03 6.922581027552488194e+03
6.975000000000000000e+03 6.972581027552488194e+03
7.025000000000000000e+03 7.022581027552488194e+03
7.075000000000000000e+03 7.072581027552488194e+03
7.125000000000000000e+03 7.122581027552488194e+03
7.175000000000000000e+03 7.172581027552488194e+03
7.225000000000000000e+03 7.222581027552488194e+03
7.275000000000000000e+03 7.272581027552488194e+03
7.325000000000000000e+03 7.322581027552488194e+03
7.375000000000000000e+03 7.372581027552488194e+03
7.425000000000000000e+03 7.422581027552488194e+03
7.475000000000000000e+03 7.472581027552488194e+03
7.525000000000000000e+03 7.522581027552488194e+03
7.575000000000000000e+03 7.572581027552488194e+03
7.625000000000000000e+03 7.622581027552488194e+03
7.675000000000000000e+03 7.672581027552488194e+03
7.725000000000000000e+03 7.722581027552488194e+03
7.775000000000000000e+03 7.772581027552488194e+03
7.825000000000000000e+03 7.822581027552488194e+03
7.875000000000000000e+03 7.872581027552488194e+03
7.925000000000000000e+03 7.922581027552488194e+03
7.975000000000000000e+03 7.972581027552488194e+03
8.025000000000000000e+03 8.022581027552488194e+03
8.075000000000000000e+03 8.072581027552488194e+03
8.125000000000000000e+03 8.122581027552488194e+03
8.175000000000000000e+03 8.172581027552488194e+03
8.225000000000000000e+03 8.222581027552489104e+03
8.275000000000000000e+03 8.272581027552485466e+03
8.325000000000000000e+03 8.322581027552489104e+03
8.375000000000000000e+03 8.372581027552489104e+03
8.425000000000000000e+03 8.422581027552489104e+03
8.475000000000000000e+03 8.472581027552489104e+03
8.525000000000000000e+03 8.522581027552489104e+03
8.575000000000000000e+03 8.572581027552481828e+03
8.625000000000000000e+03 8.622581027552485466e+03
8.675000000000000000e+03 8.672581027552485466e+03
8.725000000000000000e+03 8.722581027552489104e+03
8.775000000000000000e+03 8.772581027552485466e+03
8.825000000000000000e+03 8.822581027552485466e+03
8.875000000000000000e+03 8.872581027552485466e+03
8.925000000000000000e+03 8.922581027552485466e+03
8.975000000000000000e+03 8.972581027552485466e+03
9.025000000000000000e+03 9.022581027552489104e+03
9.075000000000000000e+03 9.072581027552489104e+03
9.125000000000000000e+03 9.122581027552489104e+03
9.175000000000000000e+03 9.172581027552492742e+03
9.225000000000000000e+03 9.222581027552492742e+03
9.275000000000000000e+03 9.272581027552489104e+03
9.325000000000000000e+03 9.322581027552492742e+03
9.375000000000000000e+03 9.372581027552492742e+03
9.425000000000000000e+03 9.422581027552489104e+03
9.475000000000000000e+03 9.472581027552489104e+03
9.525000000000000000e+03 9.522581027552489104e+03
9.575000000000000000e+03 9.572581027552492742e+03
9.625000000000000000e+03 9.622581027552492742e+03
9.675000000000000000e+03 9.672581027552492742e+03
9.725000000000000000e+03 9.722581027552492742e+03
9.775000000000000000e+03 9.772581027552492742e+03
9.825000000000000000e+03 9.822581027552492742e+03
9.875000000000000000e+03 9.872581027552496380e+03
9.925000000000000000e+03 9.922581027552496380e+03
9.975000000000000000e+03 9.972581027552496380e+03
1.002500000000000000e+04 1.002258102755249638e+04
1.007500000000000000e+04 1.007258102755250002e+04
1.012500000000000000e+04 1.012258102755249638e+04
1.017500000000000000e+04 1.017258102755250002e+04
1.022500000000000000e+04 1.022258102755250002e+04
1.027500000000000000e+04 1.027258102755250002e+04
1.032500000000000000e+04 1.032258102755250002e+04
1.037500000000000000e+04 1.037258102755250002e+04
1.042500000000000000e+04 1.042258102755250002e+04
1.047500000000000000e+04 1.047258102755250002e+04
1.052500000000000000e+04 1.052258102755250002e+04
1.057500000000000000e+04 1.057258102755250002e+04
1.062500000000000000e+04 1.062258102755250002e+04
1.067500000000000000e+04 1.067258102755250002e+04
1.072500000000000000e+04 1.072258102755250002e+04
1.077500000000000000e+04 1.077258102755250002e+04
1.082500000000000000e+04 1.082258102755250002e+04
1.087500000000000000e+04 1.087258102755250002e+04
1.092500000000000000e+04 1.092258102755250002e+04
1.097500000000000000e+04 1.097258102755250002e+04
1.102500000000000000e+04 1.102258102755250002e+04
1.107500000000000000e+04 1.107258102755250002e+04
1.112500000000000000e+04 1.112258102755250002e+04
1.117500000000000000e+04 1.117258102755250002e+04
1.122500000000000000e+04 1.122258102755250002e+04
1.127500000000000000e+04 1.127258102755250002e+04
1.132500000000000000e+04 1.132258102755250002e+04
1.137500000000000000e+04 1.137258102755250002e+04
1.142500000000000000e+04 1.142258102755250002e+04
1.147500000000000000e+04 1.147258102755250002e+04
1.152500000000000000e+04 1.152258102755250002e+04
1.157500000000000000e+04 1.157258102755250002e+04
1.162500000000000000e+04 1.162258102755250002e+04
1.167500000000000000e+04 1.167258102755250002e+04
1.172500000000000000e+04 1.172258102755250002e+04
1.177500000000000000e+04 1.177258102755250002e+04
1.182500000000000000e+04 1.182258102755250002e+04
1.187500000000000000e+04 1.187258102755250002e+04
1.192500000000000000e+04 1.192258102755250002e+04
1.197500000000000000e+04 1.197258102755250002e+04
1.202500000000000000e+04 1.202258102755250002e+04
1.207500000000000000e+04 1.207258102755250002e+04
1.212500000000000000e+04 1.212258102755250002e+04
1.217500000000000000e+04 1.217258102755250002e+04
1.222500000000000000e+04 1.222258102755250002e+04
1.227500000000000000e+04 1.227258102755250002e+04
1.232500000000000000e+04 1.232258102755250002e+04
1.237500000000000000e+04 1.237258102755250002e+04
1.242500000000000000e+04 1.242258102755250002e+04
1.247500000000000000e+04 1.247258102755250002e+04
1.252500000000000000e+04 1.252258102755250002e+04
1.257500000000000000e+04 1.257258102755250002e+04
1.262500000000000000e+04 1.262258102755250002e+04
1.267500000000000000e+04 1.267258102755250002e+04
1.272500000000000000e+04 1.272258102755250002e+04
1.277500000000000000e+04 1.277258102755250002e+04
1.282500000000000000e+04 1.282258102755250002e+04
1.287500000000000000e+04 1.287258102755250002e+04
1.292500000000000000e+04 1.292258102755250002e+04
1.297500000000000000e+04 1.297258102755250002e+04
1.302500000000000000e+04 1.302258102755250002e+04
1.307500000000000000e+04 1.307258102755250002e+04
1.312500000000000000e+04 1.312258102755250002e+04
1.317500000000000000e+04 1.317258102755250002e+04
1.322500000000000000e+04 1.322258102755250002e+04
1.327500000000000000e+04 1.327258102755250002e+04
1.332500000000000000e+04 1.332258102755250002e+04
1.337500000000000000e+04 1.337258102755250002e+04
1.342500000000000000e+04 1.342258102755250002e+04
1.347500000000000000e+04 1.347258102755250002e+04
1.352500000000000000e+04 1.352258102755250002e+04
1.357500000000000000e+04 1.357258102755250002e+04
1.362500000000000000e+04 1.362258102755250002e+04
1.367500000000000000e+04 1.367258102755250002e+04
1.372500000000000000e+04 1.372258102755250002e+04
1.377500000000000000e+04 1.377258102755250002e+04
1.382500000000000000e+04 1.382258102755250002e+04
1.387500000000000000e+04 1.387258102755250002e+04
1.392500000000000000e+04 1.392258102755250002e+04
1.397500000000000000e+04 1.397258102755250002e+04
1.402500000000000000e+04 1.402258102755250002e+04
1.407500000000000000e+04 1.407258102755250002e+04
1.412500000000000000e+04 1.412258102755250002e+04
1.417500000000000000e+04 1.417258102755250002e+04
1.422500000000000000e+04 1.422258102755250002e+04
1.427500000000000000e+04 1.427258102755250002e+04
1.432500000000000000e+04 1.432258102755250002e+04
1.437500000000000000e+04 1.437258102755250002e+04
1.442500000000000000e+04 1.442258102755250002e+04
1.447500000000000000e+04 1.447258102755250002e+04
1.452500000000000000e+04 1.452258102755250002e+04
1.457500000000000000e+04 1.457258102755250002e+04
1.462500000000000000e+04 1.462258102755250002e+04
1.467500000000000000e+04 1.467258102755250002e+04
1.472500000000000000e+04 1.472258102755250002e+04
1.477500000000000000e+04 1.477258102755250002e+04
1.482500000000000000e+04 1.482258102755250002e+04
1.487500000000000000e+04 1.487258102755250002e+04
1.492500000000000000e+04 1.492258102755250002e+04
1.497500000000000000e+04 1.497258102755250002e+04
1.502500000000000000e+04 1.502258102755250002e+04
1.507500000000000000e+04 1.507258102755250002e+04
1.512500000000000000e+04 1.512258102755250002e+04
1.517500000000000000e+04 1.517258102755250002e+04
1.522500000000000000e+04 1.522258102755250002e+04
1.527500000000000000e+04 1.527258102755250002e+04
1.532500000000000000e+04 1.532258102755250002e+04
1.537500000000000000e+04 1.537258102755250002e+04
1.542500000000000000e+04 1.542258102755250002e+04
1.547500000000000000e+04 1.547258102755250002e+04
1.552500000000000000e+04 1.552258102755250002e+04
1.557500000000000000e+04 1.557258102755250002e+04
1.562500000000000000e+04 1.562258102755250002e+04
1.567500000000000000e+04 1.567258102755250002e+04
1.572500000000000000e+04 1.572258102755250002e+04
1.577500000000000000e+04 1.577258102755250002e+04
1.582500000000000000e+04 1.582258102755250002e+04
1.587500000000000000e+04 1.587258102755250002e+04
1.592500000000000000e+04 1.592258102755250002e+04
1.597500000000000000e+04 1.597258102755250002e+04
1.602500000000000000e+04 1.602258102755250002e+04
1.607500000000000000e+04 1.607258102755250002e+04
1.612500000000000000e+04 1.612258102755250002e+04
1.617500000000000000e+04 1.617258102755250002e+04
1.622500000000000000e+04 1.622258102755250002e+04
1.627500000000000000e+04 1.627258102755250002e+04
1.632500000000000000e+04 1.632258102755250002e+04
1.637500000000000000e+04 1.637258102755250002e+04
1.642500000000000000e+04 1.642258102755250002e+04
1.647500000000000000e+04 1.647258102755250366e+04
1.652500000000000000e+04 1.652258102755250002e+04
1.657500000000000000e+04 1.657258102755250002e+04
1.662500000000000000e+04 1.662258102755250366e+04
1.667500000000000000e+04 1.667258102755250366e+04
1.672500000000000000e+04 1.672258102755250729e+04
1.677500000000000000e+04 1.677258102755251457e+04
1.682500000000000000e+04 1.682258102755251457e+04
1.687500000000000000e+04 1.687258102755251093e+04
1.692500000000000000e+04 1.692258102755251457e+04
1.697500000000000000e+04 1.697258102755251457e+04
1.702500000000000000e+04 1.702258102755251821e+04
1.707500000000000000e+04 1.707258102755251821e+04
1.712500000000000000e+04 1.712258102755251821e+04
1.717500000000000000e+04 1.717258102755251821e+04
1.722500000000000000e+04 1.722258102755251821e+04
1.727500000000000000e+04 1.727258102755251821e+04
1.732500000000000000e+04 1.732258102755251821e+04
1.737500000000000000e+04 1.737258102755251821e+04
1.742500000000000000e+04 1.742258102755251821e+04
1.747500000000000000e+04 1.747258102755251821e+04
1.752500000000000000e+04 1.752258102755251821e+04
1.757500000000000000e+04 1.757258102755252548e+04
1.762500000000000000e+04 1.762258102755252548e+04
1.767500000000000000e+04 1.767258102755252548e+04
1.772500000000000000e+04 1.772258102755252548e+04
1.777500000000000000e+04 1.777258102755251821e+04
1.782500000000000000e+04 1.782258102755251821e+04
1.787500000000000000e+04 1.787258102755252548e+04
1.792500000000000000e+04 1.792258102755252548e+04
1.797500000000000000e+04 1.797258102755252548e+04
1.802500000000000000e+04 1.802258102755252548e+04
1.807500000000000000e+04 1.807258102755251821e+04
1.812500000000000000e+04 1.812258102755252548e+04
1.817500000000000000e+04 1.817258102755252548e+04
1.822500000000000000e+04 1.822258102755252548e+04
1.827500000000000000e+04 1.827258102755252548e+04
1.832500000000000000e+04 1.832258102755252548e+04
1.837500000000000000e+04 1.837258102755252548e+04
1.842500000000000000e+04 1.842258102755252548e+04
1.847500000000000000e+04 1.847258102755252548e+04
1.852500000000000000e+04 1.852258102755252548e+04
1.857500000000000000e+04 1.857258102755252548e+04
1.862500000000000000e+04 1.862258102755252548e+04
1.867500000000000000e+04 1.867258102755252548e+04
1.872500000000000000e+04 1.872258102755252548e+04
1.877500000000000000e+04 1.877258102755252548e+04
1.882500000000000000e+04 1.882258102755252548e+04
1.887500000000000000e+04 1.887258102755252548e+04
1.892500000000000000e+04 1.892258102755252548e+04
1.897500000000000000e+04 1.897258102755252548e+04
1.902500000000000000e+04 1.902258102755252548e+04
1.907500000000000000e+04 1.907258102755252548e+04
1.912500000000000000e+04 1.912258102755252548e+04
1.917500000000000000e+04 1.917258102755252548e+04
1.922500000000000000e+04 1.922258102755252548e+04
1.927500000000000000e+04 1.927258102755252548e+04
1.932500000000000000e+04 1.932258102755252548e+04
1.937500000000000000e+04 1.937258102755252548e+04
1.942500000000000000e+04 1.942258102755252548e+04
1.947500000000000000e+04 1.947258102755252548e+04
1.952500000000000000e+04 1.952258102755252548e+04
1.957500000000000000e+04 1.957258102755252548e+04
1.962500000000000000e+04 1.962258102755252548e+04
1.967500000000000000e+04 1.967258102755252548e+04
1.972500000000000000e+04 1.972258102755252548e+04
1.977500000000000000e+04 1.977258102755252548e+04
1.982500000000000000e+04 1.982258102755252548e+04
1.987500000000000000e+04 1.987258102755252548e+04
1.992500000000000000e+04 1.992258102755252548e+04
