6.250000000000000000e+02 6.232746500757436934e+02
6.750000000000000000e+02 6.732746500757436934e+02
7.250000000000000000e+02 7.232746500757436934e+02
7.750000000000000000e+02 7.732746500757436934e+02
8.250000000000000000e+02 8.232746500757434660e+02
8.750000000000000000e+02 8.732746500757434660e+02
9.250000000000000000e+02 9.232746500757434660e+02
9.750000000000000000e+02 9.732746500757434660e+02
1.025000000000000000e+03 1.023274650075743466e+03
1.075000000000000000e+03 1.073274650075743921e+03
1.125000000000000000e+03 1.123274650075745058e+03
1.175000000000000000e+03 1.173274650075745058e+03
1.225000000000000000e+03 1.223274650075745058e+03
1.275000000000000000e+03 1.273274650075745058e+03
1.325000000000000000e+03 1.323274650075744603e+03
1.375000000000000000e+03 1.373274650075744603e+03
1.425000000000000000e+03 1.423274650075745058e+03
1.475000000000000000e+03 1.473274650075745512e+03
1.525000000000000000e+03 1.523274650075745512e+03
1.575000000000000000e+03 1.573274650075745967e+03
1.625000000000000000e+03 1.623274650075745058e+03
1.675000000000000000e+03 1.673274650075745058e+03
1.725000000000000000e+03 1.723274650075745058e+03
1.775000000000000000e+03 1.773274650075745058e+03
1.825000000000000000e+03 1.823274650075745058e+03
1.875000000000000000e+03 1.873274650075745058e+03
1.925000000000000000e+03 1.923274650075745058e+03
1.975000000000000000e+03 1.973274650075745058e+03
2.025000000000000000e+03 2.023274650075745058e+03
2.075000000000000000e+03 2.073274650075743466e+03
2.125000000000000000e+03 2.123274650075743921e+03
2.175000000000000000e+03 2.173274650075743921e+03
2.225000000000000000e+03 2.223274650075743921e+03
2.275000000000000000e+03 2.273274650075743921e+03
2.325000000000000000e+03 2.323274650075743921e+03
2.375000000000000000e+03 2.373274650075743011e+03
2.425000000000000000e+03 2.423274650075743011e+03
2.475000000000000000e+03 2.473274650075741192e+03
2.525000000000000000e+03 2.523274650075740283e+03
2.575000000000000000e+03 2.573274650075740283e+03
2.625000000000000000e+03 2.623274650075740283e+03
2.675000000000000000e+03 2.673274650075740283e+03
2.725000000000000000e+03 2.723274650075740283e+03
2.775000000000000000e+03 2.773274650075740283e+03
2.825000000000000000e+03 2.823274650075740283e+03
2.875000000000000000e+03 2.873274650075740283e+03
2.925000000000000000e+03 2.923274650075740283e+03
2.975000000000000000e+03 2.973274650075740283e+03
3.025000000000000000e+03 3.023274650075740283e+03
3.075000000000000000e+03 3.073274650075740283e+03
3.125000000000000000e+03 3.123274650075740283e+03
3.175000000000000000e+03 3.173274650075740283e+03
3.225000000000000000e+03 3.223274650075740283e+03
3.275000000000000000e+03 3.273274650075740283e+03
3.325000000000000000e+03 3.323274650075740283e+03
3.375000000000000000e+03 3.373274650075740283e+03
3.425000000000000000e+03 3.423274650075740283e+03
3.475000000000000000e+03 3.473274650075740283e+03
3.525000000000000000e+03 3.523274650075740283e+03
3.575000000000000000e+03 3.573274650075740283e+03
3.625000000000000000e+03 3.623274650075740283e+03
3.675000000000000000e+03 3.673274650075740283e+03
3.725000000000000000e+03 3.723274650075740283e+03
3.775000000000000000e+03 3.773274650075740283e+03
3.825000000000000000e+03 3.823274650075740283e+03
3.875000000000000000e+03 3.873274650075740283e+03
3.925000000000000000e+03 3.923274650075740283e+03
3.975000000000000000e+03 3.973274650075740283e+03
4.025000000000000000e+03 4.023274650075740283e+03
4.075000000000000000e+03 4.073274650075740283e+03
4.125000000000000000e+03 4.123274650075740283e+03
4.175000000000000000e+03 4.173274650075741192e+03
4.225000000000000000e+03 4.223274650075739373e+03
4.275000000000000000e+03 4.273274650075737554e+03
4.325000000000000000e+03 4.323274650075737554e+03
4.375000000000000000e+03 4.373274650075743011e+03
4.425000000000000000e+03 4.423274650075743011e+03
4.475000000000000000e+03 4.473274650075743011e+03
4.525000000000000000e+03 4.523274650075744830e+03
4.575000000000000000e+03 4.573274650075744830e+03
4.625000000000000000e+03 4.623274650075744830e+03
4.675000000000000000e+03 4.673274650075744830e+03
4.725000000000000000e+03 4.723274650075746649e+03
4.775000000000000000e+03 4.773274650075746649e+03
4.825000000000000000e+03 4.823274650075746649e+03
4.875000000000000000e+03 4.873274650075746649e+03
4.925000000000000000e+03 4.923274650075746649e+03
4.975000000000000000e+03 4.973274650075746649e+03
5.025000000000000000e+03 5.023274650075746649e+03
5.075000000000000000e+03 5.073274650075746649e+03
5.125000000000000000e+03 5.123274650075746649e+03
5.175000000000000000e+03 5.173274650075746649e+03
5.225000000000000000e+03 5.223274650075746649e+03
5.275000000000000000e+03 5.273274650075746649e+03
5.325000000000000000e+03 5.323274650075746649e+03
5.375000000000000000e+03 5.373274650075746649e+03
5.425000000000000000e+03 5.423274650075746649e+03
5.475000000000000000e+03 5.473274650075746649e+03
5.525000000000000000e+03 5.523274650075746649e+03
5.575000000000000000e+03 5.573274650075746649e+03
5.625000000000000000e+03 5.623274650075746649e+03
5.675000000000000000e+03 5.673274650075746649e+03
5.725000000000000000e+03 5.723274650075746649e+03
5.775000000000000000e+03 5.773274650075746649e+03
5.825000000000000000e+03 5.823274650075746649e+03
5.875000000000000000e+03 5.873274650075746649e+03
5.925000000000000000e+03 5.923274650075746649e+03
5.975000000000000000e+03 5.973274650075746649e+03
6.025000000000000000e+03 6.023274650075746649e+03
6.075000000000000000e+03 6.073274650075746649e+03
6.125000000000000000e+03 6.123274650075746649e+03
6.175000000000000000e+03 6.173274650075746649e+03
6.225000000000000000e+03 6.223274650075746649e+03
6.275000000000000000e+03 6.273274650075746649e+03
6.325000000000000000e+03 6.323274650075746649e+03
6.375000000000000000e+03 6.373274650075746649e+03
6.425000000000000000e+03 6.423274650075746649e+03
6.475000000000000000e+03 6.473274650075746649e+03
6.525000000000000000e+03 6.523274650075746649e+03
6.575000000000000000e+03 6.573274650075746649e+03
6.625000000000000000e+03 6.623274650075746649e+03
6.675000000000000000e+03 6.673274650075746649e+03
6.725000000000000000e+03 6.723274650075746649e+03
6.775000000000000000e+03 6.773274650075746649e+03
6.825000000000000000e+03 6.823274650075746649e+03
6.875000000000000000e+03 6.873274650075746649e+03
6.925000000000000000e+03 6.923274650075746649e+03
6.975000000000000000e+03 6.973274650075746649e+03
7.025000000000000000e+03 7.023274650075746649e+03
7.075000000000000000e+03 7.073274650075746649e+03
7.125000000000000000e+03 7.123274650075746649e+03
7.175000000000000000e+03 7.173274650075746649e+03
7.225000000000000000e+03 7.223274650075746649e+03
7.275000000000000000e+03 7.273274650075746649e+03
7.325000000000000000e+03 7.323274650075746649e+03
7.375000000000000000e+03 7.373274650075746649e+03
7.425000000000000000e+03 7.423274650075746649e+03
7.475000000000000000e+03 7.473274650075746649e+03
7.525000000000000000e+03 7.523274650075746649e+03
7.575000000000000000e+03 7.573274650075746649e+03
7.625000000000000000e+03 7.623274650075746649e+03
7.675000000000000000e+03 7.673274650075746649e+03
7.725000000000000000e+03 7.723274650075746649e+03
7.775000000000000000e+03 7.773274650075746649e+03
7.825000000000000000e+03 7.823274650075746649e+03
7.875000000000000000e+03 7.873274650075746649e+03
7.925000000000000000e+03 7.923274650075746649e+03
7.975000000000000000e+03 7.973274650075746649e+03
8.025000000000000000e+03 8.023274650075746649e+03
8.075000000000000000e+03 8.073274650075746649e+03
8.125000000000000000e+03 8.123274650075746649e+03
8.175000000000000000e+03 8.173274650075746649e+03
8.225000000000000000e+03 8.223274650075747559e+03
8.275000000000000000e+03 8.273274650075745740e+03
8.325000000000000000e+03 8.323274650075743921e+03
8.375000000000000000e+03 8.373274650075749378e+03
8.425000000000000000e+03 8.423274650075754835e+03
8.475000000000000000e+03 8.473274650075747559e+03
8.525000000000000000e+03 8.523274650075740283e+03
8.575000000000000000e+03 8.573274650075740283e+03
8.625000000000000000e+03 8.623274650075743921e+03
8.675000000000000000e+03 8.673274650075740283e+03
8.725000000000000000e+03 8.723274650075740283e+03
8.775000000000000000e+03 8.773274650075740283e+03
8.825000000000000000e+03 8.823274650075740283e+03
8.875000000000000000e+03 8.873274650075740283e+03
8.925000000000000000e+03 8.923274650075740283e+03
8.975000000000000000e+03 8.973274650075740283e+03
9.025000000000000000e+03 9.023274650075740283e+03
9.075000000000000000e+03 9.073274650075740283e+03
9.125000000000000000e+03 9.123274650075740283e+03
9.175000000000000000e+03 9.173274650075740283e+03
9.225000000000000000e+03 9.223274650075740283e+03
9.275000000000000000e+03 9.273274650075740283e+03
9.325000000000000000e+03 9.323274650075740283e+03
9.375000000000000000e+03 9.373274650075740283e+03
9.425000000000000000e+03 9.423274650075740283e+03
9.475000000000000000e+03 9.473274650075740283e+03
9.525000000000000000e+03 9.523274650075740283e+03
9.575000000000000000e+03 9.573274650075740283e+03
9.625000000000000000e+03 9.623274650075740283e+03
9.675000000000000000e+03 9.673274650075740283e+03
9.725000000000000000e+03 9.723274650075740283e+03
9.775000000000000000e+03 9.773274650075740283e+03
9.825000000000000000e+03 9.823274650075740283e+03
9.875000000000000000e+03 9.873274650075740283e+03
9.925000000000000000e+03 9.923274650075740283e+03
9.975000000000000000e+03 9.973274650075740283e+03
1.002500000000000000e+04 1.002327465007574028e+04
1.007500000000000000e+04 1.007327465007574028e+04
1.012500000000000000e+04 1.012327465007574028e+04
1.017500000000000000e+04 1.017327465007574028e+04
1.022500000000000000e+04 1.022327465007574028e+04
1.027500000000000000e+04 1.027327465007574028e+04
1.032500000000000000e+04 1.032327465007574028e+04
1.037500000000000000e+04 1.037327465007574028e+04
1.042500000000000000e+04 1.042327465007574028e+04
1.047500000000000000e+04 1.047327465007574028e+04
1.052500000000000000e+04 1.052327465007574028e+04
1.057500000000000000e+04 1.057327465007574028e+04
1.062500000000000000e+04 1.062327465007574028e+04
1.067500000000000000e+04 1.067327465007574028e+04
1.072500000000000000e+04 1.072327465007574028e+04
1.077500000000000000e+04 1.077327465007574028e+04
1.082500000000000000e+04 1.082327465007574028e+04
1.087500000000000000e+04 1.087327465007574028e+04
1.092500000000000000e+04 1.092327465007574028e+04
1.097500000000000000e+04 1.097327465007574028e+04
1.102500000000000000e+04 1.102327465007574028e+04
1.107500000000000000e+04 1.107327465007574028e+04
1.112500000000000000e+04 1.112327465007574028e+04
1.117500000000000000e+04 1.117327465007574028e+04
1.122500000000000000e+04 1.122327465007574028e+04
1.127500000000000000e+04 1.127327465007574028e+04
1.132500000000000000e+04 1.132327465007574028e+04
1.137500000000000000e+04 1.137327465007574028e+04
1.142500000000000000e+04 1.142327465007574028e+04
1.147500000000000000e+04 1.147327465007574028e+04
1.152500000000000000e+04 1.152327465007574028e+04
1.157500000000000000e+04 1.157327465007574028e+04
1.162500000000000000e+04 1.162327465007574028e+04
1.167500000000000000e+04 1.167327465007574028e+04
1.172500000000000000e+04 1.172327465007574028e+04
1.177500000000000000e+04 1.177327465007574028e+04
1.182500000000000000e+04 1.182327465007574028e+04
1.187500000000000000e+04 1.187327465007574028e+04
1.192500000000000000e+04 1.192327465007574028e+04
1.197500000000000000e+04 1.197327465007574028e+04
1.202500000000000000e+04 1.202327465007574028e+04
1.207500000000000000e+04 1.207327465007574028e+04
1.212500000000000000e+04 1.212327465007574028e+04
1.217500000000000000e+04 1.217327465007574028e+04
1.222500000000000000e+04 1.222327465007574028e+04
1.227500000000000000e+04 1.227327465007574028e+04
1.232500000000000000e+04 1.232327465007574028e+04
1.237500000000000000e+04 1.237327465007574028e+04
1.242500000000000000e+04 1.242327465007574028e+04
1.247500000000000000e+04 1.247327465007574028e+04
1.252500000000000000e+04 1.252327465007574028e+04
1.257500000000000000e+04 1.257327465007574028e+04
1.262500000000000000e+04 1.262327465007574028e+04
1.267500000000000000e+04 1.267327465007574028e+04
1.272500000000000000e+04 1.272327465007574028e+04
1.277500000000000000e+04 1.277327465007574028e+04
1.282500000000000000e+04 1.282327465007574028e+04
1.287500000000000000e+04 1.287327465007574028e+04
1.292500000000000000e+04 1.292327465007574028e+04
1.297500000000000000e+04 1.297327465007574028e+04
1.302500000000000000e+04 1.302327465007574028e+04
1.307500000000000000e+04 1.307327465007574028e+04
1.312500000000000000e+04 1.312327465007574028e+04
1.317500000000000000e+04 1.317327465007574028e+04
1.322500000000000000e+04 1.322327465007574028e+04
1.327500000000000000e+04 1.327327465007574028e+04
1.332500000000000000e+04 1.332327465007574028e+04
1.337500000000000000e+04 1.337327465007574028e+04
1.342500000000000000e+04 1.342327465007574028e+04
1.347500000000000000e+04 1.347327465007574028e+04
1.352500000000000000e+04 1.352327465007574028e+04
1.357500000000000000e+04 1.357327465007574028e+04
1.362500000000000000e+04 1.362327465007574028e+04
1.367500000000000000e+04 1.367327465007574028e+04
1.372500000000000000e+04 1.372327465007574028e+04
1.377500000000000000e+04 1.377327465007574028e+04
1.382500000000000000e+04 1.382327465007574028e+04
1.387500000000000000e+04 1.387327465007574028e+04
1.392500000000000000e+04 1.392327465007574028e+04
1.397500000000000000e+04 1.397327465007574028e+04
1.402500000000000000e+04 1.402327465007574028e+04
1.407500000000000000e+04 1.407327465007574028e+04
1.412500000000000000e+04 1.412327465007574028e+04
1.417500000000000000e+04 1.417327465007574028e+04
1.422500000000000000e+04 1.422327465007574028e+04
1.427500000000000000e+04 1.427327465007574028e+04
1.432500000000000000e+04 1.432327465007574028e+04
1.437500000000000000e+04 1.437327465007574028e+04
1.442500000000000000e+04 1.442327465007574028e+04
1.447500000000000000e+04 1.447327465007574028e+04
1.452500000000000000e+04 1.452327465007574028e+04
1.457500000000000000e+04 1.457327465007574028e+04
1.462500000000000000e+04 1.462327465007574028e+04
1.467500000000000000e+04 1.467327465007574028e+04
1.472500000000000000e+04 1.472327465007574028e+04
1.477500000000000000e+04 1.477327465007574028e+04
1.482500000000000000e+04 1.482327465007574028e+04
1.487500000000000000e+04 1.487327465007574028e+04
1.492500000000000000e+04 1.492327465007574028e+04
1.497500000000000000e+04 1.497327465007574028e+04
1.502500000000000000e+04 1.502327465007574028e+04
1.507500000000000000e+04 1.507327465007574028e+04
1.512500000000000000e+04 1.512327465007574028e+04
1.517500000000000000e+04 1.517327465007574028e+04
1.522500000000000000e+04 1.522327465007574028e+04
1.527500000000000000e+04 1.527327465007574028e+04
1.532500000000000000e+04 1.532327465007574028e+04
1.537500000000000000e+04 1.537327465007574028e+04
1.542500000000000000e+04 1.542327465007574028e+04
1.547500000000000000e+04 1.547327465007574028e+04
1.552500000000000000e+04 1.552327465007574028e+04
1.557500000000000000e+04 1.557327465007574028e+04
1.562500000000000000e+04 1.562327465007574028e+04
1.567500000000000000e+04 1.567327465007574028e+04
1.572500000000000000e+04 1.572327465007574028e+04
1.577500000000000000e+04 1.577327465007574028e+04
1.582500000000000000e+04 1.582327465007574028e+04
1.587500000000000000e+04 1.587327465007574028e+04
1.592500000000000000e+04 1.592327465007574028e+04
1.597500000000000000e+04 1.597327465007574028e+04
1.602500000000000000e+04 1.602327465007574028e+04
1.607500000000000000e+04 1.607327465007574028e+04
1.612500000000000000e+04 1.612327465007574028e+04
1.617500000000000000e+04 1.617327465007574028e+04
1.622500000000000000e+04 1.622327465007574028e+04
1.627500000000000000e+04 1.627327465007574028e+04
1.632500000000000000e+04 1.632327465007574028e+04
1.637500000000000000e+04 1.637327465007574028e+04
1.642500000000000000e+04 1.642327465007573846e+04
1.647500000000000000e+04 1.647327465007574210e+04
1.652500000000000000e+04 1.652327465007574938e+04
1.657500000000000000e+04 1.657327465007574574e+04
1.662500000000000000e+04 1.662327465007574210e+04
1.667500000000000000e+04 1.667327465007574574e+04
1.672500000000000000e+04 1.672327465007574210e+04
1.677500000000000000e+04 1.677327465007574574e+04
1.682500000000000000e+04 1.682327465007574574e+04
1.687500000000000000e+04 1.687327465007574938e+04
1.692500000000000000e+04 1.692327465007575302e+04
1.697500000000000000e+04 1.697327465007575302e+04
1.702500000000000000e+04 1.702327465007575302e+04
1.707500000000000000e+04 1.707327465007575302e+04
1.712500000000000000e+04 1.712327465007575302e+04
1.717500000000000000e+04 1.717327465007575302e+04
1.722500000000000000e+04 1.722327465007575302e+04
1.727500000000000000e+04 1.727327465007575302e+04
1.732500000000000000e+04 1.732327465007575302e+04
1.737500000000000000e+04 1.737327465007575302e+04
1.742500000000000000e+04 1.742327465007575302e+04
1.747500000000000000e+04 1.747327465007575302e+04
1.752500000000000000e+04 1.752327465007575302e+04
1.757500000000000000e+04 1.757327465007575302e+04
1.762500000000000000e+04 1.762327465007575302e+04
1.767500000000000000e+04 1.767327465007575302e+04
1.772500000000000000e+04 1.772327465007575302e+04
1.777500000000000000e+04 1.777327465007575302e+04
1.782500000000000000e+04 1.782327465007575302e+04
1.787500000000000000e+04 1.787327465007575302e+04
1.792500000000000000e+04 1.792327465007575302e+04
1.797500000000000000e+04 1.797327465007575302e+04
1.802500000000000000e+04 1.802327465007575302e+04
1.807500000000000000e+04 1.807327465007575302e+04
1.812500000000000000e+04 1.812327465007575302e+04
1.817500000000000000e+04 1.817327465007575302e+04
1.822500000000000000e+04 1.822327465007575302e+04
1.827500000000000000e+04 1.827327465007575302e+04
1.832500000000000000e+04 1.832327465007575302e+04
1.837500000000000000e+04 1.837327465007575302e+04
1.842500000000000000e+04 1.842327465007575302e+04
1.847500000000000000e+04 1.847327465007575302e+04
1.852500000000000000e+04 1.852327465007575302e+04
1.857500000000000000e+04 1.857327465007575302e+04
1.862500000000000000e+04 1.862327465007575302e+04
1.867500000000000000e+04 1.867327465007575302e+04
1.872500000000000000e+04 1.872327465007575302e+04
1.877500000000000000e+04 1.877327465007575302e+04
1.882500000000000000e+04 1.882327465007575302e+04
1.887500000000000000e+04 1.887327465007575302e+04
1.892500000000000000e+04 1.892327465007575302e+04
1.897500000000000000e+04 1.897327465007575302e+04
1.902500000000000000e+04 1.902327465007575302e+04
1.907500000000000000e+04 1.907327465007575302e+04
1.912500000000000000e+04 1.912327465007575302e+04
1.917500000000000000e+04 1.917327465007575302e+04
1.922500000000000000e+04 1.922327465007575302e+04
1.927500000000000000e+04 1.927327465007575302e+04
1.932500000000000000e+04 1.932327465007575302e+04
1.937500000000000000e+04 1.937327465007575302e+04
1.942500000000000000e+04 1.942327465007575302e+04
1.947500000000000000e+04 1.947327465007575302e+04
1.952500000000000000e+04 1.952327465007575302e+04
1.957500000000000000e+04 1.957327465007575302e+04
1.962500000000000000e+04 1.962327465007575302e+04
1.967500000000000000e+04 1.967327465007575302e+04
1.972500000000000000e+04 1.972327465007575302e+04
1.977500000000000000e+04 1.977327465007575302e+04
1.982500000000000000e+04 1.982327465007575302e+04
1.987500000000000000e+04 1.987327465007575302e+04
1.992500000000000000e+04 1.992327465007575302e+04
