1.825000000000000000e+03 1.825000000000000455e+03
1.875000000000000000e+03 1.875000000000000455e+03
1.925000000000000000e+03 1.925000000000000455e+03
1.975000000000000000e+03 1.975000000000000455e+03
2.025000000000000000e+03 2.025000000000000455e+03
2.075000000000000000e+03 2.074999999999999545e+03
2.125000000000000000e+03 2.124999999999996817e+03
2.175000000000000000e+03 2.174999999999995907e+03
2.225000000000000000e+03 2.224999999999995907e+03
2.275000000000000000e+03 2.274999999999996817e+03
2.325000000000000000e+03 2.324999999999996817e+03
2.375000000000000000e+03 2.374999999999997726e+03
2.425000000000000000e+03 2.424999999999998636e+03
2.475000000000000000e+03 2.474999999999998636e+03
2.525000000000000000e+03 2.524999999999998636e+03
2.575000000000000000e+03 2.574999999999998636e+03
2.625000000000000000e+03 2.624999999999999545e+03
2.675000000000000000e+03 2.674999999999999545e+03
2.725000000000000000e+03 2.724999999999999545e+03
2.775000000000000000e+03 2.774999999999999545e+03
2.825000000000000000e+03 2.824999999999999545e+03
2.875000000000000000e+03 2.874999999999998636e+03
2.925000000000000000e+03 2.924999999999999545e+03
2.975000000000000000e+03 2.974999999999998636e+03
3.025000000000000000e+03 3.024999999999998636e+03
3.075000000000000000e+03 3.074999999999998636e+03
3.125000000000000000e+03 3.124999999999998636e+03
3.175000000000000000e+03 3.174999999999998636e+03
3.225000000000000000e+03 3.224999999999998636e+03
3.275000000000000000e+03 3.274999999999998636e+03
3.325000000000000000e+03 3.324999999999999545e+03
3.375000000000000000e+03 3.374999999999999545e+03
3.425000000000000000e+03 3.424999999999999545e+03
3.475000000000000000e+03 3.474999999999999545e+03
3.525000000000000000e+03 3.524999999999998636e+03
3.575000000000000000e+03 3.574999999999997726e+03
3.625000000000000000e+03 3.624999999999998636e+03
3.675000000000000000e+03 3.674999999999998636e+03
3.725000000000000000e+03 3.724999999999998636e+03
3.775000000000000000e+03 3.774999999999998636e+03
3.825000000000000000e+03 3.824999999999996817e+03
3.875000000000000000e+03 3.874999999999997726e+03
3.925000000000000000e+03 3.924999999999997726e+03
3.975000000000000000e+03 3.974999999999997726e+03
4.025000000000000000e+03 4.024999999999997726e+03
4.075000000000000000e+03 4.074999999999997726e+03
4.125000000000000000e+03 4.124999999999998181e+03
4.175000000000000000e+03 4.174999999999998181e+03
4.225000000000000000e+03 4.224999999999997272e+03
4.275000000000000000e+03 4.275000000000000000e+03
4.325000000000000000e+03 4.324999999999998181e+03
4.375000000000000000e+03 4.375000000000000000e+03
4.425000000000000000e+03 4.425000000000000000e+03
4.475000000000000000e+03 4.475000000000000000e+03
4.525000000000000000e+03 4.525000000000001819e+03
4.575000000000000000e+03 4.575000000000000000e+03
4.625000000000000000e+03 4.625000000000000000e+03
4.675000000000000000e+03 4.675000000000000000e+03
4.725000000000000000e+03 4.725000000000001819e+03
4.775000000000000000e+03 4.775000000000000000e+03
4.825000000000000000e+03 4.825000000000001819e+03
4.875000000000000000e+03 4.875000000000001819e+03
4.925000000000000000e+03 4.925000000000001819e+03
4.975000000000000000e+03 4.975000000000003638e+03
5.025000000000000000e+03 5.025000000000003638e+03
5.075000000000000000e+03 5.075000000000005457e+03
5.125000000000000000e+03 5.125000000000003638e+03
5.175000000000000000e+03 5.175000000000003638e+03
5.225000000000000000e+03 5.225000000000003638e+03
5.275000000000000000e+03 5.275000000000003638e+03
5.325000000000000000e+03 5.325000000000003638e+03
5.375000000000000000e+03 5.375000000000001819e+03
5.425000000000000000e+03 5.425000000000001819e+03
5.475000000000000000e+03 5.475000000000003638e+03
5.525000000000000000e+03 5.525000000000003638e+03
5.575000000000000000e+03 5.575000000000003638e+03
5.625000000000000000e+03 5.625000000000005457e+03
5.675000000000000000e+03 5.675000000000003638e+03
5.725000000000000000e+03 5.725000000000003638e+03
5.775000000000000000e+03 5.775000000000003638e+03
5.825000000000000000e+03 5.825000000000005457e+03
5.875000000000000000e+03 5.875000000000003638e+03
5.925000000000000000e+03 5.925000000000001819e+03
5.975000000000000000e+03 5.975000000000001819e+03
6.025000000000000000e+03 6.025000000000001819e+03
6.075000000000000000e+03 6.075000000000001819e+03
6.125000000000000000e+03 6.125000000000001819e+03
6.175000000000000000e+03 6.175000000000001819e+03
6.225000000000000000e+03 6.225000000000001819e+03
6.275000000000000000e+03 6.275000000000001819e+03
6.325000000000000000e+03 6.325000000000001819e+03
6.375000000000000000e+03 6.375000000000001819e+03
6.425000000000000000e+03 6.425000000000001819e+03
6.475000000000000000e+03 6.475000000000001819e+03
6.525000000000000000e+03 6.525000000000001819e+03
6.575000000000000000e+03 6.575000000000001819e+03
6.625000000000000000e+03 6.625000000000001819e+03
6.675000000000000000e+03 6.675000000000001819e+03
6.725000000000000000e+03 6.725000000000001819e+03
6.775000000000000000e+03 6.775000000000001819e+03
6.825000000000000000e+03 6.825000000000001819e+03
6.875000000000000000e+03 6.875000000000001819e+03
6.925000000000000000e+03 6.925000000000001819e+03
6.975000000000000000e+03 6.975000000000001819e+03
7.025000000000000000e+03 7.025000000000001819e+03
7.075000000000000000e+03 7.075000000000001819e+03
7.125000000000000000e+03 7.125000000000001819e+03
7.175000000000000000e+03 7.175000000000001819e+03
7.225000000000000000e+03 7.225000000000001819e+03
7.275000000000000000e+03 7.275000000000001819e+03
7.325000000000000000e+03 7.325000000000001819e+03
7.375000000000000000e+03 7.375000000000001819e+03
7.425000000000000000e+03 7.425000000000001819e+03
7.475000000000000000e+03 7.475000000000001819e+03
7.525000000000000000e+03 7.525000000000001819e+03
7.575000000000000000e+03 7.575000000000001819e+03
7.625000000000000000e+03 7.625000000000001819e+03
7.675000000000000000e+03 7.675000000000001819e+03
7.725000000000000000e+03 7.725000000000001819e+03
7.775000000000000000e+03 7.775000000000001819e+03
7.825000000000000000e+03 7.825000000000001819e+03
7.875000000000000000e+03 7.875000000000001819e+03
7.925000000000000000e+03 7.925000000000001819e+03
7.975000000000000000e+03 7.975000000000001819e+03
8.025000000000000000e+03 8.025000000000001819e+03
8.075000000000000000e+03 8.075000000000001819e+03
8.125000000000000000e+03 8.125000000000001819e+03
8.175000000000000000e+03 8.175000000000001819e+03
8.225000000000000000e+03 8.225000000000001819e+03
8.275000000000000000e+03 8.275000000000003638e+03
8.325000000000000000e+03 8.325000000000001819e+03
8.375000000000000000e+03 8.375000000000000000e+03
8.425000000000000000e+03 8.424999999999998181e+03
8.475000000000000000e+03 8.474999999999992724e+03
8.525000000000000000e+03 8.524999999999989086e+03
8.575000000000000000e+03 8.574999999999985448e+03
8.625000000000000000e+03 8.624999999999989086e+03
8.675000000000000000e+03 8.674999999999992724e+03
8.725000000000000000e+03 8.724999999999992724e+03
8.775000000000000000e+03 8.774999999999992724e+03
8.825000000000000000e+03 8.824999999999989086e+03
8.875000000000000000e+03 8.874999999999985448e+03
8.925000000000000000e+03 8.924999999999985448e+03
8.975000000000000000e+03 8.974999999999985448e+03
9.025000000000000000e+03 9.024999999999985448e+03
9.075000000000000000e+03 9.074999999999981810e+03
9.125000000000000000e+03 9.124999999999985448e+03
9.175000000000000000e+03 9.174999999999981810e+03
9.225000000000000000e+03 9.224999999999985448e+03
9.275000000000000000e+03 9.274999999999985448e+03
9.325000000000000000e+03 9.324999999999981810e+03
9.375000000000000000e+03 9.374999999999981810e+03
9.425000000000000000e+03 9.424999999999981810e+03
9.475000000000000000e+03 9.474999999999978172e+03
9.525000000000000000e+03 9.524999999999974534e+03
9.575000000000000000e+03 9.574999999999974534e+03
9.625000000000000000e+03 9.624999999999974534e+03
9.675000000000000000e+03 9.674999999999974534e+03
9.725000000000000000e+03 9.724999999999978172e+03
9.775000000000000000e+03 9.774999999999981810e+03
9.825000000000000000e+03 9.824999999999978172e+03
9.875000000000000000e+03 9.874999999999974534e+03
9.925000000000000000e+03 9.924999999999974534e+03
9.975000000000000000e+03 9.974999999999974534e+03
1.002500000000000000e+04 1.002499999999997453e+04
1.007500000000000000e+04 1.007499999999997453e+04
1.012500000000000000e+04 1.012499999999997453e+04
1.017500000000000000e+04 1.017499999999997453e+04
1.022500000000000000e+04 1.022499999999997453e+04
1.027500000000000000e+04 1.027499999999997453e+04
1.032500000000000000e+04 1.032499999999997453e+04
1.037500000000000000e+04 1.037499999999997453e+04
1.042500000000000000e+04 1.042499999999997453e+04
1.047500000000000000e+04 1.047499999999997453e+04
1.052500000000000000e+04 1.052499999999997453e+04
1.057500000000000000e+04 1.057499999999997453e+04
1.062500000000000000e+04 1.062499999999997453e+04
1.067500000000000000e+04 1.067499999999997453e+04
1.072500000000000000e+04 1.072499999999997453e+04
1.077500000000000000e+04 1.077499999999997453e+04
1.082500000000000000e+04 1.082499999999997453e+04
1.087500000000000000e+04 1.087499999999997453e+04
1.092500000000000000e+04 1.092499999999997453e+04
1.097500000000000000e+04 1.097499999999997453e+04
1.102500000000000000e+04 1.102499999999997453e+04
1.107500000000000000e+04 1.107499999999997453e+04
1.112500000000000000e+04 1.112499999999997453e+04
1.117500000000000000e+04 1.117499999999997453e+04
1.122500000000000000e+04 1.122499999999997453e+04
1.127500000000000000e+04 1.127499999999997453e+04
1.132500000000000000e+04 1.132499999999997453e+04
1.137500000000000000e+04 1.137499999999997453e+04
1.142500000000000000e+04 1.142499999999997453e+04
1.147500000000000000e+04 1.147499999999997453e+04
1.152500000000000000e+04 1.152499999999997453e+04
1.157500000000000000e+04 1.157499999999997453e+04
1.162500000000000000e+04 1.162499999999997453e+04
1.167500000000000000e+04 1.167499999999997453e+04
1.172500000000000000e+04 1.172499999999997453e+04
1.177500000000000000e+04 1.177499999999997453e+04
1.182500000000000000e+04 1.182499999999997453e+04
1.187500000000000000e+04 1.187499999999997453e+04
1.192500000000000000e+04 1.192499999999997453e+04
1.197500000000000000e+04 1.197499999999997453e+04
1.202500000000000000e+04 1.202499999999997453e+04
1.207500000000000000e+04 1.207499999999997453e+04
1.212500000000000000e+04 1.212499999999997453e+04
1.217500000000000000e+04 1.217499999999997453e+04
1.222500000000000000e+04 1.222499999999997453e+04
1.227500000000000000e+04 1.227499999999997453e+04
1.232500000000000000e+04 1.232499999999997453e+04
1.237500000000000000e+04 1.237499999999997453e+04
1.242500000000000000e+04 1.242499999999997453e+04
1.247500000000000000e+04 1.247499999999997453e+04
1.252500000000000000e+04 1.252499999999997453e+04
1.257500000000000000e+04 1.257499999999997453e+04
1.262500000000000000e+04 1.262499999999997453e+04
1.267500000000000000e+04 1.267499999999997453e+04
1.272500000000000000e+04 1.272499999999997453e+04
1.277500000000000000e+04 1.277499999999997453e+04
1.282500000000000000e+04 1.282499999999997453e+04
1.287500000000000000e+04 1.287499999999997453e+04
1.292500000000000000e+04 1.292499999999997453e+04
1.297500000000000000e+04 1.297499999999997453e+04
1.302500000000000000e+04 1.302499999999997453e+04
1.307500000000000000e+04 1.307499999999997453e+04
1.312500000000000000e+04 1.312499999999997453e+04
1.317500000000000000e+04 1.317499999999997453e+04
1.322500000000000000e+04 1.322499999999997453e+04
1.327500000000000000e+04 1.327499999999997453e+04
1.332500000000000000e+04 1.332499999999997453e+04
1.337500000000000000e+04 1.337499999999997453e+04
1.342500000000000000e+04 1.342499999999997453e+04
1.347500000000000000e+04 1.347499999999997453e+04
1.352500000000000000e+04 1.352499999999997453e+04
1.357500000000000000e+04 1.357499999999997453e+04
1.362500000000000000e+04 1.362499999999997453e+04
1.367500000000000000e+04 1.367499999999997453e+04
1.372500000000000000e+04 1.372499999999997453e+04
1.377500000000000000e+04 1.377499999999997453e+04
1.382500000000000000e+04 1.382499999999997453e+04
1.387500000000000000e+04 1.387499999999997453e+04
1.392500000000000000e+04 1.392499999999997453e+04
1.397500000000000000e+04 1.397499999999997453e+04
1.402500000000000000e+04 1.402499999999997453e+04
1.407500000000000000e+04 1.407499999999997453e+04
1.412500000000000000e+04 1.412499999999997453e+04
1.417500000000000000e+04 1.417499999999997453e+04
1.422500000000000000e+04 1.422499999999997453e+04
1.427500000000000000e+04 1.427499999999997453e+04
1.432500000000000000e+04 1.432499999999997453e+04
1.437500000000000000e+04 1.437499999999997453e+04
1.442500000000000000e+04 1.442499999999997453e+04
1.447500000000000000e+04 1.447499999999997453e+04
1.452500000000000000e+04 1.452499999999997453e+04
1.457500000000000000e+04 1.457499999999997453e+04
1.462500000000000000e+04 1.462499999999997453e+04
1.467500000000000000e+04 1.467499999999997453e+04
1.472500000000000000e+04 1.472499999999997453e+04
1.477500000000000000e+04 1.477499999999997453e+04
1.482500000000000000e+04 1.482499999999997453e+04
1.487500000000000000e+04 1.487499999999997453e+04
1.492500000000000000e+04 1.492499999999997453e+04
1.497500000000000000e+04 1.497499999999997453e+04
1.502500000000000000e+04 1.502499999999997453e+04
1.507500000000000000e+04 1.507499999999997453e+04
1.512500000000000000e+04 1.512499999999997453e+04
1.517500000000000000e+04 1.517499999999997453e+04
1.522500000000000000e+04 1.522499999999997453e+04
1.527500000000000000e+04 1.527499999999997453e+04
1.532500000000000000e+04 1.532499999999997453e+04
1.537500000000000000e+04 1.537499999999997453e+04
1.542500000000000000e+04 1.542499999999997453e+04
1.547500000000000000e+04 1.547499999999997453e+04
1.552500000000000000e+04 1.552499999999997453e+04
1.557500000000000000e+04 1.557499999999997453e+04
1.562500000000000000e+04 1.562499999999997453e+04
1.567500000000000000e+04 1.567499999999997453e+04
1.572500000000000000e+04 1.572499999999997453e+04
1.577500000000000000e+04 1.577499999999997453e+04
1.582500000000000000e+04 1.582499999999997453e+04
1.587500000000000000e+04 1.587499999999997453e+04
1.592500000000000000e+04 1.592499999999997453e+04
1.597500000000000000e+04 1.597499999999997453e+04
1.602500000000000000e+04 1.602499999999997453e+04
1.607500000000000000e+04 1.607499999999997453e+04
1.612500000000000000e+04 1.612499999999997453e+04
1.617500000000000000e+04 1.617499999999997453e+04
1.622500000000000000e+04 1.622499999999997453e+04
1.627500000000000000e+04 1.627499999999997453e+04
1.632500000000000000e+04 1.632499999999997453e+04
1.637500000000000000e+04 1.637499999999997453e+04
1.642500000000000000e+04 1.642499999999997453e+04
1.647500000000000000e+04 1.647499999999997453e+04
1.652500000000000000e+04 1.652499999999997817e+04
1.657500000000000000e+04 1.657499999999997453e+04
1.662500000000000000e+04 1.662499999999998181e+04
1.667500000000000000e+04 1.667499999999998909e+04
1.672500000000000000e+04 1.672499999999998545e+04
1.677500000000000000e+04 1.677499999999998545e+04
1.682500000000000000e+04 1.682499999999998545e+04
1.687500000000000000e+04 1.687499999999997817e+04
1.692500000000000000e+04 1.692499999999998545e+04
1.697500000000000000e+04 1.697499999999998545e+04
1.702500000000000000e+04 1.702499999999998545e+04
1.707500000000000000e+04 1.707499999999998545e+04
1.712500000000000000e+04 1.712499999999998545e+04
1.717500000000000000e+04 1.717499999999998545e+04
1.722500000000000000e+04 1.722499999999998545e+04
1.727500000000000000e+04 1.727499999999999272e+04
1.732500000000000000e+04 1.732499999999998545e+04
1.737500000000000000e+04 1.737499999999999272e+04
1.742500000000000000e+04 1.742499999999998545e+04
1.747500000000000000e+04 1.747499999999999272e+04
1.752500000000000000e+04 1.752500000000000000e+04
1.757500000000000000e+04 1.757499999999999272e+04
1.762500000000000000e+04 1.762499999999999272e+04
1.767500000000000000e+04 1.767500000000000728e+04
1.772500000000000000e+04 1.772500000000001455e+04
1.777500000000000000e+04 1.777500000000000728e+04
1.782500000000000000e+04 1.782500000000000728e+04
1.787500000000000000e+04 1.787500000000000728e+04
1.792500000000000000e+04 1.792499999999999272e+04
1.797500000000000000e+04 1.797499999999999272e+04
1.802500000000000000e+04 1.802500000000000000e+04
1.807500000000000000e+04 1.807499999999999272e+04
1.812500000000000000e+04 1.812500000000000000e+04
1.817500000000000000e+04 1.817500000000000728e+04
1.822500000000000000e+04 1.822500000000000728e+04
1.827500000000000000e+04 1.827500000000000728e+04
1.832500000000000000e+04 1.832500000000000728e+04
1.837500000000000000e+04 1.837500000000000728e+04
1.842500000000000000e+04 1.842500000000000728e+04
1.847500000000000000e+04 1.847500000000000728e+04
1.852500000000000000e+04 1.852500000000000728e+04
1.857500000000000000e+04 1.857500000000000728e+04
1.862500000000000000e+04 1.862500000000000728e+04
1.867500000000000000e+04 1.867500000000000728e+04
1.872500000000000000e+04 1.872500000000000728e+04
1.877500000000000000e+04 1.877500000000000728e+04
1.882500000000000000e+04 1.882500000000000728e+04
1.887500000000000000e+04 1.887500000000000728e+04
1.892500000000000000e+04 1.892500000000000728e+04
1.897500000000000000e+04 1.897500000000000728e+04
1.902500000000000000e+04 1.902500000000000728e+04
1.907500000000000000e+04 1.907500000000000728e+04
1.912500000000000000e+04 1.912500000000000728e+04
1.917500000000000000e+04 1.917500000000000728e+04
1.922500000000000000e+04 1.922500000000000728e+04
1.927500000000000000e+04 1.927500000000000728e+04
1.932500000000000000e+04 1.932500000000000728e+04
1.937500000000000000e+04 1.937500000000000728e+04
1.942500000000000000e+04 1.942500000000000728e+04
1.947500000000000000e+04 1.947500000000000728e+04
1.952500000000000000e+04 1.952500000000000728e+04
1.957500000000000000e+04 1.957500000000000728e+04
1.962500000000000000e+04 1.962500000000000728e+04
1.967500000000000000e+04 1.967500000000000728e+04
1.972500000000000000e+04 1.972500000000000728e+04
1.977500000000000000e+04 1.977500000000000728e+04
1.982500000000000000e+04 1.982500000000000728e+04
1.987500000000000000e+04 1.987500000000000728e+04
1.992500000000000000e+04 1.992500000000000728e+04
