2.250000000000000000e+02 2.247581027552501496e+02
2.750000000000000000e+02 2.747581027552500927e+02
3.250000000000000000e+02 3.247581027552499791e+02
3.750000000000000000e+02 3.747581027552500927e+02
4.250000000000000000e+02 4.247581027552499791e+02
4.750000000000000000e+02 4.747581027552499791e+02
5.250000000000000000e+02 5.247581027552508885e+02
5.750000000000000000e+02 5.747581027552511159e+02
6.250000000000000000e+02 6.247581027552513433e+02
6.750000000000000000e+02 6.747581027552513433e+02
7.250000000000000000e+02 7.247581027552520254e+02
7.750000000000000000e+02 7.747581027552520254e+02
8.250000000000000000e+02 8.247581027552520254e+02
8.750000000000000000e+02 8.747581027552520254e+02
9.250000000000000000e+02 9.247581027552520254e+02
9.750000000000000000e+02 9.747581027552520254e+02
1.025000000000000000e+03 1.024758102755252366e+03
1.075000000000000000e+03 1.074758102755250775e+03
1.125000000000000000e+03 1.124758102755250775e+03
1.175000000000000000e+03 1.174758102755250775e+03
1.225000000000000000e+03 1.224758102755249411e+03
1.275000000000000000e+03 1.274758102755249411e+03
1.325000000000000000e+03 1.324758102755249411e+03
1.375000000000000000e+03 1.374758102755249411e+03
1.425000000000000000e+03 1.424758102755249411e+03
1.475000000000000000e+03 1.474758102755249411e+03
1.525000000000000000e+03 1.524758102755249411e+03
1.575000000000000000e+03 1.574758102755249411e+03
1.625000000000000000e+03 1.624758102755249411e+03
1.675000000000000000e+03 1.674758102755249411e+03
1.725000000000000000e+03 1.724758102755249411e+03
1.775000000000000000e+03 1.774758102755249411e+03
1.825000000000000000e+03 1.824758102755249411e+03
1.875000000000000000e+03 1.874758102755249411e+03
1.925000000000000000e+03 1.924758102755249411e+03
1.975000000000000000e+03 1.974758102755249411e+03
2.025000000000000000e+03 2.024758102755249411e+03
2.075000000000000000e+03 2.074758102755248728e+03
2.125000000000000000e+03 2.124758102755246910e+03
2.175000000000000000e+03 2.174758102755246000e+03
2.225000000000000000e+03 2.224758102755245091e+03
2.275000000000000000e+03 2.274758102755246910e+03
2.325000000000000000e+03 2.324758102755246910e+03
2.375000000000000000e+03 2.374758102755246910e+03
2.425000000000000000e+03 2.424758102755246910e+03
2.475000000000000000e+03 2.474758102755246910e+03
2.525000000000000000e+03 2.524758102755246910e+03
2.575000000000000000e+03 2.574758102755246910e+03
2.625000000000000000e+03 2.624758102755246910e+03
2.675000000000000000e+03 2.674758102755246910e+03
2.725000000000000000e+03 2.724758102755246910e+03
2.775000000000000000e+03 2.774758102755246910e+03
2.825000000000000000e+03 2.824758102755246910e+03
2.875000000000000000e+03 2.874758102755246910e+03
2.925000000000000000e+03 2.924758102755246910e+03
2.975000000000000000e+03 2.974758102755246910e+03
3.025000000000000000e+03 3.024758102755246910e+03
3.075000000000000000e+03 3.074758102755246910e+03
3.125000000000000000e+03 3.124758102755246910e+03
3.175000000000000000e+03 3.174758102755246910e+03
3.225000000000000000e+03 3.224758102755246910e+03
3.275000000000000000e+03 3.274758102755246910e+03
3.325000000000000000e+03 3.324758102755246910e+03
3.375000000000000000e+03 3.374758102755246910e+03
3.425000000000000000e+03 3.424758102755246910e+03
3.475000000000000000e+03 3.474758102755246910e+03
3.525000000000000000e+03 3.524758102755246910e+03
3.575000000000000000e+03 3.574758102755246910e+03
3.625000000000000000e+03 3.624758102755246910e+03
3.675000000000000000e+03 3.674758102755246910e+03
3.725000000000000000e+03 3.724758102755246910e+03
3.775000000000000000e+03 3.774758102755246910e+03
3.825000000000000000e+03 3.824758102755246910e+03
3.875000000000000000e+03 3.874758102755246910e+03
3.925000000000000000e+03 3.924758102755246910e+03
3.975000000000000000e+03 3.974758102755246910e+03
4.025000000000000000e+03 4.024758102755246910e+03
4.075000000000000000e+03 4.074758102755246910e+03
4.125000000000000000e+03 4.124758102755246910e+03
4.175000000000000000e+03 4.174758102755247819e+03
4.225000000000000000e+03 4.224758102755251457e+03
4.275000000000000000e+03 4.274758102755249638e+03
4.325000000000000000e+03 4.324758102755249638e+03
4.375000000000000000e+03 4.374758102755249638e+03
4.425000000000000000e+03 4.424758102755249638e+03
4.475000000000000000e+03 4.474758102755249638e+03
4.525000000000000000e+03 4.524758102755249638e+03
4.575000000000000000e+03 4.574758102755249638e+03
4.625000000000000000e+03 4.624758102755249638e+03
4.675000000000000000e+03 4.674758102755249638e+03
4.725000000000000000e+03 4.724758102755249638e+03
4.775000000000000000e+03 4.774758102755249638e+03
4.825000000000000000e+03 4.824758102755249638e+03
4.875000000000000000e+03 4.874758102755249638e+03
4.925000000000000000e+03 4.924758102755249638e+03
4.975000000000000000e+03 4.974758102755249638e+03
5.025000000000000000e+03 5.024758102755249638e+03
5.075000000000000000e+03 5.074758102755249638e+03
5.125000000000000000e+03 5.124758102755249638e+03
5.175000000000000000e+03 5.174758102755249638e+03
5.225000000000000000e+03 5.224758102755249638e+03
5.275000000000000000e+03 5.274758102755249638e+03
5.325000000000000000e+03 5.324758102755249638e+03
5.375000000000000000e+03 5.374758102755249638e+03
5.425000000000000000e+03 5.424758102755249638e+03
5.475000000000000000e+03 5.474758102755249638e+03
5.525000000000000000e+03 5.524758102755249638e+03
5.575000000000000000e+03 5.574758102755249638e+03
5.625000000000000000e+03 5.624758102755249638e+03
5.675000000000000000e+03 5.674758102755249638e+03
5.725000000000000000e+03 5.724758102755249638e+03
5.775000000000000000e+03 5.774758102755249638e+03
5.825000000000000000e+03 5.824758102755249638e+03
5.875000000000000000e+03 5.874758102755249638e+03
5.925000000000000000e+03 5.924758102755249638e+03
5.975000000000000000e+03 5.974758102755249638e+03
6.025000000000000000e+03 6.024758102755249638e+03
6.075000000000000000e+03 6.074758102755249638e+03
6.125000000000000000e+03 6.124758102755249638e+03
6.175000000000000000e+03 6.174758102755249638e+03
6.225000000000000000e+03 6.224758102755249638e+03
6.275000000000000000e+03 6.274758102755249638e+03
6.325000000000000000e+03 6.324758102755249638e+03
6.375000000000000000e+03 6.374758102755249638e+03
6.425000000000000000e+03 6.424758102755249638e+03
6.475000000000000000e+03 6.474758102755249638e+03
6.525000000000000000e+03 6.524758102755249638e+03
6.575000000000000000e+03 6.574758102755249638e+03
6.625000000000000000e+03 6.624758102755249638e+03
6.675000000000000000e+03 6.674758102755249638e+03
6.725000000000000000e+03 6.724758102755249638e+03
6.775000000000000000e+03 6.774758102755249638e+03
6.825000000000000000e+03 6.824758102755249638e+03
6.875000000000000000e+03 6.874758102755249638e+03
6.925000000000000000e+03 6.924758102755249638e+03
6.975000000000000000e+03 6.974758102755249638e+03
7.025000000000000000e+03 7.024758102755249638e+03
7.075000000000000000e+03 7.074758102755249638e+03
7.125000000000000000e+03 7.124758102755249638e+03
7.175000000000000000e+03 7.174758102755249638e+03
7.225000000000000000e+03 7.224758102755249638e+03
7.275000000000000000e+03 7.274758102755249638e+03
7.325000000000000000e+03 7.324758102755249638e+03
7.375000000000000000e+03 7.374758102755249638e+03
7.425000000000000000e+03 7.424758102755249638e+03
7.475000000000000000e+03 7.474758102755249638e+03
7.525000000000000000e+03 7.524758102755249638e+03
7.575000000000000000e+03 7.574758102755249638e+03
7.625000000000000000e+03 7.624758102755249638e+03
7.675000000000000000e+03 7.674758102755249638e+03
7.725000000000000000e+03 7.724758102755249638e+03
7.775000000000000000e+03 7.774758102755249638e+03
7.825000000000000000e+03 7.824758102755249638e+03
7.875000000000000000e+03 7.874758102755249638e+03
7.925000000000000000e+03 7.924758102755249638e+03
7.975000000000000000e+03 7.974758102755249638e+03
8.025000000000000000e+03 8.024758102755249638e+03
8.075000000000000000e+03 8.074758102755249638e+03
8.125000000000000000e+03 8.124758102755249638e+03
8.175000000000000000e+03 8.174758102755249638e+03
8.225000000000000000e+03 8.224758102755251457e+03
8.275000000000000000e+03 8.274758102755251457e+03
8.325000000000000000e+03 8.324758102755249638e+03
8.375000000000000000e+03 8.374758102755249638e+03
8.425000000000000000e+03 8.424758102755251457e+03
8.475000000000000000e+03 8.474758102755251457e+03
8.525000000000000000e+03 8.524758102755251457e+03
8.575000000000000000e+03 8.574758102755251457e+03
8.625000000000000000e+03 8.624758102755251457e+03
8.675000000000000000e+03 8.674758102755251457e+03
8.725000000000000000e+03 8.724758102755251457e+03
8.775000000000000000e+03 8.774758102755251457e+03
8.825000000000000000e+03 8.824758102755251457e+03
8.875000000000000000e+03 8.874758102755251457e+03
8.925000000000000000e+03 8.924758102755251457e+03
8.975000000000000000e+03 8.974758102755251457e+03
9.025000000000000000e+03 9.024758102755251457e+03
9.075000000000000000e+03 9.074758102755251457e+03
9.125000000000000000e+03 9.124758102755251457e+03
9.175000000000000000e+03 9.174758102755251457e+03
9.225000000000000000e+03 9.224758102755251457e+03
9.275000000000000000e+03 9.274758102755251457e+03
9.325000000000000000e+03 9.324758102755251457e+03
9.375000000000000000e+03 9.374758102755251457e+03
9.425000000000000000e+03 9.424758102755251457e+03
9.475000000000000000e+03 9.474758102755251457e+03
9.525000000000000000e+03 9.524758102755251457e+03
9.575000000000000000e+03 9.574758102755251457e+03
9.625000000000000000e+03 9.624758102755251457e+03
9.675000000000000000e+03 9.674758102755251457e+03
9.725000000000000000e+03 9.724758102755251457e+03
9.775000000000000000e+03 9.774758102755251457e+03
9.825000000000000000e+03 9.824758102755251457e+03
9.875000000000000000e+03 9.874758102755251457e+03
9.925000000000000000e+03 9.924758102755251457e+03
9.975000000000000000e+03 9.974758102755251457e+03
1.002500000000000000e+04 1.002475810275525146e+04
1.007500000000000000e+04 1.007475810275525146e+04
1.012500000000000000e+04 1.012475810275525146e+04
1.017500000000000000e+04 1.017475810275525146e+04
1.022500000000000000e+04 1.022475810275525146e+04
1.027500000000000000e+04 1.027475810275525146e+04
1.032500000000000000e+04 1.032475810275525146e+04
1.037500000000000000e+04 1.037475810275525146e+04
1.042500000000000000e+04 1.042475810275525146e+04
1.047500000000000000e+04 1.047475810275525146e+04
1.052500000000000000e+04 1.052475810275525146e+04
1.057500000000000000e+04 1.057475810275525146e+04
1.062500000000000000e+04 1.062475810275525146e+04
1.067500000000000000e+04 1.067475810275525146e+04
1.072500000000000000e+04 1.072475810275525146e+04
1.077500000000000000e+04 1.077475810275525146e+04
1.082500000000000000e+04 1.082475810275525146e+04
1.087500000000000000e+04 1.087475810275525146e+04
1.092500000000000000e+04 1.092475810275525146e+04
1.097500000000000000e+04 1.097475810275525146e+04
1.102500000000000000e+04 1.102475810275525146e+04
1.107500000000000000e+04 1.107475810275525146e+04
1.112500000000000000e+04 1.112475810275525146e+04
1.117500000000000000e+04 1.117475810275525146e+04
1.122500000000000000e+04 1.122475810275525146e+04
1.127500000000000000e+04 1.127475810275525146e+04
1.132500000000000000e+04 1.132475810275525146e+04
1.137500000000000000e+04 1.137475810275525146e+04
1.142500000000000000e+04 1.142475810275525146e+04
1.147500000000000000e+04 1.147475810275525146e+04
1.152500000000000000e+04 1.152475810275525146e+04
1.157500000000000000e+04 1.157475810275525146e+04
1.162500000000000000e+04 1.162475810275525146e+04
1.167500000000000000e+04 1.167475810275525146e+04
1.172500000000000000e+04 1.172475810275525146e+04
1.177500000000000000e+04 1.177475810275525146e+04
1.182500000000000000e+04 1.182475810275525146e+04
1.187500000000000000e+04 1.187475810275525146e+04
1.192500000000000000e+04 1.192475810275525146e+04
1.197500000000000000e+04 1.197475810275525146e+04
1.202500000000000000e+04 1.202475810275525146e+04
1.207500000000000000e+04 1.207475810275525146e+04
1.212500000000000000e+04 1.212475810275525146e+04
1.217500000000000000e+04 1.217475810275525146e+04
1.222500000000000000e+04 1.222475810275525146e+04
1.227500000000000000e+04 1.227475810275525146e+04
1.232500000000000000e+04 1.232475810275525146e+04
1.237500000000000000e+04 1.237475810275525146e+04
1.242500000000000000e+04 1.242475810275525146e+04
1.247500000000000000e+04 1.247475810275525146e+04
1.252500000000000000e+04 1.252475810275525146e+04
1.257500000000000000e+04 1.257475810275525146e+04
1.262500000000000000e+04 1.262475810275525146e+04
1.267500000000000000e+04 1.267475810275525146e+04
1.272500000000000000e+04 1.272475810275525146e+04
1.277500000000000000e+04 1.277475810275525146e+04
1.282500000000000000e+04 1.282475810275525146e+04
1.287500000000000000e+04 1.287475810275525146e+04
1.292500000000000000e+04 1.292475810275525146e+04
1.297500000000000000e+04 1.297475810275525146e+04
1.302500000000000000e+04 1.302475810275525146e+04
1.307500000000000000e+04 1.307475810275525146e+04
1.312500000000000000e+04 1.312475810275525146e+04
1.317500000000000000e+04 1.317475810275525146e+04
1.322500000000000000e+04 1.322475810275525146e+04
1.327500000000000000e+04 1.327475810275525146e+04
1.332500000000000000e+04 1.332475810275525146e+04
1.337500000000000000e+04 1.337475810275525146e+04
1.342500000000000000e+04 1.342475810275525146e+04
1.347500000000000000e+04 1.347475810275525146e+04
1.352500000000000000e+04 1.352475810275525146e+04
1.357500000000000000e+04 1.357475810275525146e+04
1.362500000000000000e+04 1.362475810275525146e+04
1.367500000000000000e+04 1.367475810275525146e+04
1.372500000000000000e+04 1.372475810275525146e+04
1.377500000000000000e+04 1.377475810275525146e+04
1.382500000000000000e+04 1.382475810275525146e+04
1.387500000000000000e+04 1.387475810275525146e+04
1.392500000000000000e+04 1.392475810275525146e+04
1.397500000000000000e+04 1.397475810275525146e+04
1.402500000000000000e+04 1.402475810275525146e+04
1.407500000000000000e+04 1.407475810275525146e+04
1.412500000000000000e+04 1.412475810275525146e+04
1.417500000000000000e+04 1.417475810275525146e+04
1.422500000000000000e+04 1.422475810275525146e+04
1.427500000000000000e+04 1.427475810275525146e+04
1.432500000000000000e+04 1.432475810275525146e+04
1.437500000000000000e+04 1.437475810275525146e+04
1.442500000000000000e+04 1.442475810275525146e+04
1.447500000000000000e+04 1.447475810275525146e+04
1.452500000000000000e+04 1.452475810275525146e+04
1.457500000000000000e+04 1.457475810275525146e+04
1.462500000000000000e+04 1.462475810275525146e+04
1.467500000000000000e+04 1.467475810275525146e+04
1.472500000000000000e+04 1.472475810275525146e+04
1.477500000000000000e+04 1.477475810275525146e+04
1.482500000000000000e+04 1.482475810275525146e+04
1.487500000000000000e+04 1.487475810275525146e+04
1.492500000000000000e+04 1.492475810275525146e+04
1.497500000000000000e+04 1.497475810275525146e+04
1.502500000000000000e+04 1.502475810275525146e+04
1.507500000000000000e+04 1.507475810275525146e+04
1.512500000000000000e+04 1.512475810275525146e+04
1.517500000000000000e+04 1.517475810275525146e+04
1.522500000000000000e+04 1.522475810275525146e+04
1.527500000000000000e+04 1.527475810275525146e+04
1.532500000000000000e+04 1.532475810275525146e+04
1.537500000000000000e+04 1.537475810275525146e+04
1.542500000000000000e+04 1.542475810275525146e+04
1.547500000000000000e+04 1.547475810275525146e+04
1.552500000000000000e+04 1.552475810275525146e+04
1.557500000000000000e+04 1.557475810275525146e+04
1.562500000000000000e+04 1.562475810275525146e+04
1.567500000000000000e+04 1.567475810275525146e+04
1.572500000000000000e+04 1.572475810275525146e+04
1.577500000000000000e+04 1.577475810275525146e+04
1.582500000000000000e+04 1.582475810275525146e+04
1.587500000000000000e+04 1.587475810275525146e+04
1.592500000000000000e+04 1.592475810275525146e+04
1.597500000000000000e+04 1.597475810275525146e+04
1.602500000000000000e+04 1.602475810275525146e+04
1.607500000000000000e+04 1.607475810275525146e+04
1.612500000000000000e+04 1.612475810275525146e+04
1.617500000000000000e+04 1.617475810275525146e+04
1.622500000000000000e+04 1.622475810275525146e+04
1.627500000000000000e+04 1.627475810275525146e+04
1.632500000000000000e+04 1.632475810275525146e+04
1.637500000000000000e+04 1.637475810275525146e+04
1.642500000000000000e+04 1.642475810275525146e+04
1.647500000000000000e+04 1.647475810275526601e+04
1.652500000000000000e+04 1.652475810275526965e+04
1.657500000000000000e+04 1.657475810275526965e+04
1.662500000000000000e+04 1.662475810275526237e+04
1.667500000000000000e+04 1.667475810275526237e+04
1.672500000000000000e+04 1.672475810275526237e+04
1.677500000000000000e+04 1.677475810275526237e+04
1.682500000000000000e+04 1.682475810275526237e+04
1.687500000000000000e+04 1.687475810275526237e+04
1.692500000000000000e+04 1.692475810275526237e+04
1.697500000000000000e+04 1.697475810275526237e+04
1.702500000000000000e+04 1.702475810275526237e+04
1.707500000000000000e+04 1.707475810275526237e+04
1.712500000000000000e+04 1.712475810275526237e+04
1.717500000000000000e+04 1.717475810275526237e+04
1.722500000000000000e+04 1.722475810275526237e+04
1.727500000000000000e+04 1.727475810275526237e+04
1.732500000000000000e+04 1.732475810275526237e+04
1.737500000000000000e+04 1.737475810275526237e+04
1.742500000000000000e+04 1.742475810275526237e+04
1.747500000000000000e+04 1.747475810275526237e+04
1.752500000000000000e+04 1.752475810275526237e+04
1.757500000000000000e+04 1.757475810275526237e+04
1.762500000000000000e+04 1.762475810275526237e+04
1.767500000000000000e+04 1.767475810275526237e+04
1.772500000000000000e+04 1.772475810275526237e+04
1.777500000000000000e+04 1.777475810275526237e+04
1.782500000000000000e+04 1.782475810275526237e+04
1.787500000000000000e+04 1.787475810275526237e+04
1.792500000000000000e+04 1.792475810275526237e+04
1.797500000000000000e+04 1.797475810275526237e+04
1.802500000000000000e+04 1.802475810275526237e+04
1.807500000000000000e+04 1.807475810275526237e+04
1.812500000000000000e+04 1.812475810275526237e+04
1.817500000000000000e+04 1.817475810275526237e+04
1.822500000000000000e+04 1.822475810275526237e+04
1.827500000000000000e+04 1.827475810275526237e+04
1.832500000000000000e+04 1.832475810275526237e+04
1.837500000000000000e+04 1.837475810275526237e+04
1.842500000000000000e+04 1.842475810275526237e+04
1.847500000000000000e+04 1.847475810275526237e+04
1.852500000000000000e+04 1.852475810275526237e+04
1.857500000000000000e+04 1.857475810275526237e+04
1.862500000000000000e+04 1.862475810275526237e+04
1.867500000000000000e+04 1.867475810275526237e+04
1.872500000000000000e+04 1.872475810275526237e+04
1.877500000000000000e+04 1.877475810275526237e+04
1.882500000000000000e+04 1.882475810275526237e+04
1.887500000000000000e+04 1.887475810275526237e+04
1.892500000000000000e+04 1.892475810275526237e+04
1.897500000000000000e+04 1.897475810275526237e+04
1.902500000000000000e+04 1.902475810275526237e+04
1.907500000000000000e+04 1.907475810275526237e+04
1.912500000000000000e+04 1.912475810275526237e+04
1.917500000000000000e+04 1.917475810275526237e+04
1.922500000000000000e+04 1.922475810275526237e+04
1.927500000000000000e+04 1.927475810275526237e+04
1.932500000000000000e+04 1.932475810275526237e+04
1.937500000000000000e+04 1.937475810275526237e+04
1.942500000000000000e+04 1.942475810275526237e+04
1.947500000000000000e+04 1.947475810275526237e+04
1.952500000000000000e+04 1.952475810275526237e+04
1.957500000000000000e+04 1.957475810275526237e+04
1.962500000000000000e+04 1.962475810275526237e+04
1.967500000000000000e+04 1.967475810275526237e+04
1.972500000000000000e+04 1.972475810275526237e+04
1.977500000000000000e+04 1.977475810275526237e+04
1.982500000000000000e+04 1.982475810275526237e+04
1.987500000000000000e+04 1.987475810275526237e+04
1.992500000000000000e+04 1.992475810275526237e+04
