2.250000000000000000e+02 2.175572507018541444e+02
2.750000000000000000e+02 2.675572507018540023e+02
3.250000000000000000e+02 3.175572507018535475e+02
3.750000000000000000e+02 3.675572507018536612e+02
4.250000000000000000e+02 4.175572507018540023e+02
4.750000000000000000e+02 4.675572507018541160e+02
5.250000000000000000e+02 5.175572507018542865e+02
5.750000000000000000e+02 5.675572507018550823e+02
6.250000000000000000e+02 6.175572507018548549e+02
6.750000000000000000e+02 6.675572507018553097e+02
7.250000000000000000e+02 7.175572507018555370e+02
7.750000000000000000e+02 7.675572507018555370e+02
8.250000000000000000e+02 8.175572507018555370e+02
8.750000000000000000e+02 8.675572507018555370e+02
9.250000000000000000e+02 9.175572507018555370e+02
9.750000000000000000e+02 9.675572507018555370e+02
1.025000000000000000e+03 1.017557250701855537e+03
1.075000000000000000e+03 1.067557250701856901e+03
1.125000000000000000e+03 1.117557250701856447e+03
1.175000000000000000e+03 1.167557250701855082e+03
1.225000000000000000e+03 1.217557250701854628e+03
1.275000000000000000e+03 1.267557250701854628e+03
1.325000000000000000e+03 1.317557250701854628e+03
1.375000000000000000e+03 1.367557250701854628e+03
1.425000000000000000e+03 1.417557250701854628e+03
1.475000000000000000e+03 1.467557250701854628e+03
1.525000000000000000e+03 1.517557250701854628e+03
1.575000000000000000e+03 1.567557250701854628e+03
1.625000000000000000e+03 1.617557250701854628e+03
1.675000000000000000e+03 1.667557250701854628e+03
1.725000000000000000e+03 1.717557250701854628e+03
1.775000000000000000e+03 1.767557250701854628e+03
1.825000000000000000e+03 1.817557250701854628e+03
1.875000000000000000e+03 1.867557250701854628e+03
1.925000000000000000e+03 1.917557250701854628e+03
1.975000000000000000e+03 1.967557250701854628e+03
2.025000000000000000e+03 2.017557250701854628e+03
2.075000000000000000e+03 2.067557250701854173e+03
2.125000000000000000e+03 2.117557250701855992e+03
2.175000000000000000e+03 2.167557250701856447e+03
2.225000000000000000e+03 2.217557250701855537e+03
2.275000000000000000e+03 2.267557250701854628e+03
2.325000000000000000e+03 2.317557250701854628e+03
2.375000000000000000e+03 2.367557250701854628e+03
2.425000000000000000e+03 2.417557250701854628e+03
2.475000000000000000e+03 2.467557250701854628e+03
2.525000000000000000e+03 2.517557250701854628e+03
2.575000000000000000e+03 2.567557250701854628e+03
2.625000000000000000e+03 2.617557250701854628e+03
2.675000000000000000e+03 2.667557250701854628e+03
2.725000000000000000e+03 2.717557250701854628e+03
2.775000000000000000e+03 2.767557250701854628e+03
2.825000000000000000e+03 2.817557250701854628e+03
2.875000000000000000e+03 2.867557250701854628e+03
2.925000000000000000e+03 2.917557250701854628e+03
2.975000000000000000e+03 2.967557250701854628e+03
3.025000000000000000e+03 3.017557250701854628e+03
3.075000000000000000e+03 3.067557250701854628e+03
3.125000000000000000e+03 3.117557250701854628e+03
3.175000000000000000e+03 3.167557250701854628e+03
3.225000000000000000e+03 3.217557250701854628e+03
3.275000000000000000e+03 3.267557250701854628e+03
3.325000000000000000e+03 3.317557250701854628e+03
3.375000000000000000e+03 3.367557250701854628e+03
3.425000000000000000e+03 3.417557250701854628e+03
3.475000000000000000e+03 3.467557250701854628e+03
3.525000000000000000e+03 3.517557250701854628e+03
3.575000000000000000e+03 3.567557250701854628e+03
3.625000000000000000e+03 3.617557250701854628e+03
3.675000000000000000e+03 3.667557250701854628e+03
3.725000000000000000e+03 3.717557250701854628e+03
3.775000000000000000e+03 3.767557250701854628e+03
3.825000000000000000e+03 3.817557250701854628e+03
3.875000000000000000e+03 3.867557250701854628e+03
3.925000000000000000e+03 3.917557250701854628e+03
3.975000000000000000e+03 3.967557250701854628e+03
4.025000000000000000e+03 4.017557250701854628e+03
4.075000000000000000e+03 4.067557250701854628e+03
4.125000000000000000e+03 4.117557250701854173e+03
4.175000000000000000e+03 4.167557250701851444e+03
4.225000000000000000e+03 4.217557250701851444e+03
4.275000000000000000e+03 4.267557250701851444e+03
4.325000000000000000e+03 4.317557250701851444e+03
4.375000000000000000e+03 4.367557250701851444e+03
4.425000000000000000e+03 4.417557250701851444e+03
4.475000000000000000e+03 4.467557250701851444e+03
4.525000000000000000e+03 4.517557250701851444e+03
4.575000000000000000e+03 4.567557250701851444e+03
4.625000000000000000e+03 4.617557250701851444e+03
4.675000000000000000e+03 4.667557250701851444e+03
4.725000000000000000e+03 4.717557250701851444e+03
4.775000000000000000e+03 4.767557250701851444e+03
4.825000000000000000e+03 4.817557250701851444e+03
4.875000000000000000e+03 4.867557250701851444e+03
4.925000000000000000e+03 4.917557250701851444e+03
4.975000000000000000e+03 4.967557250701851444e+03
5.025000000000000000e+03 5.017557250701851444e+03
5.075000000000000000e+03 5.067557250701851444e+03
5.125000000000000000e+03 5.117557250701851444e+03
5.175000000000000000e+03 5.167557250701851444e+03
5.225000000000000000e+03 5.217557250701851444e+03
5.275000000000000000e+03 5.267557250701851444e+03
5.325000000000000000e+03 5.317557250701851444e+03
5.375000000000000000e+03 5.367557250701851444e+03
5.425000000000000000e+03 5.417557250701851444e+03
5.475000000000000000e+03 5.467557250701851444e+03
5.525000000000000000e+03 5.517557250701851444e+03
5.575000000000000000e+03 5.567557250701851444e+03
5.625000000000000000e+03 5.617557250701851444e+03
5.675000000000000000e+03 5.667557250701851444e+03
5.725000000000000000e+03 5.717557250701851444e+03
5.775000000000000000e+03 5.767557250701851444e+03
5.825000000000000000e+03 5.817557250701851444e+03
5.875000000000000000e+03 5.867557250701851444e+03
5.925000000000000000e+03 5.917557250701851444e+03
5.975000000000000000e+03 5.967557250701851444e+03
6.025000000000000000e+03 6.017557250701851444e+03
6.075000000000000000e+03 6.067557250701851444e+03
6.125000000000000000e+03 6.117557250701851444e+03
6.175000000000000000e+03 6.167557250701851444e+03
6.225000000000000000e+03 6.217557250701851444e+03
6.275000000000000000e+03 6.267557250701851444e+03
6.325000000000000000e+03 6.317557250701851444e+03
6.375000000000000000e+03 6.367557250701851444e+03
6.425000000000000000e+03 6.417557250701851444e+03
6.475000000000000000e+03 6.467557250701851444e+03
6.525000000000000000e+03 6.517557250701851444e+03
6.575000000000000000e+03 6.567557250701851444e+03
6.625000000000000000e+03 6.617557250701851444e+03
6.675000000000000000e+03 6.667557250701851444e+03
6.725000000000000000e+03 6.717557250701851444e+03
6.775000000000000000e+03 6.767557250701851444e+03
6.825000000000000000e+03 6.817557250701851444e+03
6.875000000000000000e+03 6.867557250701851444e+03
6.925000000000000000e+03 6.917557250701851444e+03
6.975000000000000000e+03 6.967557250701851444e+03
7.025000000000000000e+03 7.017557250701851444e+03
7.075000000000000000e+03 7.067557250701851444e+03
7.125000000000000000e+03 7.117557250701851444e+03
7.175000000000000000e+03 7.167557250701851444e+03
7.225000000000000000e+03 7.217557250701851444e+03
7.275000000000000000e+03 7.267557250701851444e+03
7.325000000000000000e+03 7.317557250701851444e+03
7.375000000000000000e+03 7.367557250701851444e+03
7.425000000000000000e+03 7.417557250701851444e+03
7.475000000000000000e+03 7.467557250701851444e+03
7.525000000000000000e+03 7.517557250701851444e+03
7.575000000000000000e+03 7.567557250701851444e+03
7.625000000000000000e+03 7.617557250701851444e+03
7.675000000000000000e+03 7.667557250701851444e+03
7.725000000000000000e+03 7.717557250701851444e+03
7.775000000000000000e+03 7.767557250701851444e+03
7.825000000000000000e+03 7.817557250701851444e+03
7.875000000000000000e+03 7.867557250701851444e+03
7.925000000000000000e+03 7.917557250701851444e+03
7.975000000000000000e+03 7.967557250701851444e+03
8.025000000000000000e+03 8.017557250701851444e+03
8.075000000000000000e+03 8.067557250701851444e+03
8.125000000000000000e+03 8.117557250701851444e+03
8.175000000000000000e+03 8.167557250701851444e+03
8.225000000000000000e+03 8.217557250701853263e+03
8.275000000000000000e+03 8.267557250701853263e+03
8.325000000000000000e+03 8.317557250701853263e+03
8.375000000000000000e+03 8.367557250701856901e+03
8.425000000000000000e+03 8.417557250701856901e+03
8.475000000000000000e+03 8.467557250701856901e+03
8.525000000000000000e+03 8.517557250701856901e+03
8.575000000000000000e+03 8.567557250701856901e+03
8.625000000000000000e+03 8.617557250701856901e+03
8.675000000000000000e+03 8.667557250701856901e+03
8.725000000000000000e+03 8.717557250701856901e+03
8.775000000000000000e+03 8.767557250701856901e+03
8.825000000000000000e+03 8.817557250701856901e+03
8.875000000000000000e+03 8.867557250701856901e+03
8.925000000000000000e+03 8.917557250701856901e+03
8.975000000000000000e+03 8.967557250701856901e+03
9.025000000000000000e+03 9.017557250701856901e+03
9.075000000000000000e+03 9.067557250701856901e+03
9.125000000000000000e+03 9.117557250701856901e+03
9.175000000000000000e+03 9.167557250701856901e+03
9.225000000000000000e+03 9.217557250701856901e+03
9.275000000000000000e+03 9.267557250701856901e+03
9.325000000000000000e+03 9.317557250701856901e+03
9.375000000000000000e+03 9.367557250701856901e+03
9.425000000000000000e+03 9.417557250701856901e+03
9.475000000000000000e+03 9.467557250701856901e+03
9.525000000000000000e+03 9.517557250701856901e+03
9.575000000000000000e+03 9.567557250701856901e+03
9.625000000000000000e+03 9.617557250701856901e+03
9.675000000000000000e+03 9.667557250701856901e+03
9.725000000000000000e+03 9.717557250701856901e+03
9.775000000000000000e+03 9.767557250701856901e+03
9.825000000000000000e+03 9.817557250701856901e+03
9.875000000000000000e+03 9.867557250701856901e+03
9.925000000000000000e+03 9.917557250701856901e+03
9.975000000000000000e+03 9.967557250701856901e+03
1.002500000000000000e+04 1.001755725070185690e+04
1.007500000000000000e+04 1.006755725070185690e+04
1.012500000000000000e+04 1.011755725070185690e+04
1.017500000000000000e+04 1.016755725070185690e+04
1.022500000000000000e+04 1.021755725070185690e+04
1.027500000000000000e+04 1.026755725070185690e+04
1.032500000000000000e+04 1.031755725070185690e+04
1.037500000000000000e+04 1.036755725070185690e+04
1.042500000000000000e+04 1.041755725070185690e+04
1.047500000000000000e+04 1.046755725070185690e+04
1.052500000000000000e+04 1.051755725070185690e+04
1.057500000000000000e+04 1.056755725070185690e+04
1.062500000000000000e+04 1.061755725070185690e+04
1.067500000000000000e+04 1.066755725070185690e+04
1.072500000000000000e+04 1.071755725070185690e+04
1.077500000000000000e+04 1.076755725070185690e+04
1.082500000000000000e+04 1.081755725070185690e+04
1.087500000000000000e+04 1.086755725070185690e+04
1.092500000000000000e+04 1.091755725070185690e+04
1.097500000000000000e+04 1.096755725070185690e+04
1.102500000000000000e+04 1.101755725070185690e+04
1.107500000000000000e+04 1.106755725070185690e+04
1.112500000000000000e+04 1.111755725070185690e+04
1.117500000000000000e+04 1.116755725070185690e+04
1.122500000000000000e+04 1.121755725070185690e+04
1.127500000000000000e+04 1.126755725070185690e+04
1.132500000000000000e+04 1.131755725070185690e+04
1.137500000000000000e+04 1.136755725070185690e+04
1.142500000000000000e+04 1.141755725070185690e+04
1.147500000000000000e+04 1.146755725070185690e+04
1.152500000000000000e+04 1.151755725070185690e+04
1.157500000000000000e+04 1.156755725070185690e+04
1.162500000000000000e+04 1.161755725070185690e+04
1.167500000000000000e+04 1.166755725070185690e+04
1.172500000000000000e+04 1.171755725070185690e+04
1.177500000000000000e+04 1.176755725070185690e+04
1.182500000000000000e+04 1.181755725070185690e+04
1.187500000000000000e+04 1.186755725070185690e+04
1.192500000000000000e+04 1.191755725070185690e+04
1.197500000000000000e+04 1.196755725070185690e+04
1.202500000000000000e+04 1.201755725070185690e+04
1.207500000000000000e+04 1.206755725070185690e+04
1.212500000000000000e+04 1.211755725070185690e+04
1.217500000000000000e+04 1.216755725070185690e+04
1.222500000000000000e+04 1.221755725070185690e+04
1.227500000000000000e+04 1.226755725070185690e+04
1.232500000000000000e+04 1.231755725070185690e+04
1.237500000000000000e+04 1.236755725070185690e+04
1.242500000000000000e+04 1.241755725070185690e+04
1.247500000000000000e+04 1.246755725070185690e+04
1.252500000000000000e+04 1.251755725070185690e+04
1.257500000000000000e+04 1.256755725070185690e+04
1.262500000000000000e+04 1.261755725070185690e+04
1.267500000000000000e+04 1.266755725070185690e+04
1.272500000000000000e+04 1.271755725070185690e+04
1.277500000000000000e+04 1.276755725070185690e+04
1.282500000000000000e+04 1.281755725070185690e+04
1.287500000000000000e+04 1.286755725070185690e+04
1.292500000000000000e+04 1.291755725070185690e+04
1.297500000000000000e+04 1.296755725070185690e+04
1.302500000000000000e+04 1.301755725070185690e+04
1.307500000000000000e+04 1.306755725070185690e+04
1.312500000000000000e+04 1.311755725070185690e+04
1.317500000000000000e+04 1.316755725070185690e+04
1.322500000000000000e+04 1.321755725070185690e+04
1.327500000000000000e+04 1.326755725070185690e+04
1.332500000000000000e+04 1.331755725070185690e+04
1.337500000000000000e+04 1.336755725070185690e+04
1.342500000000000000e+04 1.341755725070185690e+04
1.347500000000000000e+04 1.346755725070185690e+04
1.352500000000000000e+04 1.351755725070185690e+04
1.357500000000000000e+04 1.356755725070185690e+04
1.362500000000000000e+04 1.361755725070185690e+04
1.367500000000000000e+04 1.366755725070185690e+04
1.372500000000000000e+04 1.371755725070185690e+04
1.377500000000000000e+04 1.376755725070185690e+04
1.382500000000000000e+04 1.381755725070185690e+04
1.387500000000000000e+04 1.386755725070185690e+04
1.392500000000000000e+04 1.391755725070185690e+04
1.397500000000000000e+04 1.396755725070185690e+04
1.402500000000000000e+04 1.401755725070185690e+04
1.407500000000000000e+04 1.406755725070185690e+04
1.412500000000000000e+04 1.411755725070185690e+04
1.417500000000000000e+04 1.416755725070185690e+04
1.422500000000000000e+04 1.421755725070185690e+04
1.427500000000000000e+04 1.426755725070185690e+04
1.432500000000000000e+04 1.431755725070185690e+04
1.437500000000000000e+04 1.436755725070185690e+04
1.442500000000000000e+04 1.441755725070185690e+04
1.447500000000000000e+04 1.446755725070185690e+04
1.452500000000000000e+04 1.451755725070185690e+04
1.457500000000000000e+04 1.456755725070185690e+04
1.462500000000000000e+04 1.461755725070185690e+04
1.467500000000000000e+04 1.466755725070185690e+04
1.472500000000000000e+04 1.471755725070185690e+04
1.477500000000000000e+04 1.476755725070185690e+04
1.482500000000000000e+04 1.481755725070185690e+04
1.487500000000000000e+04 1.486755725070185690e+04
1.492500000000000000e+04 1.491755725070185690e+04
1.497500000000000000e+04 1.496755725070185690e+04
1.502500000000000000e+04 1.501755725070185690e+04
1.507500000000000000e+04 1.506755725070185690e+04
1.512500000000000000e+04 1.511755725070185690e+04
1.517500000000000000e+04 1.516755725070185690e+04
1.522500000000000000e+04 1.521755725070185690e+04
1.527500000000000000e+04 1.526755725070185690e+04
1.532500000000000000e+04 1.531755725070185690e+04
1.537500000000000000e+04 1.536755725070185690e+04
1.542500000000000000e+04 1.541755725070185690e+04
1.547500000000000000e+04 1.546755725070185690e+04
1.552500000000000000e+04 1.551755725070185690e+04
1.557500000000000000e+04 1.556755725070185690e+04
1.562500000000000000e+04 1.561755725070185690e+04
1.567500000000000000e+04 1.566755725070185690e+04
1.572500000000000000e+04 1.571755725070185690e+04
1.577500000000000000e+04 1.576755725070185690e+04
1.582500000000000000e+04 1.581755725070185690e+04
1.587500000000000000e+04 1.586755725070185690e+04
1.592500000000000000e+04 1.591755725070185690e+04
1.597500000000000000e+04 1.596755725070185690e+04
1.602500000000000000e+04 1.601755725070185690e+04
1.607500000000000000e+04 1.606755725070185690e+04
1.612500000000000000e+04 1.611755725070185690e+04
1.617500000000000000e+04 1.616755725070185690e+04
1.622500000000000000e+04 1.621755725070185690e+04
1.627500000000000000e+04 1.626755725070185690e+04
1.632500000000000000e+04 1.631755725070185690e+04
1.637500000000000000e+04 1.636755725070185690e+04
1.642500000000000000e+04 1.641755725070185508e+04
1.647500000000000000e+04 1.646755725070185872e+04
1.652500000000000000e+04 1.651755725070185508e+04
1.657500000000000000e+04 1.656755725070185508e+04
1.662500000000000000e+04 1.661755725070185872e+04
1.667500000000000000e+04 1.666755725070185872e+04
1.672500000000000000e+04 1.671755725070185872e+04
1.677500000000000000e+04 1.676755725070185872e+04
1.682500000000000000e+04 1.681755725070185872e+04
1.687500000000000000e+04 1.686755725070185872e+04
1.692500000000000000e+04 1.691755725070185872e+04
1.697500000000000000e+04 1.696755725070185872e+04
1.702500000000000000e+04 1.701755725070185872e+04
1.707500000000000000e+04 1.706755725070185872e+04
1.712500000000000000e+04 1.711755725070185872e+04
1.717500000000000000e+04 1.716755725070185872e+04
1.722500000000000000e+04 1.721755725070185872e+04
1.727500000000000000e+04 1.726755725070185872e+04
1.732500000000000000e+04 1.731755725070185872e+04
1.737500000000000000e+04 1.736755725070185872e+04
1.742500000000000000e+04 1.741755725070185872e+04
1.747500000000000000e+04 1.746755725070185872e+04
1.752500000000000000e+04 1.751755725070185872e+04
1.757500000000000000e+04 1.756755725070185872e+04
1.762500000000000000e+04 1.761755725070185872e+04
1.767500000000000000e+04 1.766755725070185872e+04
1.772500000000000000e+04 1.771755725070185872e+04
1.777500000000000000e+04 1.776755725070185872e+04
1.782500000000000000e+04 1.781755725070185872e+04
1.787500000000000000e+04 1.786755725070185872e+04
1.792500000000000000e+04 1.791755725070185872e+04
1.797500000000000000e+04 1.796755725070185872e+04
1.802500000000000000e+04 1.801755725070185872e+04
1.807500000000000000e+04 1.806755725070185872e+04
1.812500000000000000e+04 1.811755725070185872e+04
1.817500000000000000e+04 1.816755725070185872e+04
1.822500000000000000e+04 1.821755725070185872e+04
1.827500000000000000e+04 1.826755725070185872e+04
1.832500000000000000e+04 1.831755725070185872e+04
1.837500000000000000e+04 1.836755725070185872e+04
1.842500000000000000e+04 1.841755725070185872e+04
1.847500000000000000e+04 1.846755725070185872e+04
1.852500000000000000e+04 1.851755725070185872e+04
1.857500000000000000e+04 1.856755725070185872e+04
1.862500000000000000e+04 1.861755725070185872e+04
1.867500000000000000e+04 1.866755725070185872e+04
1.872500000000000000e+04 1.871755725070185872e+04
1.877500000000000000e+04 1.876755725070185872e+04
1.882500000000000000e+04 1.881755725070185872e+04
1.887500000000000000e+04 1.886755725070185872e+04
1.892500000000000000e+04 1.891755725070185872e+04
1.897500000000000000e+04 1.896755725070185872e+04
1.902500000000000000e+04 1.901755725070185872e+04
1.907500000000000000e+04 1.906755725070185872e+04
1.912500000000000000e+04 1.911755725070185872e+04
1.917500000000000000e+04 1.916755725070185872e+04
1.922500000000000000e+04 1.921755725070185872e+04
1.927500000000000000e+04 1.926755725070185872e+04
1.932500000000000000e+04 1.931755725070185872e+04
1.937500000000000000e+04 1.936755725070185872e+04
1.942500000000000000e+04 1.941755725070185872e+04
1.947500000000000000e+04 1.946755725070185872e+04
1.952500000000000000e+04 1.951755725070185872e+04
1.957500000000000000e+04 1.956755725070185872e+04
1.962500000000000000e+04 1.961755725070185872e+04
1.967500000000000000e+04 1.966755725070185872e+04
1.972500000000000000e+04 1.971755725070185872e+04
1.977500000000000000e+04 1.976755725070185872e+04
1.982500000000000000e+04 1.981755725070185872e+04
1.987500000000000000e+04 1.986755725070185872e+04
1.992500000000000000e+04 1.991755725070185872e+04
