6.250000000000000000e+02 6.026717521055620637e+02
6.750000000000000000e+02 6.526717521055618363e+02
7.250000000000000000e+02 7.026717521055616089e+02
7.750000000000000000e+02 7.526717521055616089e+02
8.250000000000000000e+02 8.026717521055618363e+02
8.750000000000000000e+02 8.526717521055620637e+02
9.250000000000000000e+02 9.026717521055620637e+02
9.750000000000000000e+02 9.526717521055622910e+02
1.025000000000000000e+03 1.002671752105562064e+03
1.075000000000000000e+03 1.052671752105562973e+03
1.125000000000000000e+03 1.102671752105562973e+03
1.175000000000000000e+03 1.152671752105563428e+03
1.225000000000000000e+03 1.202671752105563428e+03
1.275000000000000000e+03 1.252671752105563883e+03
1.325000000000000000e+03 1.302671752105563883e+03
1.375000000000000000e+03 1.352671752105563428e+03
1.425000000000000000e+03 1.402671752105563883e+03
1.475000000000000000e+03 1.452671752105563428e+03
1.525000000000000000e+03 1.502671752105563428e+03
1.575000000000000000e+03 1.552671752105563883e+03
1.625000000000000000e+03 1.602671752105564337e+03
1.675000000000000000e+03 1.652671752105564337e+03
1.725000000000000000e+03 1.702671752105564337e+03
1.775000000000000000e+03 1.752671752105564337e+03
1.825000000000000000e+03 1.802671752105564337e+03
1.875000000000000000e+03 1.852671752105564337e+03
1.925000000000000000e+03 1.902671752105564337e+03
1.975000000000000000e+03 1.952671752105564337e+03
2.025000000000000000e+03 2.002671752105564337e+03
2.075000000000000000e+03 2.052671752105564337e+03
2.125000000000000000e+03 2.102671752105565247e+03
2.175000000000000000e+03 2.152671752105564337e+03
2.225000000000000000e+03 2.202671752105565247e+03
2.275000000000000000e+03 2.252671752105567066e+03
2.325000000000000000e+03 2.302671752105567066e+03
2.375000000000000000e+03 2.352671752105567066e+03
2.425000000000000000e+03 2.402671752105566156e+03
2.475000000000000000e+03 2.452671752105567975e+03
2.525000000000000000e+03 2.502671752105568885e+03
2.575000000000000000e+03 2.552671752105569794e+03
2.625000000000000000e+03 2.602671752105568885e+03
2.675000000000000000e+03 2.652671752105568885e+03
2.725000000000000000e+03 2.702671752105568885e+03
2.775000000000000000e+03 2.752671752105568885e+03
2.825000000000000000e+03 2.802671752105568885e+03
2.875000000000000000e+03 2.852671752105568885e+03
2.925000000000000000e+03 2.902671752105568885e+03
2.975000000000000000e+03 2.952671752105568885e+03
3.025000000000000000e+03 3.002671752105568885e+03
3.075000000000000000e+03 3.052671752105568885e+03
3.125000000000000000e+03 3.102671752105568885e+03
3.175000000000000000e+03 3.152671752105568885e+03
3.225000000000000000e+03 3.202671752105568885e+03
3.275000000000000000e+03 3.252671752105568885e+03
3.325000000000000000e+03 3.302671752105568885e+03
3.375000000000000000e+03 3.352671752105568885e+03
3.425000000000000000e+03 3.402671752105568885e+03
3.475000000000000000e+03 3.452671752105568885e+03
3.525000000000000000e+03 3.502671752105568885e+03
3.575000000000000000e+03 3.552671752105568885e+03
3.625000000000000000e+03 3.602671752105568885e+03
3.675000000000000000e+03 3.652671752105568885e+03
3.725000000000000000e+03 3.702671752105568885e+03
3.775000000000000000e+03 3.752671752105568885e+03
3.825000000000000000e+03 3.802671752105568885e+03
3.875000000000000000e+03 3.852671752105568885e+03
3.925000000000000000e+03 3.902671752105568885e+03
3.975000000000000000e+03 3.952671752105568885e+03
4.025000000000000000e+03 4.002671752105568885e+03
4.075000000000000000e+03 4.052671752105568885e+03
4.125000000000000000e+03 4.102671752105568885e+03
4.175000000000000000e+03 4.152671752105568885e+03
4.225000000000000000e+03 4.202671752105569794e+03
4.275000000000000000e+03 4.252671752105567066e+03
4.325000000000000000e+03 4.302671752105565247e+03
4.375000000000000000e+03 4.352671752105561609e+03
4.425000000000000000e+03 4.402671752105562518e+03
4.475000000000000000e+03 4.452671752105560699e+03
4.525000000000000000e+03 4.502671752105560699e+03
4.575000000000000000e+03 4.552671752105557061e+03
4.625000000000000000e+03 4.602671752105558880e+03
4.675000000000000000e+03 4.652671752105558880e+03
4.725000000000000000e+03 4.702671752105558880e+03
4.775000000000000000e+03 4.752671752105558880e+03
4.825000000000000000e+03 4.802671752105558880e+03
4.875000000000000000e+03 4.852671752105558880e+03
4.925000000000000000e+03 4.902671752105558880e+03
4.975000000000000000e+03 4.952671752105558880e+03
5.025000000000000000e+03 5.002671752105558880e+03
5.075000000000000000e+03 5.052671752105558880e+03
5.125000000000000000e+03 5.102671752105558880e+03
5.175000000000000000e+03 5.152671752105558880e+03
5.225000000000000000e+03 5.202671752105558880e+03
5.275000000000000000e+03 5.252671752105558880e+03
5.325000000000000000e+03 5.302671752105558880e+03
5.375000000000000000e+03 5.352671752105558880e+03
5.425000000000000000e+03 5.402671752105558880e+03
5.475000000000000000e+03 5.452671752105558880e+03
5.525000000000000000e+03 5.502671752105558880e+03
5.575000000000000000e+03 5.552671752105558880e+03
5.625000000000000000e+03 5.602671752105558880e+03
5.675000000000000000e+03 5.652671752105558880e+03
5.725000000000000000e+03 5.702671752105558880e+03
5.775000000000000000e+03 5.752671752105558880e+03
5.825000000000000000e+03 5.802671752105558880e+03
5.875000000000000000e+03 5.852671752105558880e+03
5.925000000000000000e+03 5.902671752105558880e+03
5.975000000000000000e+03 5.952671752105558880e+03
6.025000000000000000e+03 6.002671752105558880e+03
6.075000000000000000e+03 6.052671752105558880e+03
6.125000000000000000e+03 6.102671752105558880e+03
6.175000000000000000e+03 6.152671752105558880e+03
6.225000000000000000e+03 6.202671752105558880e+03
6.275000000000000000e+03 6.252671752105558880e+03
6.325000000000000000e+03 6.302671752105558880e+03
6.375000000000000000e+03 6.352671752105558880e+03
6.425000000000000000e+03 6.402671752105558880e+03
6.475000000000000000e+03 6.452671752105558880e+03
6.525000000000000000e+03 6.502671752105558880e+03
6.575000000000000000e+03 6.552671752105558880e+03
6.625000000000000000e+03 6.602671752105558880e+03
6.675000000000000000e+03 6.652671752105558880e+03
6.725000000000000000e+03 6.702671752105558880e+03
6.775000000000000000e+03 6.752671752105558880e+03
6.825000000000000000e+03 6.802671752105558880e+03
6.875000000000000000e+03 6.852671752105558880e+03
6.925000000000000000e+03 6.902671752105558880e+03
6.975000000000000000e+03 6.952671752105558880e+03
7.025000000000000000e+03 7.002671752105558880e+03
7.075000000000000000e+03 7.052671752105558880e+03
7.125000000000000000e+03 7.102671752105558880e+03
7.175000000000000000e+03 7.152671752105558880e+03
7.225000000000000000e+03 7.202671752105558880e+03
7.275000000000000000e+03 7.252671752105558880e+03
7.325000000000000000e+03 7.302671752105558880e+03
7.375000000000000000e+03 7.352671752105558880e+03
7.425000000000000000e+03 7.402671752105558880e+03
7.475000000000000000e+03 7.452671752105558880e+03
7.525000000000000000e+03 7.502671752105558880e+03
7.575000000000000000e+03 7.552671752105558880e+03
7.625000000000000000e+03 7.602671752105558880e+03
7.675000000000000000e+03 7.652671752105558880e+03
7.725000000000000000e+03 7.702671752105558880e+03
7.775000000000000000e+03 7.752671752105558880e+03
7.825000000000000000e+03 7.802671752105558880e+03
7.875000000000000000e+03 7.852671752105558880e+03
7.925000000000000000e+03 7.902671752105558880e+03
7.975000000000000000e+03 7.952671752105558880e+03
8.025000000000000000e+03 8.002671752105558880e+03
8.075000000000000000e+03 8.052671752105558880e+03
8.125000000000000000e+03 8.102671752105558880e+03
8.175000000000000000e+03 8.152671752105558880e+03
8.225000000000000000e+03 8.202671752105561609e+03
8.275000000000000000e+03 8.252671752105557971e+03
8.325000000000000000e+03 8.302671752105556152e+03
8.375000000000000000e+03 8.352671752105556152e+03
8.425000000000000000e+03 8.402671752105556152e+03
8.475000000000000000e+03 8.452671752105556152e+03
8.525000000000000000e+03 8.502671752105552514e+03
8.575000000000000000e+03 8.552671752105552514e+03
8.625000000000000000e+03 8.602671752105552514e+03
8.675000000000000000e+03 8.652671752105556152e+03
8.725000000000000000e+03 8.702671752105548876e+03
8.775000000000000000e+03 8.752671752105552514e+03
8.825000000000000000e+03 8.802671752105548876e+03
8.875000000000000000e+03 8.852671752105548876e+03
8.925000000000000000e+03 8.902671752105548876e+03
8.975000000000000000e+03 8.952671752105548876e+03
9.025000000000000000e+03 9.002671752105548876e+03
9.075000000000000000e+03 9.052671752105548876e+03
9.125000000000000000e+03 9.102671752105548876e+03
9.175000000000000000e+03 9.152671752105548876e+03
9.225000000000000000e+03 9.202671752105548876e+03
9.275000000000000000e+03 9.252671752105548876e+03
9.325000000000000000e+03 9.302671752105548876e+03
9.375000000000000000e+03 9.352671752105548876e+03
9.425000000000000000e+03 9.402671752105548876e+03
9.475000000000000000e+03 9.452671752105548876e+03
9.525000000000000000e+03 9.502671752105548876e+03
9.575000000000000000e+03 9.552671752105548876e+03
9.625000000000000000e+03 9.602671752105548876e+03
9.675000000000000000e+03 9.652671752105548876e+03
9.725000000000000000e+03 9.702671752105548876e+03
9.775000000000000000e+03 9.752671752105548876e+03
9.825000000000000000e+03 9.802671752105548876e+03
9.875000000000000000e+03 9.852671752105548876e+03
9.925000000000000000e+03 9.902671752105548876e+03
9.975000000000000000e+03 9.952671752105548876e+03
1.002500000000000000e+04 1.000267175210554888e+04
1.007500000000000000e+04 1.005267175210554888e+04
1.012500000000000000e+04 1.010267175210554888e+04
1.017500000000000000e+04 1.015267175210554888e+04
1.022500000000000000e+04 1.020267175210554888e+04
1.027500000000000000e+04 1.025267175210554888e+04
1.032500000000000000e+04 1.030267175210554888e+04
1.037500000000000000e+04 1.035267175210554888e+04
1.042500000000000000e+04 1.040267175210554888e+04
1.047500000000000000e+04 1.045267175210554888e+04
1.052500000000000000e+04 1.050267175210554888e+04
1.057500000000000000e+04 1.055267175210554888e+04
1.062500000000000000e+04 1.060267175210554888e+04
1.067500000000000000e+04 1.065267175210554888e+04
1.072500000000000000e+04 1.070267175210554888e+04
1.077500000000000000e+04 1.075267175210554888e+04
1.082500000000000000e+04 1.080267175210554888e+04
1.087500000000000000e+04 1.085267175210554888e+04
1.092500000000000000e+04 1.090267175210554888e+04
1.097500000000000000e+04 1.095267175210554888e+04
1.102500000000000000e+04 1.100267175210554888e+04
1.107500000000000000e+04 1.105267175210554888e+04
1.112500000000000000e+04 1.110267175210554888e+04
1.117500000000000000e+04 1.115267175210554888e+04
1.122500000000000000e+04 1.120267175210554888e+04
1.127500000000000000e+04 1.125267175210554888e+04
1.132500000000000000e+04 1.130267175210554888e+04
1.137500000000000000e+04 1.135267175210554888e+04
1.142500000000000000e+04 1.140267175210554888e+04
1.147500000000000000e+04 1.145267175210554888e+04
1.152500000000000000e+04 1.150267175210554888e+04
1.157500000000000000e+04 1.155267175210554888e+04
1.162500000000000000e+04 1.160267175210554888e+04
1.167500000000000000e+04 1.165267175210554888e+04
1.172500000000000000e+04 1.170267175210554888e+04
1.177500000000000000e+04 1.175267175210554888e+04
1.182500000000000000e+04 1.180267175210554888e+04
1.187500000000000000e+04 1.185267175210554888e+04
1.192500000000000000e+04 1.190267175210554888e+04
1.197500000000000000e+04 1.195267175210554888e+04
1.202500000000000000e+04 1.200267175210554888e+04
1.207500000000000000e+04 1.205267175210554888e+04
1.212500000000000000e+04 1.210267175210554888e+04
1.217500000000000000e+04 1.215267175210554888e+04
1.222500000000000000e+04 1.220267175210554888e+04
1.227500000000000000e+04 1.225267175210554888e+04
1.232500000000000000e+04 1.230267175210554888e+04
1.237500000000000000e+04 1.235267175210554888e+04
1.242500000000000000e+04 1.240267175210554888e+04
1.247500000000000000e+04 1.245267175210554888e+04
1.252500000000000000e+04 1.250267175210554888e+04
1.257500000000000000e+04 1.255267175210554888e+04
1.262500000000000000e+04 1.260267175210554888e+04
1.267500000000000000e+04 1.265267175210554888e+04
1.272500000000000000e+04 1.270267175210554888e+04
1.277500000000000000e+04 1.275267175210554888e+04
1.282500000000000000e+04 1.280267175210554888e+04
1.287500000000000000e+04 1.285267175210554888e+04
1.292500000000000000e+04 1.290267175210554888e+04
1.297500000000000000e+04 1.295267175210554888e+04
1.302500000000000000e+04 1.300267175210554888e+04
1.307500000000000000e+04 1.305267175210554888e+04
1.312500000000000000e+04 1.310267175210554888e+04
1.317500000000000000e+04 1.315267175210554888e+04
1.322500000000000000e+04 1.320267175210554888e+04
1.327500000000000000e+04 1.325267175210554888e+04
1.332500000000000000e+04 1.330267175210554888e+04
1.337500000000000000e+04 1.335267175210554888e+04
1.342500000000000000e+04 1.340267175210554888e+04
1.347500000000000000e+04 1.345267175210554888e+04
1.352500000000000000e+04 1.350267175210554888e+04
1.357500000000000000e+04 1.355267175210554888e+04
1.362500000000000000e+04 1.360267175210554888e+04
1.367500000000000000e+04 1.365267175210554888e+04
1.372500000000000000e+04 1.370267175210554888e+04
1.377500000000000000e+04 1.375267175210554888e+04
1.382500000000000000e+04 1.380267175210554888e+04
1.387500000000000000e+04 1.385267175210554888e+04
1.392500000000000000e+04 1.390267175210554888e+04
1.397500000000000000e+04 1.395267175210554888e+04
1.402500000000000000e+04 1.400267175210554888e+04
1.407500000000000000e+04 1.405267175210554888e+04
1.412500000000000000e+04 1.410267175210554888e+04
1.417500000000000000e+04 1.415267175210554888e+04
1.422500000000000000e+04 1.420267175210554888e+04
1.427500000000000000e+04 1.425267175210554888e+04
1.432500000000000000e+04 1.430267175210554888e+04
1.437500000000000000e+04 1.435267175210554888e+04
1.442500000000000000e+04 1.440267175210554888e+04
1.447500000000000000e+04 1.445267175210554888e+04
1.452500000000000000e+04 1.450267175210554888e+04
1.457500000000000000e+04 1.455267175210554888e+04
1.462500000000000000e+04 1.460267175210554888e+04
1.467500000000000000e+04 1.465267175210554888e+04
1.472500000000000000e+04 1.470267175210554888e+04
1.477500000000000000e+04 1.475267175210554888e+04
1.482500000000000000e+04 1.480267175210554888e+04
1.487500000000000000e+04 1.485267175210554888e+04
1.492500000000000000e+04 1.490267175210554888e+04
1.497500000000000000e+04 1.495267175210554888e+04
1.502500000000000000e+04 1.500267175210554888e+04
1.507500000000000000e+04 1.505267175210554888e+04
1.512500000000000000e+04 1.510267175210554888e+04
1.517500000000000000e+04 1.515267175210554888e+04
1.522500000000000000e+04 1.520267175210554888e+04
1.527500000000000000e+04 1.525267175210554888e+04
1.532500000000000000e+04 1.530267175210554888e+04
1.537500000000000000e+04 1.535267175210554888e+04
1.542500000000000000e+04 1.540267175210554888e+04
1.547500000000000000e+04 1.545267175210554888e+04
1.552500000000000000e+04 1.550267175210554888e+04
1.557500000000000000e+04 1.555267175210554888e+04
1.562500000000000000e+04 1.560267175210554888e+04
1.567500000000000000e+04 1.565267175210554888e+04
1.572500000000000000e+04 1.570267175210554888e+04
1.577500000000000000e+04 1.575267175210554888e+04
1.582500000000000000e+04 1.580267175210554888e+04
1.587500000000000000e+04 1.585267175210554888e+04
1.592500000000000000e+04 1.590267175210554888e+04
1.597500000000000000e+04 1.595267175210554888e+04
1.602500000000000000e+04 1.600267175210554888e+04
1.607500000000000000e+04 1.605267175210554888e+04
1.612500000000000000e+04 1.610267175210554888e+04
1.617500000000000000e+04 1.615267175210554888e+04
1.622500000000000000e+04 1.620267175210554888e+04
1.627500000000000000e+04 1.625267175210554888e+04
1.632500000000000000e+04 1.630267175210554888e+04
1.637500000000000000e+04 1.635267175210554888e+04
1.642500000000000000e+04 1.640267175210555433e+04
1.647500000000000000e+04 1.645267175210555797e+04
1.652500000000000000e+04 1.650267175210555797e+04
1.657500000000000000e+04 1.655267175210555797e+04
1.662500000000000000e+04 1.660267175210555797e+04
1.667500000000000000e+04 1.665267175210556525e+04
1.672500000000000000e+04 1.670267175210556525e+04
1.677500000000000000e+04 1.675267175210556525e+04
1.682500000000000000e+04 1.680267175210557252e+04
1.687500000000000000e+04 1.685267175210556525e+04
1.692500000000000000e+04 1.690267175210557252e+04
1.697500000000000000e+04 1.695267175210556525e+04
1.702500000000000000e+04 1.700267175210556525e+04
1.707500000000000000e+04 1.705267175210556525e+04
1.712500000000000000e+04 1.710267175210556525e+04
1.717500000000000000e+04 1.715267175210556525e+04
1.722500000000000000e+04 1.720267175210556525e+04
1.727500000000000000e+04 1.725267175210556525e+04
1.732500000000000000e+04 1.730267175210556525e+04
1.737500000000000000e+04 1.735267175210556525e+04
1.742500000000000000e+04 1.740267175210556525e+04
1.747500000000000000e+04 1.745267175210556525e+04
1.752500000000000000e+04 1.750267175210556525e+04
1.757500000000000000e+04 1.755267175210556525e+04
1.762500000000000000e+04 1.760267175210556525e+04
1.767500000000000000e+04 1.765267175210556525e+04
1.772500000000000000e+04 1.770267175210556525e+04
1.777500000000000000e+04 1.775267175210556525e+04
1.782500000000000000e+04 1.780267175210556525e+04
1.787500000000000000e+04 1.785267175210556525e+04
1.792500000000000000e+04 1.790267175210556525e+04
1.797500000000000000e+04 1.795267175210556525e+04
1.802500000000000000e+04 1.800267175210556525e+04
1.807500000000000000e+04 1.805267175210556525e+04
1.812500000000000000e+04 1.810267175210556525e+04
1.817500000000000000e+04 1.815267175210556525e+04
1.822500000000000000e+04 1.820267175210556525e+04
1.827500000000000000e+04 1.825267175210556525e+04
1.832500000000000000e+04 1.830267175210556525e+04
1.837500000000000000e+04 1.835267175210556525e+04
1.842500000000000000e+04 1.840267175210556525e+04
1.847500000000000000e+04 1.845267175210556525e+04
1.852500000000000000e+04 1.850267175210556525e+04
1.857500000000000000e+04 1.855267175210556525e+04
1.862500000000000000e+04 1.860267175210556525e+04
1.867500000000000000e+04 1.865267175210556525e+04
1.872500000000000000e+04 1.870267175210556525e+04
1.877500000000000000e+04 1.875267175210556525e+04
1.882500000000000000e+04 1.880267175210556525e+04
1.887500000000000000e+04 1.885267175210556525e+04
1.892500000000000000e+04 1.890267175210556525e+04
1.897500000000000000e+04 1.895267175210556525e+04
1.902500000000000000e+04 1.900267175210556525e+04
1.907500000000000000e+04 1.905267175210556525e+04
1.912500000000000000e+04 1.910267175210556525e+04
1.917500000000000000e+04 1.915267175210556525e+04
1.922500000000000000e+04 1.920267175210556525e+04
1.927500000000000000e+04 1.925267175210556525e+04
1.932500000000000000e+04 1.930267175210556525e+04
1.937500000000000000e+04 1.935267175210556525e+04
1.942500000000000000e+04 1.940267175210556525e+04
1.947500000000000000e+04 1.945267175210556525e+04
1.952500000000000000e+04 1.950267175210556525e+04
1.957500000000000000e+04 1.955267175210556525e+04
1.962500000000000000e+04 1.960267175210556525e+04
1.967500000000000000e+04 1.965267175210556525e+04
1.972500000000000000e+04 1.970267175210556525e+04
1.977500000000000000e+04 1.975267175210556525e+04
1.982500000000000000e+04 1.980267175210556525e+04
1.987500000000000000e+04 1.985267175210556525e+04
1.992500000000000000e+04 1.990267175210556525e+04
