4.250000000000000000e+02 4.207958364920931444e+02
4.750000000000000000e+02 4.707958364920930308e+02
5.250000000000000000e+02 5.207958364920928034e+02
5.750000000000000000e+02 5.707958364920921213e+02
6.250000000000000000e+02 6.207958364920916665e+02
6.750000000000000000e+02 6.707958364920916665e+02
7.250000000000000000e+02 7.207958364920916665e+02
7.750000000000000000e+02 7.707958364920916665e+02
8.250000000000000000e+02 8.207958364920912118e+02
8.750000000000000000e+02 8.707958364920916665e+02
9.250000000000000000e+02 9.207958364920918939e+02
9.750000000000000000e+02 9.707958364920918939e+02
1.025000000000000000e+03 1.020795836492091894e+03
1.075000000000000000e+03 1.070795836492092576e+03
1.125000000000000000e+03 1.120795836492091894e+03
1.175000000000000000e+03 1.170795836492092576e+03
1.225000000000000000e+03 1.220795836492092803e+03
1.275000000000000000e+03 1.270795836492092803e+03
1.325000000000000000e+03 1.320795836492093713e+03
1.375000000000000000e+03 1.370795836492093258e+03
1.425000000000000000e+03 1.420795836492092349e+03
1.475000000000000000e+03 1.470795836492092349e+03
1.525000000000000000e+03 1.520795836492092349e+03
1.575000000000000000e+03 1.570795836492092349e+03
1.625000000000000000e+03 1.620795836492092349e+03
1.675000000000000000e+03 1.670795836492092349e+03
1.725000000000000000e+03 1.720795836492092349e+03
1.775000000000000000e+03 1.770795836492092349e+03
1.825000000000000000e+03 1.820795836492092349e+03
1.875000000000000000e+03 1.870795836492092349e+03
1.925000000000000000e+03 1.920795836492092349e+03
1.975000000000000000e+03 1.970795836492092349e+03
2.025000000000000000e+03 2.020795836492092349e+03
2.075000000000000000e+03 2.070795836492091894e+03
2.125000000000000000e+03 2.120795836492092803e+03
2.175000000000000000e+03 2.170795836492092803e+03
2.225000000000000000e+03 2.220795836492093713e+03
2.275000000000000000e+03 2.270795836492094622e+03
2.325000000000000000e+03 2.320795836492092803e+03
2.375000000000000000e+03 2.370795836492094622e+03
2.425000000000000000e+03 2.420795836492093713e+03
2.475000000000000000e+03 2.470795836492094622e+03
2.525000000000000000e+03 2.520795836492094622e+03
2.575000000000000000e+03 2.570795836492094622e+03
2.625000000000000000e+03 2.620795836492094622e+03
2.675000000000000000e+03 2.670795836492094622e+03
2.725000000000000000e+03 2.720795836492094622e+03
2.775000000000000000e+03 2.770795836492094622e+03
2.825000000000000000e+03 2.820795836492094622e+03
2.875000000000000000e+03 2.870795836492094622e+03
2.925000000000000000e+03 2.920795836492094622e+03
2.975000000000000000e+03 2.970795836492094622e+03
3.025000000000000000e+03 3.020795836492094622e+03
3.075000000000000000e+03 3.070795836492094622e+03
3.125000000000000000e+03 3.120795836492094622e+03
3.175000000000000000e+03 3.170795836492094622e+03
3.225000000000000000e+03 3.220795836492094622e+03
3.275000000000000000e+03 3.270795836492094622e+03
3.325000000000000000e+03 3.320795836492094622e+03
3.375000000000000000e+03 3.370795836492094622e+03
3.425000000000000000e+03 3.420795836492094622e+03
3.475000000000000000e+03 3.470795836492094622e+03
3.525000000000000000e+03 3.520795836492094622e+03
3.575000000000000000e+03 3.570795836492094622e+03
3.625000000000000000e+03 3.620795836492094622e+03
3.675000000000000000e+03 3.670795836492094622e+03
3.725000000000000000e+03 3.720795836492094622e+03
3.775000000000000000e+03 3.770795836492094622e+03
3.825000000000000000e+03 3.820795836492094622e+03
3.875000000000000000e+03 3.870795836492094622e+03
3.925000000000000000e+03 3.920795836492094622e+03
3.975000000000000000e+03 3.970795836492094622e+03
4.025000000000000000e+03 4.020795836492094622e+03
4.075000000000000000e+03 4.070795836492094622e+03
4.125000000000000000e+03 4.120795836492094168e+03
4.175000000000000000e+03 4.170795836492092349e+03
4.225000000000000000e+03 4.220795836492090530e+03
4.275000000000000000e+03 4.270795836492089620e+03
4.325000000000000000e+03 4.320795836492088711e+03
4.375000000000000000e+03 4.370795836492094168e+03
4.425000000000000000e+03 4.420795836492090530e+03
4.475000000000000000e+03 4.470795836492092349e+03
4.525000000000000000e+03 4.520795836492088711e+03
4.575000000000000000e+03 4.570795836492088711e+03
4.625000000000000000e+03 4.620795836492088711e+03
4.675000000000000000e+03 4.670795836492088711e+03
4.725000000000000000e+03 4.720795836492088711e+03
4.775000000000000000e+03 4.770795836492088711e+03
4.825000000000000000e+03 4.820795836492088711e+03
4.875000000000000000e+03 4.870795836492088711e+03
4.925000000000000000e+03 4.920795836492088711e+03
4.975000000000000000e+03 4.970795836492088711e+03
5.025000000000000000e+03 5.020795836492088711e+03
5.075000000000000000e+03 5.070795836492088711e+03
5.125000000000000000e+03 5.120795836492088711e+03
5.175000000000000000e+03 5.170795836492088711e+03
5.225000000000000000e+03 5.220795836492088711e+03
5.275000000000000000e+03 5.270795836492088711e+03
5.325000000000000000e+03 5.320795836492088711e+03
5.375000000000000000e+03 5.370795836492088711e+03
5.425000000000000000e+03 5.420795836492088711e+03
5.475000000000000000e+03 5.470795836492088711e+03
5.525000000000000000e+03 5.520795836492088711e+03
5.575000000000000000e+03 5.570795836492088711e+03
5.625000000000000000e+03 5.620795836492088711e+03
5.675000000000000000e+03 5.670795836492088711e+03
5.725000000000000000e+03 5.720795836492088711e+03
5.775000000000000000e+03 5.770795836492088711e+03
5.825000000000000000e+03 5.820795836492088711e+03
5.875000000000000000e+03 5.870795836492088711e+03
5.925000000000000000e+03 5.920795836492088711e+03
5.975000000000000000e+03 5.970795836492088711e+03
6.025000000000000000e+03 6.020795836492088711e+03
6.075000000000000000e+03 6.070795836492088711e+03
6.125000000000000000e+03 6.120795836492088711e+03
6.175000000000000000e+03 6.170795836492088711e+03
6.225000000000000000e+03 6.220795836492088711e+03
6.275000000000000000e+03 6.270795836492088711e+03
6.325000000000000000e+03 6.320795836492088711e+03
6.375000000000000000e+03 6.370795836492088711e+03
6.425000000000000000e+03 6.420795836492088711e+03
6.475000000000000000e+03 6.470795836492088711e+03
6.525000000000000000e+03 6.520795836492088711e+03
6.575000000000000000e+03 6.570795836492088711e+03
6.625000000000000000e+03 6.620795836492088711e+03
6.675000000000000000e+03 6.670795836492088711e+03
6.725000000000000000e+03 6.720795836492088711e+03
6.775000000000000000e+03 6.770795836492088711e+03
6.825000000000000000e+03 6.820795836492088711e+03
6.875000000000000000e+03 6.870795836492088711e+03
6.925000000000000000e+03 6.920795836492088711e+03
6.975000000000000000e+03 6.970795836492088711e+03
7.025000000000000000e+03 7.020795836492088711e+03
7.075000000000000000e+03 7.070795836492088711e+03
7.125000000000000000e+03 7.120795836492088711e+03
7.175000000000000000e+03 7.170795836492088711e+03
7.225000000000000000e+03 7.220795836492088711e+03
7.275000000000000000e+03 7.270795836492088711e+03
7.325000000000000000e+03 7.320795836492088711e+03
7.375000000000000000e+03 7.370795836492088711e+03
7.425000000000000000e+03 7.420795836492088711e+03
7.475000000000000000e+03 7.470795836492088711e+03
7.525000000000000000e+03 7.520795836492088711e+03
7.575000000000000000e+03 7.570795836492088711e+03
7.625000000000000000e+03 7.620795836492088711e+03
7.675000000000000000e+03 7.670795836492088711e+03
7.725000000000000000e+03 7.720795836492088711e+03
7.775000000000000000e+03 7.770795836492088711e+03
7.825000000000000000e+03 7.820795836492088711e+03
7.875000000000000000e+03 7.870795836492088711e+03
7.925000000000000000e+03 7.920795836492088711e+03
7.975000000000000000e+03 7.970795836492088711e+03
8.025000000000000000e+03 8.020795836492088711e+03
8.075000000000000000e+03 8.070795836492088711e+03
8.125000000000000000e+03 8.120795836492088711e+03
8.175000000000000000e+03 8.170795836492088711e+03
8.225000000000000000e+03 8.220795836492090530e+03
8.275000000000000000e+03 8.270795836492090530e+03
8.325000000000000000e+03 8.320795836492092349e+03
8.375000000000000000e+03 8.370795836492092349e+03
8.425000000000000000e+03 8.420795836492092349e+03
8.475000000000000000e+03 8.470795836492088711e+03
8.525000000000000000e+03 8.520795836492088711e+03
8.575000000000000000e+03 8.570795836492088711e+03
8.625000000000000000e+03 8.620795836492088711e+03
8.675000000000000000e+03 8.670795836492088711e+03
8.725000000000000000e+03 8.720795836492088711e+03
8.775000000000000000e+03 8.770795836492088711e+03
8.825000000000000000e+03 8.820795836492088711e+03
8.875000000000000000e+03 8.870795836492088711e+03
8.925000000000000000e+03 8.920795836492088711e+03
8.975000000000000000e+03 8.970795836492088711e+03
9.025000000000000000e+03 9.020795836492088711e+03
9.075000000000000000e+03 9.070795836492088711e+03
9.125000000000000000e+03 9.120795836492088711e+03
9.175000000000000000e+03 9.170795836492088711e+03
9.225000000000000000e+03 9.220795836492088711e+03
9.275000000000000000e+03 9.270795836492088711e+03
9.325000000000000000e+03 9.320795836492088711e+03
9.375000000000000000e+03 9.370795836492088711e+03
9.425000000000000000e+03 9.420795836492088711e+03
9.475000000000000000e+03 9.470795836492088711e+03
9.525000000000000000e+03 9.520795836492088711e+03
9.575000000000000000e+03 9.570795836492088711e+03
9.625000000000000000e+03 9.620795836492088711e+03
9.675000000000000000e+03 9.670795836492088711e+03
9.725000000000000000e+03 9.720795836492088711e+03
9.775000000000000000e+03 9.770795836492088711e+03
9.825000000000000000e+03 9.820795836492088711e+03
9.875000000000000000e+03 9.870795836492088711e+03
9.925000000000000000e+03 9.920795836492088711e+03
9.975000000000000000e+03 9.970795836492088711e+03
1.002500000000000000e+04 1.002079583649208871e+04
1.007500000000000000e+04 1.007079583649208871e+04
1.012500000000000000e+04 1.012079583649208871e+04
1.017500000000000000e+04 1.017079583649208871e+04
1.022500000000000000e+04 1.022079583649208871e+04
1.027500000000000000e+04 1.027079583649208871e+04
1.032500000000000000e+04 1.032079583649208871e+04
1.037500000000000000e+04 1.037079583649208871e+04
1.042500000000000000e+04 1.042079583649208871e+04
1.047500000000000000e+04 1.047079583649208871e+04
1.052500000000000000e+04 1.052079583649208871e+04
1.057500000000000000e+04 1.057079583649208871e+04
1.062500000000000000e+04 1.062079583649208871e+04
1.067500000000000000e+04 1.067079583649208871e+04
1.072500000000000000e+04 1.072079583649208871e+04
1.077500000000000000e+04 1.077079583649208871e+04
1.082500000000000000e+04 1.082079583649208871e+04
1.087500000000000000e+04 1.087079583649208871e+04
1.092500000000000000e+04 1.092079583649208871e+04
1.097500000000000000e+04 1.097079583649208871e+04
1.102500000000000000e+04 1.102079583649208871e+04
1.107500000000000000e+04 1.107079583649208871e+04
1.112500000000000000e+04 1.112079583649208871e+04
1.117500000000000000e+04 1.117079583649208871e+04
1.122500000000000000e+04 1.122079583649208871e+04
1.127500000000000000e+04 1.127079583649208871e+04
1.132500000000000000e+04 1.132079583649208871e+04
1.137500000000000000e+04 1.137079583649208871e+04
1.142500000000000000e+04 1.142079583649208871e+04
1.147500000000000000e+04 1.147079583649208871e+04
1.152500000000000000e+04 1.152079583649208871e+04
1.157500000000000000e+04 1.157079583649208871e+04
1.162500000000000000e+04 1.162079583649208871e+04
1.167500000000000000e+04 1.167079583649208871e+04
1.172500000000000000e+04 1.172079583649208871e+04
1.177500000000000000e+04 1.177079583649208871e+04
1.182500000000000000e+04 1.182079583649208871e+04
1.187500000000000000e+04 1.187079583649208871e+04
1.192500000000000000e+04 1.192079583649208871e+04
1.197500000000000000e+04 1.197079583649208871e+04
1.202500000000000000e+04 1.202079583649208871e+04
1.207500000000000000e+04 1.207079583649208871e+04
1.212500000000000000e+04 1.212079583649208871e+04
1.217500000000000000e+04 1.217079583649208871e+04
1.222500000000000000e+04 1.222079583649208871e+04
1.227500000000000000e+04 1.227079583649208871e+04
1.232500000000000000e+04 1.232079583649208871e+04
1.237500000000000000e+04 1.237079583649208871e+04
1.242500000000000000e+04 1.242079583649208871e+04
1.247500000000000000e+04 1.247079583649208871e+04
1.252500000000000000e+04 1.252079583649208871e+04
1.257500000000000000e+04 1.257079583649208871e+04
1.262500000000000000e+04 1.262079583649208871e+04
1.267500000000000000e+04 1.267079583649208871e+04
1.272500000000000000e+04 1.272079583649208871e+04
1.277500000000000000e+04 1.277079583649208871e+04
1.282500000000000000e+04 1.282079583649208871e+04
1.287500000000000000e+04 1.287079583649208871e+04
1.292500000000000000e+04 1.292079583649208871e+04
1.297500000000000000e+04 1.297079583649208871e+04
1.302500000000000000e+04 1.302079583649208871e+04
1.307500000000000000e+04 1.307079583649208871e+04
1.312500000000000000e+04 1.312079583649208871e+04
1.317500000000000000e+04 1.317079583649208871e+04
1.322500000000000000e+04 1.322079583649208871e+04
1.327500000000000000e+04 1.327079583649208871e+04
1.332500000000000000e+04 1.332079583649208871e+04
1.337500000000000000e+04 1.337079583649208871e+04
1.342500000000000000e+04 1.342079583649208871e+04
1.347500000000000000e+04 1.347079583649208871e+04
1.352500000000000000e+04 1.352079583649208871e+04
1.357500000000000000e+04 1.357079583649208871e+04
1.362500000000000000e+04 1.362079583649208871e+04
1.367500000000000000e+04 1.367079583649208871e+04
1.372500000000000000e+04 1.372079583649208871e+04
1.377500000000000000e+04 1.377079583649208871e+04
1.382500000000000000e+04 1.382079583649208871e+04
1.387500000000000000e+04 1.387079583649208871e+04
1.392500000000000000e+04 1.392079583649208871e+04
1.397500000000000000e+04 1.397079583649208871e+04
1.402500000000000000e+04 1.402079583649208871e+04
1.407500000000000000e+04 1.407079583649208871e+04
1.412500000000000000e+04 1.412079583649208871e+04
1.417500000000000000e+04 1.417079583649208871e+04
1.422500000000000000e+04 1.422079583649208871e+04
1.427500000000000000e+04 1.427079583649208871e+04
1.432500000000000000e+04 1.432079583649208871e+04
1.437500000000000000e+04 1.437079583649208871e+04
1.442500000000000000e+04 1.442079583649208871e+04
1.447500000000000000e+04 1.447079583649208871e+04
1.452500000000000000e+04 1.452079583649208871e+04
1.457500000000000000e+04 1.457079583649208871e+04
1.462500000000000000e+04 1.462079583649208871e+04
1.467500000000000000e+04 1.467079583649208871e+04
1.472500000000000000e+04 1.472079583649208871e+04
1.477500000000000000e+04 1.477079583649208871e+04
1.482500000000000000e+04 1.482079583649208871e+04
1.487500000000000000e+04 1.487079583649208871e+04
1.492500000000000000e+04 1.492079583649208871e+04
1.497500000000000000e+04 1.497079583649208871e+04
1.502500000000000000e+04 1.502079583649208871e+04
1.507500000000000000e+04 1.507079583649208871e+04
1.512500000000000000e+04 1.512079583649208871e+04
1.517500000000000000e+04 1.517079583649208871e+04
1.522500000000000000e+04 1.522079583649208871e+04
1.527500000000000000e+04 1.527079583649208871e+04
1.532500000000000000e+04 1.532079583649208871e+04
1.537500000000000000e+04 1.537079583649208871e+04
1.542500000000000000e+04 1.542079583649208871e+04
1.547500000000000000e+04 1.547079583649208871e+04
1.552500000000000000e+04 1.552079583649208871e+04
1.557500000000000000e+04 1.557079583649208871e+04
1.562500000000000000e+04 1.562079583649208871e+04
1.567500000000000000e+04 1.567079583649208871e+04
1.572500000000000000e+04 1.572079583649208871e+04
1.577500000000000000e+04 1.577079583649208871e+04
1.582500000000000000e+04 1.582079583649208871e+04
1.587500000000000000e+04 1.587079583649208871e+04
1.592500000000000000e+04 1.592079583649208871e+04
1.597500000000000000e+04 1.597079583649208871e+04
1.602500000000000000e+04 1.602079583649208871e+04
1.607500000000000000e+04 1.607079583649208871e+04
1.612500000000000000e+04 1.612079583649208871e+04
1.617500000000000000e+04 1.617079583649208871e+04
1.622500000000000000e+04 1.622079583649208871e+04
1.627500000000000000e+04 1.627079583649208871e+04
1.632500000000000000e+04 1.632079583649208871e+04
1.637500000000000000e+04 1.637079583649208871e+04
1.642500000000000000e+04 1.642079583649208871e+04
1.647500000000000000e+04 1.647079583649208871e+04
1.652500000000000000e+04 1.652079583649208507e+04
1.657500000000000000e+04 1.657079583649209235e+04
1.662500000000000000e+04 1.662079583649209235e+04
1.667500000000000000e+04 1.667079583649209962e+04
1.672500000000000000e+04 1.672079583649210690e+04
1.677500000000000000e+04 1.677079583649209962e+04
1.682500000000000000e+04 1.682079583649210690e+04
1.687500000000000000e+04 1.687079583649210690e+04
1.692500000000000000e+04 1.692079583649210690e+04
1.697500000000000000e+04 1.697079583649210690e+04
1.702500000000000000e+04 1.702079583649210690e+04
1.707500000000000000e+04 1.707079583649210690e+04
1.712500000000000000e+04 1.712079583649210690e+04
1.717500000000000000e+04 1.717079583649210690e+04
1.722500000000000000e+04 1.722079583649210690e+04
1.727500000000000000e+04 1.727079583649210690e+04
1.732500000000000000e+04 1.732079583649210690e+04
1.737500000000000000e+04 1.737079583649210690e+04
1.742500000000000000e+04 1.742079583649210690e+04
1.747500000000000000e+04 1.747079583649210690e+04
1.752500000000000000e+04 1.752079583649210690e+04
1.757500000000000000e+04 1.757079583649210690e+04
1.762500000000000000e+04 1.762079583649210690e+04
1.767500000000000000e+04 1.767079583649210690e+04
1.772500000000000000e+04 1.772079583649210690e+04
1.777500000000000000e+04 1.777079583649210690e+04
1.782500000000000000e+04 1.782079583649210690e+04
1.787500000000000000e+04 1.787079583649210690e+04
1.792500000000000000e+04 1.792079583649210690e+04
1.797500000000000000e+04 1.797079583649210690e+04
1.802500000000000000e+04 1.802079583649210690e+04
1.807500000000000000e+04 1.807079583649210690e+04
1.812500000000000000e+04 1.812079583649210690e+04
1.817500000000000000e+04 1.817079583649210690e+04
1.822500000000000000e+04 1.822079583649210690e+04
1.827500000000000000e+04 1.827079583649210690e+04
1.832500000000000000e+04 1.832079583649210690e+04
1.837500000000000000e+04 1.837079583649210690e+04
1.842500000000000000e+04 1.842079583649210690e+04
1.847500000000000000e+04 1.847079583649210690e+04
1.852500000000000000e+04 1.852079583649210690e+04
1.857500000000000000e+04 1.857079583649210690e+04
1.862500000000000000e+04 1.862079583649210690e+04
1.867500000000000000e+04 1.867079583649210690e+04
1.872500000000000000e+04 1.872079583649210690e+04
1.877500000000000000e+04 1.877079583649210690e+04
1.882500000000000000e+04 1.882079583649210690e+04
1.887500000000000000e+04 1.887079583649210690e+04
1.892500000000000000e+04 1.892079583649210690e+04
1.897500000000000000e+04 1.897079583649210690e+04
1.902500000000000000e+04 1.902079583649210690e+04
1.907500000000000000e+04 1.907079583649210690e+04
1.912500000000000000e+04 1.912079583649210690e+04
1.917500000000000000e+04 1.917079583649210690e+04
1.922500000000000000e+04 1.922079583649210690e+04
1.927500000000000000e+04 1.927079583649210690e+04
1.932500000000000000e+04 1.932079583649210690e+04
1.937500000000000000e+04 1.937079583649210690e+04
1.942500000000000000e+04 1.942079583649210690e+04
1.947500000000000000e+04 1.947079583649210690e+04
1.952500000000000000e+04 1.952079583649210690e+04
1.957500000000000000e+04 1.957079583649210690e+04
1.962500000000000000e+04 1.962079583649210690e+04
1.967500000000000000e+04 1.967079583649210690e+04
1.972500000000000000e+04 1.972079583649210690e+04
1.977500000000000000e+04 1.977079583649210690e+04
1.982500000000000000e+04 1.982079583649210690e+04
1.987500000000000000e+04 1.987079583649210690e+04
1.992500000000000000e+04 1.992079583649210690e+04
