4.250000000000000000e+02 4.101145014037081751e+02
4.750000000000000000e+02 4.601145014037081751e+02
5.250000000000000000e+02 5.101145014037080614e+02
5.750000000000000000e+02 5.601145014037077772e+02
6.250000000000000000e+02 6.101145014037070951e+02
6.750000000000000000e+02 6.601145014037070951e+02
7.250000000000000000e+02 7.101145014037070951e+02
7.750000000000000000e+02 7.601145014037075498e+02
8.250000000000000000e+02 8.101145014037075498e+02
8.750000000000000000e+02 8.601145014037082319e+02
9.250000000000000000e+02 9.101145014037082319e+02
9.750000000000000000e+02 9.601145014037082319e+02
1.025000000000000000e+03 1.010114501403708232e+03
1.075000000000000000e+03 1.060114501403708800e+03
1.125000000000000000e+03 1.110114501403710165e+03
1.175000000000000000e+03 1.160114501403710619e+03
1.225000000000000000e+03 1.210114501403710165e+03
1.275000000000000000e+03 1.260114501403710165e+03
1.325000000000000000e+03 1.310114501403710165e+03
1.375000000000000000e+03 1.360114501403710619e+03
1.425000000000000000e+03 1.410114501403711074e+03
1.475000000000000000e+03 1.460114501403711074e+03
1.525000000000000000e+03 1.510114501403711074e+03
1.575000000000000000e+03 1.560114501403711074e+03
1.625000000000000000e+03 1.610114501403711074e+03
1.675000000000000000e+03 1.660114501403711074e+03
1.725000000000000000e+03 1.710114501403711074e+03
1.775000000000000000e+03 1.760114501403711074e+03
1.825000000000000000e+03 1.810114501403711074e+03
1.875000000000000000e+03 1.860114501403711074e+03
1.925000000000000000e+03 1.910114501403711074e+03
1.975000000000000000e+03 1.960114501403711074e+03
2.025000000000000000e+03 2.010114501403711074e+03
2.075000000000000000e+03 2.060114501403711529e+03
2.125000000000000000e+03 2.110114501403713348e+03
2.175000000000000000e+03 2.160114501403713803e+03
2.225000000000000000e+03 2.210114501403712893e+03
2.275000000000000000e+03 2.260114501403711984e+03
2.325000000000000000e+03 2.310114501403711074e+03
2.375000000000000000e+03 2.360114501403708346e+03
2.425000000000000000e+03 2.410114501403708346e+03
2.475000000000000000e+03 2.460114501403709255e+03
2.525000000000000000e+03 2.510114501403709255e+03
2.575000000000000000e+03 2.560114501403709255e+03
2.625000000000000000e+03 2.610114501403709255e+03
2.675000000000000000e+03 2.660114501403709255e+03
2.725000000000000000e+03 2.710114501403709255e+03
2.775000000000000000e+03 2.760114501403709255e+03
2.825000000000000000e+03 2.810114501403709255e+03
2.875000000000000000e+03 2.860114501403709255e+03
2.925000000000000000e+03 2.910114501403709255e+03
2.975000000000000000e+03 2.960114501403709255e+03
3.025000000000000000e+03 3.010114501403709255e+03
3.075000000000000000e+03 3.060114501403709255e+03
3.125000000000000000e+03 3.110114501403709255e+03
3.175000000000000000e+03 3.160114501403709255e+03
3.225000000000000000e+03 3.210114501403709255e+03
3.275000000000000000e+03 3.260114501403709255e+03
3.325000000000000000e+03 3.310114501403709255e+03
3.375000000000000000e+03 3.360114501403709255e+03
3.425000000000000000e+03 3.410114501403709255e+03
3.475000000000000000e+03 3.460114501403709255e+03
3.525000000000000000e+03 3.510114501403709255e+03
3.575000000000000000e+03 3.560114501403709255e+03
3.625000000000000000e+03 3.610114501403709255e+03
3.675000000000000000e+03 3.660114501403709255e+03
3.725000000000000000e+03 3.710114501403709255e+03
3.775000000000000000e+03 3.760114501403709255e+03
3.825000000000000000e+03 3.810114501403709255e+03
3.875000000000000000e+03 3.860114501403709255e+03
3.925000000000000000e+03 3.910114501403709255e+03
3.975000000000000000e+03 3.960114501403709255e+03
4.025000000000000000e+03 4.010114501403709255e+03
4.075000000000000000e+03 4.060114501403709255e+03
4.125000000000000000e+03 4.110114501403708346e+03
4.175000000000000000e+03 4.160114501403708346e+03
4.225000000000000000e+03 4.210114501403709255e+03
4.275000000000000000e+03 4.260114501403711074e+03
4.325000000000000000e+03 4.310114501403712893e+03
4.375000000000000000e+03 4.360114501403712893e+03
4.425000000000000000e+03 4.410114501403712893e+03
4.475000000000000000e+03 4.460114501403709255e+03
4.525000000000000000e+03 4.510114501403709255e+03
4.575000000000000000e+03 4.560114501403709255e+03
4.625000000000000000e+03 4.610114501403709255e+03
4.675000000000000000e+03 4.660114501403709255e+03
4.725000000000000000e+03 4.710114501403709255e+03
4.775000000000000000e+03 4.760114501403709255e+03
4.825000000000000000e+03 4.810114501403709255e+03
4.875000000000000000e+03 4.860114501403709255e+03
4.925000000000000000e+03 4.910114501403709255e+03
4.975000000000000000e+03 4.960114501403709255e+03
5.025000000000000000e+03 5.010114501403709255e+03
5.075000000000000000e+03 5.060114501403709255e+03
5.125000000000000000e+03 5.110114501403709255e+03
5.175000000000000000e+03 5.160114501403709255e+03
5.225000000000000000e+03 5.210114501403709255e+03
5.275000000000000000e+03 5.260114501403709255e+03
5.325000000000000000e+03 5.310114501403709255e+03
5.375000000000000000e+03 5.360114501403709255e+03
5.425000000000000000e+03 5.410114501403709255e+03
5.475000000000000000e+03 5.460114501403709255e+03
5.525000000000000000e+03 5.510114501403709255e+03
5.575000000000000000e+03 5.560114501403709255e+03
5.625000000000000000e+03 5.610114501403709255e+03
5.675000000000000000e+03 5.660114501403709255e+03
5.725000000000000000e+03 5.710114501403709255e+03
5.775000000000000000e+03 5.760114501403709255e+03
5.825000000000000000e+03 5.810114501403709255e+03
5.875000000000000000e+03 5.860114501403709255e+03
5.925000000000000000e+03 5.910114501403709255e+03
5.975000000000000000e+03 5.960114501403709255e+03
6.025000000000000000e+03 6.010114501403709255e+03
6.075000000000000000e+03 6.060114501403709255e+03
6.125000000000000000e+03 6.110114501403709255e+03
6.175000000000000000e+03 6.160114501403709255e+03
6.225000000000000000e+03 6.210114501403709255e+03
6.275000000000000000e+03 6.260114501403709255e+03
6.325000000000000000e+03 6.310114501403709255e+03
6.375000000000000000e+03 6.360114501403709255e+03
6.425000000000000000e+03 6.410114501403709255e+03
6.475000000000000000e+03 6.460114501403709255e+03
6.525000000000000000e+03 6.510114501403709255e+03
6.575000000000000000e+03 6.560114501403709255e+03
6.625000000000000000e+03 6.610114501403709255e+03
6.675000000000000000e+03 6.660114501403709255e+03
6.725000000000000000e+03 6.710114501403709255e+03
6.775000000000000000e+03 6.760114501403709255e+03
6.825000000000000000e+03 6.810114501403709255e+03
6.875000000000000000e+03 6.860114501403709255e+03
6.925000000000000000e+03 6.910114501403709255e+03
6.975000000000000000e+03 6.960114501403709255e+03
7.025000000000000000e+03 7.010114501403709255e+03
7.075000000000000000e+03 7.060114501403709255e+03
7.125000000000000000e+03 7.110114501403709255e+03
7.175000000000000000e+03 7.160114501403709255e+03
7.225000000000000000e+03 7.210114501403709255e+03
7.275000000000000000e+03 7.260114501403709255e+03
7.325000000000000000e+03 7.310114501403709255e+03
7.375000000000000000e+03 7.360114501403709255e+03
7.425000000000000000e+03 7.410114501403709255e+03
7.475000000000000000e+03 7.460114501403709255e+03
7.525000000000000000e+03 7.510114501403709255e+03
7.575000000000000000e+03 7.560114501403709255e+03
7.625000000000000000e+03 7.610114501403709255e+03
7.675000000000000000e+03 7.660114501403709255e+03
7.725000000000000000e+03 7.710114501403709255e+03
7.775000000000000000e+03 7.760114501403709255e+03
7.825000000000000000e+03 7.810114501403709255e+03
7.875000000000000000e+03 7.860114501403709255e+03
7.925000000000000000e+03 7.910114501403709255e+03
7.975000000000000000e+03 7.960114501403709255e+03
8.025000000000000000e+03 8.010114501403709255e+03
8.075000000000000000e+03 8.060114501403709255e+03
8.125000000000000000e+03 8.110114501403709255e+03
8.175000000000000000e+03 8.160114501403709255e+03
8.225000000000000000e+03 8.210114501403708346e+03
8.275000000000000000e+03 8.260114501403710165e+03
8.325000000000000000e+03 8.310114501403702889e+03
8.375000000000000000e+03 8.360114501403701070e+03
8.425000000000000000e+03 8.410114501403702889e+03
8.475000000000000000e+03 8.460114501403699251e+03
8.525000000000000000e+03 8.510114501403702889e+03
8.575000000000000000e+03 8.560114501403702889e+03
8.625000000000000000e+03 8.610114501403702889e+03
8.675000000000000000e+03 8.660114501403702889e+03
8.725000000000000000e+03 8.710114501403702889e+03
8.775000000000000000e+03 8.760114501403702889e+03
8.825000000000000000e+03 8.810114501403702889e+03
8.875000000000000000e+03 8.860114501403702889e+03
8.925000000000000000e+03 8.910114501403702889e+03
8.975000000000000000e+03 8.960114501403702889e+03
9.025000000000000000e+03 9.010114501403702889e+03
9.075000000000000000e+03 9.060114501403702889e+03
9.125000000000000000e+03 9.110114501403702889e+03
9.175000000000000000e+03 9.160114501403702889e+03
9.225000000000000000e+03 9.210114501403702889e+03
9.275000000000000000e+03 9.260114501403702889e+03
9.325000000000000000e+03 9.310114501403702889e+03
9.375000000000000000e+03 9.360114501403702889e+03
9.425000000000000000e+03 9.410114501403702889e+03
9.475000000000000000e+03 9.460114501403702889e+03
9.525000000000000000e+03 9.510114501403702889e+03
9.575000000000000000e+03 9.560114501403702889e+03
9.625000000000000000e+03 9.610114501403702889e+03
9.675000000000000000e+03 9.660114501403702889e+03
9.725000000000000000e+03 9.710114501403702889e+03
9.775000000000000000e+03 9.760114501403702889e+03
9.825000000000000000e+03 9.810114501403702889e+03
9.875000000000000000e+03 9.860114501403702889e+03
9.925000000000000000e+03 9.910114501403702889e+03
9.975000000000000000e+03 9.960114501403702889e+03
1.002500000000000000e+04 1.001011450140370289e+04
1.007500000000000000e+04 1.006011450140370289e+04
1.012500000000000000e+04 1.011011450140370289e+04
1.017500000000000000e+04 1.016011450140370289e+04
1.022500000000000000e+04 1.021011450140370289e+04
1.027500000000000000e+04 1.026011450140370289e+04
1.032500000000000000e+04 1.031011450140370289e+04
1.037500000000000000e+04 1.036011450140370289e+04
1.042500000000000000e+04 1.041011450140370289e+04
1.047500000000000000e+04 1.046011450140370289e+04
1.052500000000000000e+04 1.051011450140370289e+04
1.057500000000000000e+04 1.056011450140370289e+04
1.062500000000000000e+04 1.061011450140370289e+04
1.067500000000000000e+04 1.066011450140370289e+04
1.072500000000000000e+04 1.071011450140370289e+04
1.077500000000000000e+04 1.076011450140370289e+04
1.082500000000000000e+04 1.081011450140370289e+04
1.087500000000000000e+04 1.086011450140370289e+04
1.092500000000000000e+04 1.091011450140370289e+04
1.097500000000000000e+04 1.096011450140370289e+04
1.102500000000000000e+04 1.101011450140370289e+04
1.107500000000000000e+04 1.106011450140370289e+04
1.112500000000000000e+04 1.111011450140370289e+04
1.117500000000000000e+04 1.116011450140370289e+04
1.122500000000000000e+04 1.121011450140370289e+04
1.127500000000000000e+04 1.126011450140370289e+04
1.132500000000000000e+04 1.131011450140370289e+04
1.137500000000000000e+04 1.136011450140370289e+04
1.142500000000000000e+04 1.141011450140370289e+04
1.147500000000000000e+04 1.146011450140370289e+04
1.152500000000000000e+04 1.151011450140370289e+04
1.157500000000000000e+04 1.156011450140370289e+04
1.162500000000000000e+04 1.161011450140370289e+04
1.167500000000000000e+04 1.166011450140370289e+04
1.172500000000000000e+04 1.171011450140370289e+04
1.177500000000000000e+04 1.176011450140370289e+04
1.182500000000000000e+04 1.181011450140370289e+04
1.187500000000000000e+04 1.186011450140370289e+04
1.192500000000000000e+04 1.191011450140370289e+04
1.197500000000000000e+04 1.196011450140370289e+04
1.202500000000000000e+04 1.201011450140370289e+04
1.207500000000000000e+04 1.206011450140370289e+04
1.212500000000000000e+04 1.211011450140370289e+04
1.217500000000000000e+04 1.216011450140370289e+04
1.222500000000000000e+04 1.221011450140370289e+04
1.227500000000000000e+04 1.226011450140370289e+04
1.232500000000000000e+04 1.231011450140370289e+04
1.237500000000000000e+04 1.236011450140370289e+04
1.242500000000000000e+04 1.241011450140370289e+04
1.247500000000000000e+04 1.246011450140370289e+04
1.252500000000000000e+04 1.251011450140370289e+04
1.257500000000000000e+04 1.256011450140370289e+04
1.262500000000000000e+04 1.261011450140370289e+04
1.267500000000000000e+04 1.266011450140370289e+04
1.272500000000000000e+04 1.271011450140370289e+04
1.277500000000000000e+04 1.276011450140370289e+04
1.282500000000000000e+04 1.281011450140370289e+04
1.287500000000000000e+04 1.286011450140370289e+04
1.292500000000000000e+04 1.291011450140370289e+04
1.297500000000000000e+04 1.296011450140370289e+04
1.302500000000000000e+04 1.301011450140370289e+04
1.307500000000000000e+04 1.306011450140370289e+04
1.312500000000000000e+04 1.311011450140370289e+04
1.317500000000000000e+04 1.316011450140370289e+04
1.322500000000000000e+04 1.321011450140370289e+04
1.327500000000000000e+04 1.326011450140370289e+04
1.332500000000000000e+04 1.331011450140370289e+04
1.337500000000000000e+04 1.336011450140370289e+04
1.342500000000000000e+04 1.341011450140370289e+04
1.347500000000000000e+04 1.346011450140370289e+04
1.352500000000000000e+04 1.351011450140370289e+04
1.357500000000000000e+04 1.356011450140370289e+04
1.362500000000000000e+04 1.361011450140370289e+04
1.367500000000000000e+04 1.366011450140370289e+04
1.372500000000000000e+04 1.371011450140370289e+04
1.377500000000000000e+04 1.376011450140370289e+04
1.382500000000000000e+04 1.381011450140370289e+04
1.387500000000000000e+04 1.386011450140370289e+04
1.392500000000000000e+04 1.391011450140370289e+04
1.397500000000000000e+04 1.396011450140370289e+04
1.402500000000000000e+04 1.401011450140370289e+04
1.407500000000000000e+04 1.406011450140370289e+04
1.412500000000000000e+04 1.411011450140370289e+04
1.417500000000000000e+04 1.416011450140370289e+04
1.422500000000000000e+04 1.421011450140370289e+04
1.427500000000000000e+04 1.426011450140370289e+04
1.432500000000000000e+04 1.431011450140370289e+04
1.437500000000000000e+04 1.436011450140370289e+04
1.442500000000000000e+04 1.441011450140370289e+04
1.447500000000000000e+04 1.446011450140370289e+04
1.452500000000000000e+04 1.451011450140370289e+04
1.457500000000000000e+04 1.456011450140370289e+04
1.462500000000000000e+04 1.461011450140370289e+04
1.467500000000000000e+04 1.466011450140370289e+04
1.472500000000000000e+04 1.471011450140370289e+04
1.477500000000000000e+04 1.476011450140370289e+04
1.482500000000000000e+04 1.481011450140370289e+04
1.487500000000000000e+04 1.486011450140370289e+04
1.492500000000000000e+04 1.491011450140370289e+04
1.497500000000000000e+04 1.496011450140370289e+04
1.502500000000000000e+04 1.501011450140370289e+04
1.507500000000000000e+04 1.506011450140370289e+04
1.512500000000000000e+04 1.511011450140370289e+04
1.517500000000000000e+04 1.516011450140370289e+04
1.522500000000000000e+04 1.521011450140370289e+04
1.527500000000000000e+04 1.526011450140370289e+04
1.532500000000000000e+04 1.531011450140370289e+04
1.537500000000000000e+04 1.536011450140370289e+04
1.542500000000000000e+04 1.541011450140370289e+04
1.547500000000000000e+04 1.546011450140370289e+04
1.552500000000000000e+04 1.551011450140370289e+04
1.557500000000000000e+04 1.556011450140370289e+04
1.562500000000000000e+04 1.561011450140370289e+04
1.567500000000000000e+04 1.566011450140370289e+04
1.572500000000000000e+04 1.571011450140370289e+04
1.577500000000000000e+04 1.576011450140370289e+04
1.582500000000000000e+04 1.581011450140370289e+04
1.587500000000000000e+04 1.586011450140370289e+04
1.592500000000000000e+04 1.591011450140370289e+04
1.597500000000000000e+04 1.596011450140370289e+04
1.602500000000000000e+04 1.601011450140370289e+04
1.607500000000000000e+04 1.606011450140370289e+04
1.612500000000000000e+04 1.611011450140370289e+04
1.617500000000000000e+04 1.616011450140370289e+04
1.622500000000000000e+04 1.621011450140370289e+04
1.627500000000000000e+04 1.626011450140370289e+04
1.632500000000000000e+04 1.631011450140370289e+04
1.637500000000000000e+04 1.636011450140370289e+04
1.642500000000000000e+04 1.641011450140370289e+04
1.647500000000000000e+04 1.646011450140370653e+04
1.652500000000000000e+04 1.651011450140370653e+04
1.657500000000000000e+04 1.656011450140370653e+04
1.662500000000000000e+04 1.661011450140370653e+04
1.667500000000000000e+04 1.666011450140370653e+04
1.672500000000000000e+04 1.671011450140371380e+04
1.677500000000000000e+04 1.676011450140370653e+04
1.682500000000000000e+04 1.681011450140371380e+04
1.687500000000000000e+04 1.686011450140371380e+04
1.692500000000000000e+04 1.691011450140371380e+04
1.697500000000000000e+04 1.696011450140371380e+04
1.702500000000000000e+04 1.701011450140371380e+04
1.707500000000000000e+04 1.706011450140371380e+04
1.712500000000000000e+04 1.711011450140371380e+04
1.717500000000000000e+04 1.716011450140371380e+04
1.722500000000000000e+04 1.721011450140371380e+04
1.727500000000000000e+04 1.726011450140371380e+04
1.732500000000000000e+04 1.731011450140371380e+04
1.737500000000000000e+04 1.736011450140371380e+04
1.742500000000000000e+04 1.741011450140371380e+04
1.747500000000000000e+04 1.746011450140371380e+04
1.752500000000000000e+04 1.751011450140371380e+04
1.757500000000000000e+04 1.756011450140371380e+04
1.762500000000000000e+04 1.761011450140371380e+04
1.767500000000000000e+04 1.766011450140371380e+04
1.772500000000000000e+04 1.771011450140371380e+04
1.777500000000000000e+04 1.776011450140371380e+04
1.782500000000000000e+04 1.781011450140371380e+04
1.787500000000000000e+04 1.786011450140371380e+04
1.792500000000000000e+04 1.791011450140371380e+04
1.797500000000000000e+04 1.796011450140371380e+04
1.802500000000000000e+04 1.801011450140371380e+04
1.807500000000000000e+04 1.806011450140371380e+04
1.812500000000000000e+04 1.811011450140371380e+04
1.817500000000000000e+04 1.816011450140371380e+04
1.822500000000000000e+04 1.821011450140371380e+04
1.827500000000000000e+04 1.826011450140371380e+04
1.832500000000000000e+04 1.831011450140371380e+04
1.837500000000000000e+04 1.836011450140371380e+04
1.842500000000000000e+04 1.841011450140371380e+04
1.847500000000000000e+04 1.846011450140371380e+04
1.852500000000000000e+04 1.851011450140371380e+04
1.857500000000000000e+04 1.856011450140371380e+04
1.862500000000000000e+04 1.861011450140371380e+04
1.867500000000000000e+04 1.866011450140371380e+04
1.872500000000000000e+04 1.871011450140371380e+04
1.877500000000000000e+04 1.876011450140371380e+04
1.882500000000000000e+04 1.881011450140371380e+04
1.887500000000000000e+04 1.886011450140371380e+04
1.892500000000000000e+04 1.891011450140371380e+04
1.897500000000000000e+04 1.896011450140371380e+04
1.902500000000000000e+04 1.901011450140371380e+04
1.907500000000000000e+04 1.906011450140371380e+04
1.912500000000000000e+04 1.911011450140371380e+04
1.917500000000000000e+04 1.916011450140371380e+04
1.922500000000000000e+04 1.921011450140371380e+04
1.927500000000000000e+04 1.926011450140371380e+04
1.932500000000000000e+04 1.931011450140371380e+04
1.937500000000000000e+04 1.936011450140371380e+04
1.942500000000000000e+04 1.941011450140371380e+04
1.947500000000000000e+04 1.946011450140371380e+04
1.952500000000000000e+04 1.951011450140371380e+04
1.957500000000000000e+04 1.956011450140371380e+04
1.962500000000000000e+04 1.961011450140371380e+04
1.967500000000000000e+04 1.966011450140371380e+04
1.972500000000000000e+04 1.971011450140371380e+04
1.977500000000000000e+04 1.976011450140371380e+04
1.982500000000000000e+04 1.981011450140371380e+04
1.987500000000000000e+04 1.986011450140371380e+04
1.992500000000000000e+04 1.991011450140371380e+04
