8.250000000000000000e+02 8.165916729841862889e+02
8.750000000000000000e+02 8.665916729841862889e+02
9.250000000000000000e+02 9.165916729841860615e+02
9.750000000000000000e+02 9.665916729841860615e+02
1.025000000000000000e+03 1.016591672984185834e+03
1.075000000000000000e+03 1.066591672984184697e+03
1.125000000000000000e+03 1.116591672984183560e+03
1.175000000000000000e+03 1.166591672984183788e+03
1.225000000000000000e+03 1.216591672984183333e+03
1.275000000000000000e+03 1.266591672984183333e+03
1.325000000000000000e+03 1.316591672984183333e+03
1.375000000000000000e+03 1.366591672984183333e+03
1.425000000000000000e+03 1.416591672984183333e+03
1.475000000000000000e+03 1.466591672984183333e+03
1.525000000000000000e+03 1.516591672984183333e+03
1.575000000000000000e+03 1.566591672984183333e+03
1.625000000000000000e+03 1.616591672984182424e+03
1.675000000000000000e+03 1.666591672984182424e+03
1.725000000000000000e+03 1.716591672984182878e+03
1.775000000000000000e+03 1.766591672984183788e+03
1.825000000000000000e+03 1.816591672984183788e+03
1.875000000000000000e+03 1.866591672984183788e+03
1.925000000000000000e+03 1.916591672984183788e+03
1.975000000000000000e+03 1.966591672984183788e+03
2.025000000000000000e+03 2.016591672984183788e+03
2.075000000000000000e+03 2.066591672984183788e+03
2.125000000000000000e+03 2.116591672984185607e+03
2.175000000000000000e+03 2.166591672984183333e+03
2.225000000000000000e+03 2.216591672984184243e+03
2.275000000000000000e+03 2.266591672984184243e+03
2.325000000000000000e+03 2.316591672984185607e+03
2.375000000000000000e+03 2.366591672984185152e+03
2.425000000000000000e+03 2.416591672984184697e+03
2.475000000000000000e+03 2.466591672984184697e+03
2.525000000000000000e+03 2.516591672984185607e+03
2.575000000000000000e+03 2.566591672984186516e+03
2.625000000000000000e+03 2.616591672984186516e+03
2.675000000000000000e+03 2.666591672984186516e+03
2.725000000000000000e+03 2.716591672984187426e+03
2.775000000000000000e+03 2.766591672984186516e+03
2.825000000000000000e+03 2.816591672984185607e+03
2.875000000000000000e+03 2.866591672984184697e+03
2.925000000000000000e+03 2.916591672984184697e+03
2.975000000000000000e+03 2.966591672984184697e+03
3.025000000000000000e+03 3.016591672984184697e+03
3.075000000000000000e+03 3.066591672984184697e+03
3.125000000000000000e+03 3.116591672984184697e+03
3.175000000000000000e+03 3.166591672984184697e+03
3.225000000000000000e+03 3.216591672984184697e+03
3.275000000000000000e+03 3.266591672984184697e+03
3.325000000000000000e+03 3.316591672984184697e+03
3.375000000000000000e+03 3.366591672984184697e+03
3.425000000000000000e+03 3.416591672984184697e+03
3.475000000000000000e+03 3.466591672984184697e+03
3.525000000000000000e+03 3.516591672984184697e+03
3.575000000000000000e+03 3.566591672984184697e+03
3.625000000000000000e+03 3.616591672984184697e+03
3.675000000000000000e+03 3.666591672984184697e+03
3.725000000000000000e+03 3.716591672984184697e+03
3.775000000000000000e+03 3.766591672984184697e+03
3.825000000000000000e+03 3.816591672984184697e+03
3.875000000000000000e+03 3.866591672984184697e+03
3.925000000000000000e+03 3.916591672984184697e+03
3.975000000000000000e+03 3.966591672984184697e+03
4.025000000000000000e+03 4.016591672984184697e+03
4.075000000000000000e+03 4.066591672984184697e+03
4.125000000000000000e+03 4.116591672984183788e+03
4.175000000000000000e+03 4.166591672984183788e+03
4.225000000000000000e+03 4.216591672984183788e+03
4.275000000000000000e+03 4.266591672984185607e+03
4.325000000000000000e+03 4.316591672984189245e+03
4.375000000000000000e+03 4.366591672984185607e+03
4.425000000000000000e+03 4.416591672984189245e+03
4.475000000000000000e+03 4.466591672984187426e+03
4.525000000000000000e+03 4.516591672984187426e+03
4.575000000000000000e+03 4.566591672984187426e+03
4.625000000000000000e+03 4.616591672984185607e+03
4.675000000000000000e+03 4.666591672984183788e+03
4.725000000000000000e+03 4.716591672984187426e+03
4.775000000000000000e+03 4.766591672984185607e+03
4.825000000000000000e+03 4.816591672984185607e+03
4.875000000000000000e+03 4.866591672984187426e+03
4.925000000000000000e+03 4.916591672984189245e+03
4.975000000000000000e+03 4.966591672984189245e+03
5.025000000000000000e+03 5.016591672984189245e+03
5.075000000000000000e+03 5.066591672984189245e+03
5.125000000000000000e+03 5.116591672984189245e+03
5.175000000000000000e+03 5.166591672984189245e+03
5.225000000000000000e+03 5.216591672984189245e+03
5.275000000000000000e+03 5.266591672984189245e+03
5.325000000000000000e+03 5.316591672984189245e+03
5.375000000000000000e+03 5.366591672984189245e+03
5.425000000000000000e+03 5.416591672984189245e+03
5.475000000000000000e+03 5.466591672984189245e+03
5.525000000000000000e+03 5.516591672984189245e+03
5.575000000000000000e+03 5.566591672984189245e+03
5.625000000000000000e+03 5.616591672984189245e+03
5.675000000000000000e+03 5.666591672984189245e+03
5.725000000000000000e+03 5.716591672984189245e+03
5.775000000000000000e+03 5.766591672984189245e+03
5.825000000000000000e+03 5.816591672984189245e+03
5.875000000000000000e+03 5.866591672984189245e+03
5.925000000000000000e+03 5.916591672984189245e+03
5.975000000000000000e+03 5.966591672984189245e+03
6.025000000000000000e+03 6.016591672984189245e+03
6.075000000000000000e+03 6.066591672984189245e+03
6.125000000000000000e+03 6.116591672984189245e+03
6.175000000000000000e+03 6.166591672984189245e+03
6.225000000000000000e+03 6.216591672984189245e+03
6.275000000000000000e+03 6.266591672984189245e+03
6.325000000000000000e+03 6.316591672984189245e+03
6.375000000000000000e+03 6.366591672984189245e+03
6.425000000000000000e+03 6.416591672984189245e+03
6.475000000000000000e+03 6.466591672984189245e+03
6.525000000000000000e+03 6.516591672984189245e+03
6.575000000000000000e+03 6.566591672984189245e+03
6.625000000000000000e+03 6.616591672984189245e+03
6.675000000000000000e+03 6.666591672984189245e+03
6.725000000000000000e+03 6.716591672984189245e+03
6.775000000000000000e+03 6.766591672984189245e+03
6.825000000000000000e+03 6.816591672984189245e+03
6.875000000000000000e+03 6.866591672984189245e+03
6.925000000000000000e+03 6.916591672984189245e+03
6.975000000000000000e+03 6.966591672984189245e+03
7.025000000000000000e+03 7.016591672984189245e+03
7.075000000000000000e+03 7.066591672984189245e+03
7.125000000000000000e+03 7.116591672984189245e+03
7.175000000000000000e+03 7.166591672984189245e+03
7.225000000000000000e+03 7.216591672984189245e+03
7.275000000000000000e+03 7.266591672984189245e+03
7.325000000000000000e+03 7.316591672984189245e+03
7.375000000000000000e+03 7.366591672984189245e+03
7.425000000000000000e+03 7.416591672984189245e+03
7.475000000000000000e+03 7.466591672984189245e+03
7.525000000000000000e+03 7.516591672984189245e+03
7.575000000000000000e+03 7.566591672984189245e+03
7.625000000000000000e+03 7.616591672984189245e+03
7.675000000000000000e+03 7.666591672984189245e+03
7.725000000000000000e+03 7.716591672984189245e+03
7.775000000000000000e+03 7.766591672984189245e+03
7.825000000000000000e+03 7.816591672984189245e+03
7.875000000000000000e+03 7.866591672984189245e+03
7.925000000000000000e+03 7.916591672984189245e+03
7.975000000000000000e+03 7.966591672984189245e+03
8.025000000000000000e+03 8.016591672984189245e+03
8.075000000000000000e+03 8.066591672984189245e+03
8.125000000000000000e+03 8.116591672984189245e+03
8.175000000000000000e+03 8.166591672984189245e+03
8.225000000000000000e+03 8.216591672984190154e+03
8.275000000000000000e+03 8.266591672984188335e+03
8.325000000000000000e+03 8.316591672984188335e+03
8.375000000000000000e+03 8.366591672984184697e+03
8.425000000000000000e+03 8.416591672984181059e+03
8.475000000000000000e+03 8.466591672984181059e+03
8.525000000000000000e+03 8.516591672984179240e+03
8.575000000000000000e+03 8.566591672984177421e+03
8.625000000000000000e+03 8.616591672984177421e+03
8.675000000000000000e+03 8.666591672984181059e+03
8.725000000000000000e+03 8.716591672984184697e+03
8.775000000000000000e+03 8.766591672984188335e+03
8.825000000000000000e+03 8.816591672984188335e+03
8.875000000000000000e+03 8.866591672984181059e+03
8.925000000000000000e+03 8.916591672984181059e+03
8.975000000000000000e+03 8.966591672984181059e+03
9.025000000000000000e+03 9.016591672984177421e+03
9.075000000000000000e+03 9.066591672984177421e+03
9.125000000000000000e+03 9.116591672984177421e+03
9.175000000000000000e+03 9.166591672984177421e+03
9.225000000000000000e+03 9.216591672984177421e+03
9.275000000000000000e+03 9.266591672984177421e+03
9.325000000000000000e+03 9.316591672984177421e+03
9.375000000000000000e+03 9.366591672984177421e+03
9.425000000000000000e+03 9.416591672984177421e+03
9.475000000000000000e+03 9.466591672984177421e+03
9.525000000000000000e+03 9.516591672984177421e+03
9.575000000000000000e+03 9.566591672984177421e+03
9.625000000000000000e+03 9.616591672984177421e+03
9.675000000000000000e+03 9.666591672984177421e+03
9.725000000000000000e+03 9.716591672984177421e+03
9.775000000000000000e+03 9.766591672984177421e+03
9.825000000000000000e+03 9.816591672984177421e+03
9.875000000000000000e+03 9.866591672984177421e+03
9.925000000000000000e+03 9.916591672984177421e+03
9.975000000000000000e+03 9.966591672984177421e+03
1.002500000000000000e+04 1.001659167298417742e+04
1.007500000000000000e+04 1.006659167298417742e+04
1.012500000000000000e+04 1.011659167298417742e+04
1.017500000000000000e+04 1.016659167298417742e+04
1.022500000000000000e+04 1.021659167298417742e+04
1.027500000000000000e+04 1.026659167298417742e+04
1.032500000000000000e+04 1.031659167298417742e+04
1.037500000000000000e+04 1.036659167298417742e+04
1.042500000000000000e+04 1.041659167298417742e+04
1.047500000000000000e+04 1.046659167298417742e+04
1.052500000000000000e+04 1.051659167298417742e+04
1.057500000000000000e+04 1.056659167298417742e+04
1.062500000000000000e+04 1.061659167298417742e+04
1.067500000000000000e+04 1.066659167298417742e+04
1.072500000000000000e+04 1.071659167298417742e+04
1.077500000000000000e+04 1.076659167298417742e+04
1.082500000000000000e+04 1.081659167298417742e+04
1.087500000000000000e+04 1.086659167298417742e+04
1.092500000000000000e+04 1.091659167298417742e+04
1.097500000000000000e+04 1.096659167298417742e+04
1.102500000000000000e+04 1.101659167298417742e+04
1.107500000000000000e+04 1.106659167298417742e+04
1.112500000000000000e+04 1.111659167298417742e+04
1.117500000000000000e+04 1.116659167298417742e+04
1.122500000000000000e+04 1.121659167298417742e+04
1.127500000000000000e+04 1.126659167298417742e+04
1.132500000000000000e+04 1.131659167298417742e+04
1.137500000000000000e+04 1.136659167298417742e+04
1.142500000000000000e+04 1.141659167298417742e+04
1.147500000000000000e+04 1.146659167298417742e+04
1.152500000000000000e+04 1.151659167298417742e+04
1.157500000000000000e+04 1.156659167298417742e+04
1.162500000000000000e+04 1.161659167298417742e+04
1.167500000000000000e+04 1.166659167298417742e+04
1.172500000000000000e+04 1.171659167298417742e+04
1.177500000000000000e+04 1.176659167298417742e+04
1.182500000000000000e+04 1.181659167298417742e+04
1.187500000000000000e+04 1.186659167298417742e+04
1.192500000000000000e+04 1.191659167298417742e+04
1.197500000000000000e+04 1.196659167298417742e+04
1.202500000000000000e+04 1.201659167298417742e+04
1.207500000000000000e+04 1.206659167298417742e+04
1.212500000000000000e+04 1.211659167298417742e+04
1.217500000000000000e+04 1.216659167298417742e+04
1.222500000000000000e+04 1.221659167298417742e+04
1.227500000000000000e+04 1.226659167298417742e+04
1.232500000000000000e+04 1.231659167298417742e+04
1.237500000000000000e+04 1.236659167298417742e+04
1.242500000000000000e+04 1.241659167298417742e+04
1.247500000000000000e+04 1.246659167298417742e+04
1.252500000000000000e+04 1.251659167298417742e+04
1.257500000000000000e+04 1.256659167298417742e+04
1.262500000000000000e+04 1.261659167298417742e+04
1.267500000000000000e+04 1.266659167298417742e+04
1.272500000000000000e+04 1.271659167298417742e+04
1.277500000000000000e+04 1.276659167298417742e+04
1.282500000000000000e+04 1.281659167298417742e+04
1.287500000000000000e+04 1.286659167298417742e+04
1.292500000000000000e+04 1.291659167298417742e+04
1.297500000000000000e+04 1.296659167298417742e+04
1.302500000000000000e+04 1.301659167298417742e+04
1.307500000000000000e+04 1.306659167298417742e+04
1.312500000000000000e+04 1.311659167298417742e+04
1.317500000000000000e+04 1.316659167298417742e+04
1.322500000000000000e+04 1.321659167298417742e+04
1.327500000000000000e+04 1.326659167298417742e+04
1.332500000000000000e+04 1.331659167298417742e+04
1.337500000000000000e+04 1.336659167298417742e+04
1.342500000000000000e+04 1.341659167298417742e+04
1.347500000000000000e+04 1.346659167298417742e+04
1.352500000000000000e+04 1.351659167298417742e+04
1.357500000000000000e+04 1.356659167298417742e+04
1.362500000000000000e+04 1.361659167298417742e+04
1.367500000000000000e+04 1.366659167298417742e+04
1.372500000000000000e+04 1.371659167298417742e+04
1.377500000000000000e+04 1.376659167298417742e+04
1.382500000000000000e+04 1.381659167298417742e+04
1.387500000000000000e+04 1.386659167298417742e+04
1.392500000000000000e+04 1.391659167298417742e+04
1.397500000000000000e+04 1.396659167298417742e+04
1.402500000000000000e+04 1.401659167298417742e+04
1.407500000000000000e+04 1.406659167298417742e+04
1.412500000000000000e+04 1.411659167298417742e+04
1.417500000000000000e+04 1.416659167298417742e+04
1.422500000000000000e+04 1.421659167298417742e+04
1.427500000000000000e+04 1.426659167298417742e+04
1.432500000000000000e+04 1.431659167298417742e+04
1.437500000000000000e+04 1.436659167298417742e+04
1.442500000000000000e+04 1.441659167298417742e+04
1.447500000000000000e+04 1.446659167298417742e+04
1.452500000000000000e+04 1.451659167298417742e+04
1.457500000000000000e+04 1.456659167298417742e+04
1.462500000000000000e+04 1.461659167298417742e+04
1.467500000000000000e+04 1.466659167298417742e+04
1.472500000000000000e+04 1.471659167298417742e+04
1.477500000000000000e+04 1.476659167298417742e+04
1.482500000000000000e+04 1.481659167298417742e+04
1.487500000000000000e+04 1.486659167298417742e+04
1.492500000000000000e+04 1.491659167298417742e+04
1.497500000000000000e+04 1.496659167298417742e+04
1.502500000000000000e+04 1.501659167298417742e+04
1.507500000000000000e+04 1.506659167298417742e+04
1.512500000000000000e+04 1.511659167298417742e+04
1.517500000000000000e+04 1.516659167298417742e+04
1.522500000000000000e+04 1.521659167298417742e+04
1.527500000000000000e+04 1.526659167298417742e+04
1.532500000000000000e+04 1.531659167298417742e+04
1.537500000000000000e+04 1.536659167298417742e+04
1.542500000000000000e+04 1.541659167298417742e+04
1.547500000000000000e+04 1.546659167298417742e+04
1.552500000000000000e+04 1.551659167298417742e+04
1.557500000000000000e+04 1.556659167298417742e+04
1.562500000000000000e+04 1.561659167298417742e+04
1.567500000000000000e+04 1.566659167298417742e+04
1.572500000000000000e+04 1.571659167298417742e+04
1.577500000000000000e+04 1.576659167298417742e+04
1.582500000000000000e+04 1.581659167298417742e+04
1.587500000000000000e+04 1.586659167298417742e+04
1.592500000000000000e+04 1.591659167298417742e+04
1.597500000000000000e+04 1.596659167298417742e+04
1.602500000000000000e+04 1.601659167298417742e+04
1.607500000000000000e+04 1.606659167298417742e+04
1.612500000000000000e+04 1.611659167298417742e+04
1.617500000000000000e+04 1.616659167298417742e+04
1.622500000000000000e+04 1.621659167298417742e+04
1.627500000000000000e+04 1.626659167298417742e+04
1.632500000000000000e+04 1.631659167298417742e+04
1.637500000000000000e+04 1.636659167298417742e+04
1.642500000000000000e+04 1.641659167298418106e+04
1.647500000000000000e+04 1.646659167298418106e+04
1.652500000000000000e+04 1.651659167298417742e+04
1.657500000000000000e+04 1.656659167298418470e+04
1.662500000000000000e+04 1.661659167298418106e+04
1.667500000000000000e+04 1.666659167298418470e+04
1.672500000000000000e+04 1.671659167298418470e+04
1.677500000000000000e+04 1.676659167298419197e+04
1.682500000000000000e+04 1.681659167298417742e+04
1.687500000000000000e+04 1.686659167298417742e+04
1.692500000000000000e+04 1.691659167298417742e+04
1.697500000000000000e+04 1.696659167298417015e+04
1.702500000000000000e+04 1.701659167298417742e+04
1.707500000000000000e+04 1.706659167298417742e+04
1.712500000000000000e+04 1.711659167298417742e+04
1.717500000000000000e+04 1.716659167298417742e+04
1.722500000000000000e+04 1.721659167298417742e+04
1.727500000000000000e+04 1.726659167298417742e+04
1.732500000000000000e+04 1.731659167298417742e+04
1.737500000000000000e+04 1.736659167298417742e+04
1.742500000000000000e+04 1.741659167298417742e+04
1.747500000000000000e+04 1.746659167298417742e+04
1.752500000000000000e+04 1.751659167298417742e+04
1.757500000000000000e+04 1.756659167298417742e+04
1.762500000000000000e+04 1.761659167298417742e+04
1.767500000000000000e+04 1.766659167298417742e+04
1.772500000000000000e+04 1.771659167298417742e+04
1.777500000000000000e+04 1.776659167298417742e+04
1.782500000000000000e+04 1.781659167298417742e+04
1.787500000000000000e+04 1.786659167298417742e+04
1.792500000000000000e+04 1.791659167298417742e+04
1.797500000000000000e+04 1.796659167298417742e+04
1.802500000000000000e+04 1.801659167298417742e+04
1.807500000000000000e+04 1.806659167298417742e+04
1.812500000000000000e+04 1.811659167298417742e+04
1.817500000000000000e+04 1.816659167298417742e+04
1.822500000000000000e+04 1.821659167298417742e+04
1.827500000000000000e+04 1.826659167298417742e+04
1.832500000000000000e+04 1.831659167298417742e+04
1.837500000000000000e+04 1.836659167298417742e+04
1.842500000000000000e+04 1.841659167298417742e+04
1.847500000000000000e+04 1.846659167298417742e+04
1.852500000000000000e+04 1.851659167298417742e+04
1.857500000000000000e+04 1.856659167298417742e+04
1.862500000000000000e+04 1.861659167298417742e+04
1.867500000000000000e+04 1.866659167298417742e+04
1.872500000000000000e+04 1.871659167298417742e+04
1.877500000000000000e+04 1.876659167298417742e+04
1.882500000000000000e+04 1.881659167298417742e+04
1.887500000000000000e+04 1.886659167298417742e+04
1.892500000000000000e+04 1.891659167298417742e+04
1.897500000000000000e+04 1.896659167298417742e+04
1.902500000000000000e+04 1.901659167298417742e+04
1.907500000000000000e+04 1.906659167298417742e+04
1.912500000000000000e+04 1.911659167298417742e+04
1.917500000000000000e+04 1.916659167298417742e+04
1.922500000000000000e+04 1.921659167298417742e+04
1.927500000000000000e+04 1.926659167298417742e+04
1.932500000000000000e+04 1.931659167298417742e+04
1.937500000000000000e+04 1.936659167298417742e+04
1.942500000000000000e+04 1.941659167298417742e+04
1.947500000000000000e+04 1.946659167298417742e+04
1.952500000000000000e+04 1.951659167298417742e+04
1.957500000000000000e+04 1.956659167298417742e+04
1.962500000000000000e+04 1.961659167298417742e+04
1.967500000000000000e+04 1.966659167298417742e+04
1.972500000000000000e+04 1.971659167298417742e+04
1.977500000000000000e+04 1.976659167298417742e+04
1.982500000000000000e+04 1.981659167298417742e+04
1.987500000000000000e+04 1.986659167298417742e+04
1.992500000000000000e+04 1.991659167298417742e+04
