2.025000000000000000e+03 2.019248833585811553e+03
2.075000000000000000e+03 2.069248833585812008e+03
2.125000000000000000e+03 2.119248833585813372e+03
2.175000000000000000e+03 2.169248833585813372e+03
2.225000000000000000e+03 2.219248833585815191e+03
2.275000000000000000e+03 2.269248833585814282e+03
2.325000000000000000e+03 2.319248833585813372e+03
2.375000000000000000e+03 2.369248833585813372e+03
2.425000000000000000e+03 2.419248833585813372e+03
2.475000000000000000e+03 2.469248833585812463e+03
2.525000000000000000e+03 2.519248833585812463e+03
2.575000000000000000e+03 2.569248833585813372e+03
2.625000000000000000e+03 2.619248833585813372e+03
2.675000000000000000e+03 2.669248833585813372e+03
2.725000000000000000e+03 2.719248833585813372e+03
2.775000000000000000e+03 2.769248833585812463e+03
2.825000000000000000e+03 2.819248833585812463e+03
2.875000000000000000e+03 2.869248833585812463e+03
2.925000000000000000e+03 2.919248833585812463e+03
2.975000000000000000e+03 2.969248833585812463e+03
3.025000000000000000e+03 3.019248833585812463e+03
3.075000000000000000e+03 3.069248833585812463e+03
3.125000000000000000e+03 3.119248833585811553e+03
3.175000000000000000e+03 3.169248833585810644e+03
3.225000000000000000e+03 3.219248833585811553e+03
3.275000000000000000e+03 3.269248833585811553e+03
3.325000000000000000e+03 3.319248833585811553e+03
3.375000000000000000e+03 3.369248833585811553e+03
3.425000000000000000e+03 3.419248833585810644e+03
3.475000000000000000e+03 3.469248833585810644e+03
3.525000000000000000e+03 3.519248833585810644e+03
3.575000000000000000e+03 3.569248833585810644e+03
3.625000000000000000e+03 3.619248833585810644e+03
3.675000000000000000e+03 3.669248833585810644e+03
3.725000000000000000e+03 3.719248833585811553e+03
3.775000000000000000e+03 3.769248833585812463e+03
3.825000000000000000e+03 3.819248833585812463e+03
3.875000000000000000e+03 3.869248833585812463e+03
3.925000000000000000e+03 3.919248833585812463e+03
3.975000000000000000e+03 3.969248833585812463e+03
4.025000000000000000e+03 4.019248833585812463e+03
4.075000000000000000e+03 4.069248833585812463e+03
4.125000000000000000e+03 4.119248833585813372e+03
4.175000000000000000e+03 4.169248833585811553e+03
4.225000000000000000e+03 4.219248833585810644e+03
4.275000000000000000e+03 4.269248833585811553e+03
4.325000000000000000e+03 4.319248833585809734e+03
4.375000000000000000e+03 4.369248833585811553e+03
4.425000000000000000e+03 4.419248833585815191e+03
4.475000000000000000e+03 4.469248833585813372e+03
4.525000000000000000e+03 4.519248833585815191e+03
4.575000000000000000e+03 4.569248833585815191e+03
4.625000000000000000e+03 4.619248833585813372e+03
4.675000000000000000e+03 4.669248833585813372e+03
4.725000000000000000e+03 4.719248833585815191e+03
4.775000000000000000e+03 4.769248833585815191e+03
4.825000000000000000e+03 4.819248833585815191e+03
4.875000000000000000e+03 4.869248833585815191e+03
4.925000000000000000e+03 4.919248833585815191e+03
4.975000000000000000e+03 4.969248833585815191e+03
5.025000000000000000e+03 5.019248833585813372e+03
5.075000000000000000e+03 5.069248833585813372e+03
5.125000000000000000e+03 5.119248833585815191e+03
5.175000000000000000e+03 5.169248833585815191e+03
5.225000000000000000e+03 5.219248833585817010e+03
5.275000000000000000e+03 5.269248833585817010e+03
5.325000000000000000e+03 5.319248833585817010e+03
5.375000000000000000e+03 5.369248833585817010e+03
5.425000000000000000e+03 5.419248833585817010e+03
5.475000000000000000e+03 5.469248833585817010e+03
5.525000000000000000e+03 5.519248833585817010e+03
5.575000000000000000e+03 5.569248833585817010e+03
5.625000000000000000e+03 5.619248833585818829e+03
5.675000000000000000e+03 5.669248833585818829e+03
5.725000000000000000e+03 5.719248833585818829e+03
5.775000000000000000e+03 5.769248833585817010e+03
5.825000000000000000e+03 5.819248833585817010e+03
5.875000000000000000e+03 5.869248833585815191e+03
5.925000000000000000e+03 5.919248833585815191e+03
5.975000000000000000e+03 5.969248833585817010e+03
6.025000000000000000e+03 6.019248833585815191e+03
6.075000000000000000e+03 6.069248833585815191e+03
6.125000000000000000e+03 6.119248833585815191e+03
6.175000000000000000e+03 6.169248833585815191e+03
6.225000000000000000e+03 6.219248833585815191e+03
6.275000000000000000e+03 6.269248833585815191e+03
6.325000000000000000e+03 6.319248833585815191e+03
6.375000000000000000e+03 6.369248833585815191e+03
6.425000000000000000e+03 6.419248833585815191e+03
6.475000000000000000e+03 6.469248833585815191e+03
6.525000000000000000e+03 6.519248833585815191e+03
6.575000000000000000e+03 6.569248833585815191e+03
6.625000000000000000e+03 6.619248833585815191e+03
6.675000000000000000e+03 6.669248833585815191e+03
6.725000000000000000e+03 6.719248833585815191e+03
6.775000000000000000e+03 6.769248833585815191e+03
6.825000000000000000e+03 6.819248833585815191e+03
6.875000000000000000e+03 6.869248833585815191e+03
6.925000000000000000e+03 6.919248833585815191e+03
6.975000000000000000e+03 6.969248833585815191e+03
7.025000000000000000e+03 7.019248833585815191e+03
7.075000000000000000e+03 7.069248833585815191e+03
7.125000000000000000e+03 7.119248833585815191e+03
7.175000000000000000e+03 7.169248833585815191e+03
7.225000000000000000e+03 7.219248833585815191e+03
7.275000000000000000e+03 7.269248833585815191e+03
7.325000000000000000e+03 7.319248833585815191e+03
7.375000000000000000e+03 7.369248833585815191e+03
7.425000000000000000e+03 7.419248833585815191e+03
7.475000000000000000e+03 7.469248833585815191e+03
7.525000000000000000e+03 7.519248833585815191e+03
7.575000000000000000e+03 7.569248833585815191e+03
7.625000000000000000e+03 7.619248833585815191e+03
7.675000000000000000e+03 7.669248833585815191e+03
7.725000000000000000e+03 7.719248833585815191e+03
7.775000000000000000e+03 7.769248833585815191e+03
7.825000000000000000e+03 7.819248833585815191e+03
7.875000000000000000e+03 7.869248833585815191e+03
7.925000000000000000e+03 7.919248833585815191e+03
7.975000000000000000e+03 7.969248833585815191e+03
8.025000000000000000e+03 8.019248833585815191e+03
8.075000000000000000e+03 8.069248833585815191e+03
8.125000000000000000e+03 8.119248833585815191e+03
8.175000000000000000e+03 8.169248833585815191e+03
8.225000000000000000e+03 8.219248833585812463e+03
8.275000000000000000e+03 8.269248833585817920e+03
8.325000000000000000e+03 8.319248833585816101e+03
8.375000000000000000e+03 8.369248833585812463e+03
8.425000000000000000e+03 8.419248833585816101e+03
8.475000000000000000e+03 8.469248833585812463e+03
8.525000000000000000e+03 8.519248833585812463e+03
8.575000000000000000e+03 8.569248833585812463e+03
8.625000000000000000e+03 8.619248833585812463e+03
8.675000000000000000e+03 8.669248833585812463e+03
8.725000000000000000e+03 8.719248833585812463e+03
8.775000000000000000e+03 8.769248833585808825e+03
8.825000000000000000e+03 8.819248833585808825e+03
8.875000000000000000e+03 8.869248833585808825e+03
8.925000000000000000e+03 8.919248833585812463e+03
8.975000000000000000e+03 8.969248833585816101e+03
9.025000000000000000e+03 9.019248833585816101e+03
9.075000000000000000e+03 9.069248833585816101e+03
9.125000000000000000e+03 9.119248833585816101e+03
9.175000000000000000e+03 9.169248833585816101e+03
9.225000000000000000e+03 9.219248833585819739e+03
9.275000000000000000e+03 9.269248833585816101e+03
9.325000000000000000e+03 9.319248833585816101e+03
9.375000000000000000e+03 9.369248833585812463e+03
9.425000000000000000e+03 9.419248833585812463e+03
9.475000000000000000e+03 9.469248833585812463e+03
9.525000000000000000e+03 9.519248833585812463e+03
9.575000000000000000e+03 9.569248833585808825e+03
9.625000000000000000e+03 9.619248833585812463e+03
9.675000000000000000e+03 9.669248833585808825e+03
9.725000000000000000e+03 9.719248833585805187e+03
9.775000000000000000e+03 9.769248833585808825e+03
9.825000000000000000e+03 9.819248833585808825e+03
9.875000000000000000e+03 9.869248833585808825e+03
9.925000000000000000e+03 9.919248833585808825e+03
9.975000000000000000e+03 9.969248833585812463e+03
1.002500000000000000e+04 1.001924883358580882e+04
1.007500000000000000e+04 1.006924883358580882e+04
1.012500000000000000e+04 1.011924883358580882e+04
1.017500000000000000e+04 1.016924883358580882e+04
1.022500000000000000e+04 1.021924883358581246e+04
1.027500000000000000e+04 1.026924883358581246e+04
1.032500000000000000e+04 1.031924883358581246e+04
1.037500000000000000e+04 1.036924883358581246e+04
1.042500000000000000e+04 1.041924883358581246e+04
1.047500000000000000e+04 1.046924883358581246e+04
1.052500000000000000e+04 1.051924883358581246e+04
1.057500000000000000e+04 1.056924883358581246e+04
1.062500000000000000e+04 1.061924883358581246e+04
1.067500000000000000e+04 1.066924883358581246e+04
1.072500000000000000e+04 1.071924883358581246e+04
1.077500000000000000e+04 1.076924883358581246e+04
1.082500000000000000e+04 1.081924883358581246e+04
1.087500000000000000e+04 1.086924883358581246e+04
1.092500000000000000e+04 1.091924883358581246e+04
1.097500000000000000e+04 1.096924883358581246e+04
1.102500000000000000e+04 1.101924883358581246e+04
1.107500000000000000e+04 1.106924883358581246e+04
1.112500000000000000e+04 1.111924883358581246e+04
1.117500000000000000e+04 1.116924883358581246e+04
1.122500000000000000e+04 1.121924883358581246e+04
1.127500000000000000e+04 1.126924883358581246e+04
1.132500000000000000e+04 1.131924883358581246e+04
1.137500000000000000e+04 1.136924883358581246e+04
1.142500000000000000e+04 1.141924883358581246e+04
1.147500000000000000e+04 1.146924883358581246e+04
1.152500000000000000e+04 1.151924883358581246e+04
1.157500000000000000e+04 1.156924883358581246e+04
1.162500000000000000e+04 1.161924883358581246e+04
1.167500000000000000e+04 1.166924883358581246e+04
1.172500000000000000e+04 1.171924883358581246e+04
1.177500000000000000e+04 1.176924883358581246e+04
1.182500000000000000e+04 1.181924883358581246e+04
1.187500000000000000e+04 1.186924883358581246e+04
1.192500000000000000e+04 1.191924883358581246e+04
1.197500000000000000e+04 1.196924883358581246e+04
1.202500000000000000e+04 1.201924883358581246e+04
1.207500000000000000e+04 1.206924883358581246e+04
1.212500000000000000e+04 1.211924883358581246e+04
1.217500000000000000e+04 1.216924883358581246e+04
1.222500000000000000e+04 1.221924883358581246e+04
1.227500000000000000e+04 1.226924883358581246e+04
1.232500000000000000e+04 1.231924883358581246e+04
1.237500000000000000e+04 1.236924883358581246e+04
1.242500000000000000e+04 1.241924883358581246e+04
1.247500000000000000e+04 1.246924883358581246e+04
1.252500000000000000e+04 1.251924883358581246e+04
1.257500000000000000e+04 1.256924883358581246e+04
1.262500000000000000e+04 1.261924883358581246e+04
1.267500000000000000e+04 1.266924883358581246e+04
1.272500000000000000e+04 1.271924883358581246e+04
1.277500000000000000e+04 1.276924883358581246e+04
1.282500000000000000e+04 1.281924883358581246e+04
1.287500000000000000e+04 1.286924883358581246e+04
1.292500000000000000e+04 1.291924883358581246e+04
1.297500000000000000e+04 1.296924883358581246e+04
1.302500000000000000e+04 1.301924883358581246e+04
1.307500000000000000e+04 1.306924883358581246e+04
1.312500000000000000e+04 1.311924883358581246e+04
1.317500000000000000e+04 1.316924883358581246e+04
1.322500000000000000e+04 1.321924883358581246e+04
1.327500000000000000e+04 1.326924883358581246e+04
1.332500000000000000e+04 1.331924883358581246e+04
1.337500000000000000e+04 1.336924883358581246e+04
1.342500000000000000e+04 1.341924883358581246e+04
1.347500000000000000e+04 1.346924883358581246e+04
1.352500000000000000e+04 1.351924883358581246e+04
1.357500000000000000e+04 1.356924883358581246e+04
1.362500000000000000e+04 1.361924883358581246e+04
1.367500000000000000e+04 1.366924883358581246e+04
1.372500000000000000e+04 1.371924883358581246e+04
1.377500000000000000e+04 1.376924883358581246e+04
1.382500000000000000e+04 1.381924883358581246e+04
1.387500000000000000e+04 1.386924883358581246e+04
1.392500000000000000e+04 1.391924883358581246e+04
1.397500000000000000e+04 1.396924883358581246e+04
1.402500000000000000e+04 1.401924883358581246e+04
1.407500000000000000e+04 1.406924883358581246e+04
1.412500000000000000e+04 1.411924883358581246e+04
1.417500000000000000e+04 1.416924883358581246e+04
1.422500000000000000e+04 1.421924883358581246e+04
1.427500000000000000e+04 1.426924883358581246e+04
1.432500000000000000e+04 1.431924883358581246e+04
1.437500000000000000e+04 1.436924883358581246e+04
1.442500000000000000e+04 1.441924883358581246e+04
1.447500000000000000e+04 1.446924883358581246e+04
1.452500000000000000e+04 1.451924883358581246e+04
1.457500000000000000e+04 1.456924883358581246e+04
1.462500000000000000e+04 1.461924883358581246e+04
1.467500000000000000e+04 1.466924883358581246e+04
1.472500000000000000e+04 1.471924883358581246e+04
1.477500000000000000e+04 1.476924883358581246e+04
1.482500000000000000e+04 1.481924883358581246e+04
1.487500000000000000e+04 1.486924883358581246e+04
1.492500000000000000e+04 1.491924883358581246e+04
1.497500000000000000e+04 1.496924883358581246e+04
1.502500000000000000e+04 1.501924883358581246e+04
1.507500000000000000e+04 1.506924883358581246e+04
1.512500000000000000e+04 1.511924883358581246e+04
1.517500000000000000e+04 1.516924883358581246e+04
1.522500000000000000e+04 1.521924883358581246e+04
1.527500000000000000e+04 1.526924883358581246e+04
1.532500000000000000e+04 1.531924883358581246e+04
1.537500000000000000e+04 1.536924883358581246e+04
1.542500000000000000e+04 1.541924883358581246e+04
1.547500000000000000e+04 1.546924883358581246e+04
1.552500000000000000e+04 1.551924883358581246e+04
1.557500000000000000e+04 1.556924883358581246e+04
1.562500000000000000e+04 1.561924883358581246e+04
1.567500000000000000e+04 1.566924883358581246e+04
1.572500000000000000e+04 1.571924883358581246e+04
1.577500000000000000e+04 1.576924883358581246e+04
1.582500000000000000e+04 1.581924883358581246e+04
1.587500000000000000e+04 1.586924883358581246e+04
1.592500000000000000e+04 1.591924883358581246e+04
1.597500000000000000e+04 1.596924883358581246e+04
1.602500000000000000e+04 1.601924883358581246e+04
1.607500000000000000e+04 1.606924883358581246e+04
1.612500000000000000e+04 1.611924883358581246e+04
1.617500000000000000e+04 1.616924883358581246e+04
1.622500000000000000e+04 1.621924883358581246e+04
1.627500000000000000e+04 1.626924883358581246e+04
1.632500000000000000e+04 1.631924883358581246e+04
1.637500000000000000e+04 1.636924883358581246e+04
1.642500000000000000e+04 1.641924883358582156e+04
1.647500000000000000e+04 1.646924883358581064e+04
1.652500000000000000e+04 1.651924883358581064e+04
1.657500000000000000e+04 1.656924883358581064e+04
1.662500000000000000e+04 1.661924883358581064e+04
1.667500000000000000e+04 1.666924883358581428e+04
1.672500000000000000e+04 1.671924883358581064e+04
1.677500000000000000e+04 1.676924883358581064e+04
1.682500000000000000e+04 1.681924883358580701e+04
1.687500000000000000e+04 1.686924883358581064e+04
1.692500000000000000e+04 1.691924883358581064e+04
1.697500000000000000e+04 1.696924883358581064e+04
1.702500000000000000e+04 1.701924883358581792e+04
1.707500000000000000e+04 1.706924883358582520e+04
1.712500000000000000e+04 1.711924883358581792e+04
1.717500000000000000e+04 1.716924883358581428e+04
1.722500000000000000e+04 1.721924883358582520e+04
1.727500000000000000e+04 1.726924883358581792e+04
1.732500000000000000e+04 1.731924883358582520e+04
1.737500000000000000e+04 1.736924883358582520e+04
1.742500000000000000e+04 1.741924883358582520e+04
1.747500000000000000e+04 1.746924883358582156e+04
1.752500000000000000e+04 1.751924883358582156e+04
1.757500000000000000e+04 1.756924883358583611e+04
1.762500000000000000e+04 1.761924883358583611e+04
1.767500000000000000e+04 1.766924883358584339e+04
1.772500000000000000e+04 1.771924883358585066e+04
1.777500000000000000e+04 1.776924883358585066e+04
1.782500000000000000e+04 1.781924883358584339e+04
1.787500000000000000e+04 1.786924883358583611e+04
1.792500000000000000e+04 1.791924883358584339e+04
1.797500000000000000e+04 1.796924883358584339e+04
1.802500000000000000e+04 1.801924883358584339e+04
1.807500000000000000e+04 1.806924883358583611e+04
1.812500000000000000e+04 1.811924883358583611e+04
1.817500000000000000e+04 1.816924883358583611e+04
1.822500000000000000e+04 1.821924883358584339e+04
1.827500000000000000e+04 1.826924883358584339e+04
1.832500000000000000e+04 1.831924883358584339e+04
1.837500000000000000e+04 1.836924883358585066e+04
1.842500000000000000e+04 1.841924883358584339e+04
1.847500000000000000e+04 1.846924883358584339e+04
1.852500000000000000e+04 1.851924883358584339e+04
1.857500000000000000e+04 1.856924883358584339e+04
1.862500000000000000e+04 1.861924883358584339e+04
1.867500000000000000e+04 1.866924883358584339e+04
1.872500000000000000e+04 1.871924883358584339e+04
1.877500000000000000e+04 1.876924883358584339e+04
1.882500000000000000e+04 1.881924883358584339e+04
1.887500000000000000e+04 1.886924883358584339e+04
1.892500000000000000e+04 1.891924883358584339e+04
1.897500000000000000e+04 1.896924883358584339e+04
1.902500000000000000e+04 1.901924883358584339e+04
1.907500000000000000e+04 1.906924883358584339e+04
1.912500000000000000e+04 1.911924883358584339e+04
1.917500000000000000e+04 1.916924883358584339e+04
1.922500000000000000e+04 1.921924883358584339e+04
1.927500000000000000e+04 1.926924883358584339e+04
1.932500000000000000e+04 1.931924883358584339e+04
1.937500000000000000e+04 1.936924883358584339e+04
1.942500000000000000e+04 1.941924883358584339e+04
1.947500000000000000e+04 1.946924883358584339e+04
1.952500000000000000e+04 1.951924883358584339e+04
1.957500000000000000e+04 1.956924883358584339e+04
1.962500000000000000e+04 1.961924883358584339e+04
1.967500000000000000e+04 1.966924883358584339e+04
1.972500000000000000e+04 1.971924883358584339e+04
1.977500000000000000e+04 1.976924883358584339e+04
1.982500000000000000e+04 1.981924883358584339e+04
1.987500000000000000e+04 1.986924883358584339e+04
1.992500000000000000e+04 1.991924883358584339e+04
