1.025000000000000000e+03 1.022124416792905777e+03
1.075000000000000000e+03 1.072124416792906686e+03
1.125000000000000000e+03 1.122124416792907596e+03
1.175000000000000000e+03 1.172124416792906686e+03
1.225000000000000000e+03 1.222124416792906686e+03
1.275000000000000000e+03 1.272124416792906686e+03
1.325000000000000000e+03 1.322124416792906686e+03
1.375000000000000000e+03 1.372124416792906686e+03
1.425000000000000000e+03 1.422124416792906231e+03
1.475000000000000000e+03 1.472124416792906231e+03
1.525000000000000000e+03 1.522124416792906231e+03
1.575000000000000000e+03 1.572124416792905777e+03
1.625000000000000000e+03 1.622124416792905777e+03
1.675000000000000000e+03 1.672124416792905777e+03
1.725000000000000000e+03 1.722124416792905777e+03
1.775000000000000000e+03 1.772124416792905322e+03
1.825000000000000000e+03 1.822124416792905322e+03
1.875000000000000000e+03 1.872124416792906231e+03
1.925000000000000000e+03 1.922124416792906231e+03
1.975000000000000000e+03 1.972124416792906231e+03
2.025000000000000000e+03 2.022124416792906231e+03
2.075000000000000000e+03 2.072124416792906686e+03
2.125000000000000000e+03 2.122124416792904867e+03
2.175000000000000000e+03 2.172124416792904867e+03
2.225000000000000000e+03 2.222124416792906686e+03
2.275000000000000000e+03 2.272124416792906686e+03
2.325000000000000000e+03 2.322124416792906686e+03
2.375000000000000000e+03 2.372124416792907596e+03
2.425000000000000000e+03 2.422124416792907596e+03
2.475000000000000000e+03 2.472124416792907596e+03
2.525000000000000000e+03 2.522124416792906686e+03
2.575000000000000000e+03 2.572124416792907596e+03
2.625000000000000000e+03 2.622124416792908505e+03
2.675000000000000000e+03 2.672124416792908505e+03
2.725000000000000000e+03 2.722124416792908505e+03
2.775000000000000000e+03 2.772124416792908505e+03
2.825000000000000000e+03 2.822124416792909415e+03
2.875000000000000000e+03 2.872124416792909415e+03
2.925000000000000000e+03 2.922124416792907596e+03
2.975000000000000000e+03 2.972124416792907596e+03
3.025000000000000000e+03 3.022124416792907596e+03
3.075000000000000000e+03 3.072124416792907596e+03
3.125000000000000000e+03 3.122124416792907596e+03
3.175000000000000000e+03 3.172124416792907596e+03
3.225000000000000000e+03 3.222124416792907596e+03
3.275000000000000000e+03 3.272124416792907596e+03
3.325000000000000000e+03 3.322124416792907596e+03
3.375000000000000000e+03 3.372124416792907596e+03
3.425000000000000000e+03 3.422124416792907596e+03
3.475000000000000000e+03 3.472124416792907596e+03
3.525000000000000000e+03 3.522124416792907596e+03
3.575000000000000000e+03 3.572124416792907596e+03
3.625000000000000000e+03 3.622124416792907596e+03
3.675000000000000000e+03 3.672124416792907596e+03
3.725000000000000000e+03 3.722124416792907596e+03
3.775000000000000000e+03 3.772124416792907596e+03
3.825000000000000000e+03 3.822124416792907596e+03
3.875000000000000000e+03 3.872124416792907596e+03
3.925000000000000000e+03 3.922124416792907596e+03
3.975000000000000000e+03 3.972124416792907596e+03
4.025000000000000000e+03 4.022124416792907596e+03
4.075000000000000000e+03 4.072124416792907596e+03
4.125000000000000000e+03 4.122124416792907141e+03
4.175000000000000000e+03 4.172124416792908050e+03
4.225000000000000000e+03 4.222124416792908050e+03
4.275000000000000000e+03 4.272124416792906231e+03
4.325000000000000000e+03 4.322124416792906231e+03
4.375000000000000000e+03 4.372124416792904412e+03
4.425000000000000000e+03 4.422124416792904412e+03
4.475000000000000000e+03 4.472124416792908050e+03
4.525000000000000000e+03 4.522124416792908050e+03
4.575000000000000000e+03 4.572124416792908050e+03
4.625000000000000000e+03 4.622124416792909869e+03
4.675000000000000000e+03 4.672124416792906231e+03
4.725000000000000000e+03 4.722124416792906231e+03
4.775000000000000000e+03 4.772124416792904412e+03
4.825000000000000000e+03 4.822124416792904412e+03
4.875000000000000000e+03 4.872124416792902593e+03
4.925000000000000000e+03 4.922124416792904412e+03
4.975000000000000000e+03 4.972124416792906231e+03
5.025000000000000000e+03 5.022124416792904412e+03
5.075000000000000000e+03 5.072124416792904412e+03
5.125000000000000000e+03 5.122124416792906231e+03
5.175000000000000000e+03 5.172124416792906231e+03
5.225000000000000000e+03 5.222124416792906231e+03
5.275000000000000000e+03 5.272124416792906231e+03
5.325000000000000000e+03 5.322124416792906231e+03
5.375000000000000000e+03 5.372124416792906231e+03
5.425000000000000000e+03 5.422124416792906231e+03
5.475000000000000000e+03 5.472124416792906231e+03
5.525000000000000000e+03 5.522124416792906231e+03
5.575000000000000000e+03 5.572124416792906231e+03
5.625000000000000000e+03 5.622124416792906231e+03
5.675000000000000000e+03 5.672124416792906231e+03
5.725000000000000000e+03 5.722124416792906231e+03
5.775000000000000000e+03 5.772124416792906231e+03
5.825000000000000000e+03 5.822124416792906231e+03
5.875000000000000000e+03 5.872124416792906231e+03
5.925000000000000000e+03 5.922124416792906231e+03
5.975000000000000000e+03 5.972124416792906231e+03
6.025000000000000000e+03 6.022124416792906231e+03
6.075000000000000000e+03 6.072124416792906231e+03
6.125000000000000000e+03 6.122124416792906231e+03
6.175000000000000000e+03 6.172124416792906231e+03
6.225000000000000000e+03 6.222124416792906231e+03
6.275000000000000000e+03 6.272124416792906231e+03
6.325000000000000000e+03 6.322124416792906231e+03
6.375000000000000000e+03 6.372124416792906231e+03
6.425000000000000000e+03 6.422124416792906231e+03
6.475000000000000000e+03 6.472124416792906231e+03
6.525000000000000000e+03 6.522124416792906231e+03
6.575000000000000000e+03 6.572124416792906231e+03
6.625000000000000000e+03 6.622124416792906231e+03
6.675000000000000000e+03 6.672124416792906231e+03
6.725000000000000000e+03 6.722124416792906231e+03
6.775000000000000000e+03 6.772124416792906231e+03
6.825000000000000000e+03 6.822124416792906231e+03
6.875000000000000000e+03 6.872124416792906231e+03
6.925000000000000000e+03 6.922124416792906231e+03
6.975000000000000000e+03 6.972124416792906231e+03
7.025000000000000000e+03 7.022124416792906231e+03
7.075000000000000000e+03 7.072124416792906231e+03
7.125000000000000000e+03 7.122124416792906231e+03
7.175000000000000000e+03 7.172124416792906231e+03
7.225000000000000000e+03 7.222124416792906231e+03
7.275000000000000000e+03 7.272124416792906231e+03
7.325000000000000000e+03 7.322124416792906231e+03
7.375000000000000000e+03 7.372124416792906231e+03
7.425000000000000000e+03 7.422124416792906231e+03
7.475000000000000000e+03 7.472124416792906231e+03
7.525000000000000000e+03 7.522124416792906231e+03
7.575000000000000000e+03 7.572124416792906231e+03
7.625000000000000000e+03 7.622124416792906231e+03
7.675000000000000000e+03 7.672124416792906231e+03
7.725000000000000000e+03 7.722124416792906231e+03
7.775000000000000000e+03 7.772124416792906231e+03
7.825000000000000000e+03 7.822124416792906231e+03
7.875000000000000000e+03 7.872124416792906231e+03
7.925000000000000000e+03 7.922124416792906231e+03
7.975000000000000000e+03 7.972124416792906231e+03
8.025000000000000000e+03 8.022124416792906231e+03
8.075000000000000000e+03 8.072124416792906231e+03
8.125000000000000000e+03 8.122124416792906231e+03
8.175000000000000000e+03 8.172124416792906231e+03
8.225000000000000000e+03 8.222124416792905322e+03
8.275000000000000000e+03 8.272124416792907141e+03
8.325000000000000000e+03 8.322124416792905322e+03
8.375000000000000000e+03 8.372124416792905322e+03
8.425000000000000000e+03 8.422124416792903503e+03
8.475000000000000000e+03 8.472124416792905322e+03
8.525000000000000000e+03 8.522124416792910779e+03
8.575000000000000000e+03 8.572124416792908960e+03
8.625000000000000000e+03 8.622124416792910779e+03
8.675000000000000000e+03 8.672124416792912598e+03
8.725000000000000000e+03 8.722124416792912598e+03
8.775000000000000000e+03 8.772124416792914417e+03
8.825000000000000000e+03 8.822124416792918055e+03
8.875000000000000000e+03 8.872124416792925331e+03
8.925000000000000000e+03 8.922124416792921693e+03
8.975000000000000000e+03 8.972124416792921693e+03
9.025000000000000000e+03 9.022124416792918055e+03
9.075000000000000000e+03 9.072124416792918055e+03
9.125000000000000000e+03 9.122124416792921693e+03
9.175000000000000000e+03 9.172124416792925331e+03
9.225000000000000000e+03 9.222124416792921693e+03
9.275000000000000000e+03 9.272124416792921693e+03
9.325000000000000000e+03 9.322124416792921693e+03
9.375000000000000000e+03 9.372124416792921693e+03
9.425000000000000000e+03 9.422124416792921693e+03
9.475000000000000000e+03 9.472124416792921693e+03
9.525000000000000000e+03 9.522124416792921693e+03
9.575000000000000000e+03 9.572124416792921693e+03
9.625000000000000000e+03 9.622124416792921693e+03
9.675000000000000000e+03 9.672124416792921693e+03
9.725000000000000000e+03 9.722124416792921693e+03
9.775000000000000000e+03 9.772124416792921693e+03
9.825000000000000000e+03 9.822124416792921693e+03
9.875000000000000000e+03 9.872124416792921693e+03
9.925000000000000000e+03 9.922124416792921693e+03
9.975000000000000000e+03 9.972124416792921693e+03
1.002500000000000000e+04 1.002212441679292169e+04
1.007500000000000000e+04 1.007212441679292169e+04
1.012500000000000000e+04 1.012212441679292169e+04
1.017500000000000000e+04 1.017212441679292169e+04
1.022500000000000000e+04 1.022212441679292169e+04
1.027500000000000000e+04 1.027212441679292169e+04
1.032500000000000000e+04 1.032212441679292169e+04
1.037500000000000000e+04 1.037212441679292169e+04
1.042500000000000000e+04 1.042212441679292169e+04
1.047500000000000000e+04 1.047212441679292169e+04
1.052500000000000000e+04 1.052212441679292169e+04
1.057500000000000000e+04 1.057212441679292169e+04
1.062500000000000000e+04 1.062212441679292169e+04
1.067500000000000000e+04 1.067212441679292169e+04
1.072500000000000000e+04 1.072212441679292169e+04
1.077500000000000000e+04 1.077212441679292169e+04
1.082500000000000000e+04 1.082212441679292169e+04
1.087500000000000000e+04 1.087212441679292169e+04
1.092500000000000000e+04 1.092212441679292169e+04
1.097500000000000000e+04 1.097212441679292169e+04
1.102500000000000000e+04 1.102212441679292169e+04
1.107500000000000000e+04 1.107212441679292169e+04
1.112500000000000000e+04 1.112212441679292169e+04
1.117500000000000000e+04 1.117212441679292169e+04
1.122500000000000000e+04 1.122212441679292169e+04
1.127500000000000000e+04 1.127212441679292169e+04
1.132500000000000000e+04 1.132212441679292169e+04
1.137500000000000000e+04 1.137212441679292169e+04
1.142500000000000000e+04 1.142212441679292169e+04
1.147500000000000000e+04 1.147212441679292169e+04
1.152500000000000000e+04 1.152212441679292169e+04
1.157500000000000000e+04 1.157212441679292169e+04
1.162500000000000000e+04 1.162212441679292169e+04
1.167500000000000000e+04 1.167212441679292169e+04
1.172500000000000000e+04 1.172212441679292169e+04
1.177500000000000000e+04 1.177212441679292169e+04
1.182500000000000000e+04 1.182212441679292169e+04
1.187500000000000000e+04 1.187212441679292169e+04
1.192500000000000000e+04 1.192212441679292169e+04
1.197500000000000000e+04 1.197212441679292169e+04
1.202500000000000000e+04 1.202212441679292169e+04
1.207500000000000000e+04 1.207212441679292169e+04
1.212500000000000000e+04 1.212212441679292169e+04
1.217500000000000000e+04 1.217212441679292169e+04
1.222500000000000000e+04 1.222212441679292169e+04
1.227500000000000000e+04 1.227212441679292169e+04
1.232500000000000000e+04 1.232212441679292169e+04
1.237500000000000000e+04 1.237212441679292169e+04
1.242500000000000000e+04 1.242212441679292169e+04
1.247500000000000000e+04 1.247212441679292169e+04
1.252500000000000000e+04 1.252212441679292169e+04
1.257500000000000000e+04 1.257212441679292169e+04
1.262500000000000000e+04 1.262212441679292169e+04
1.267500000000000000e+04 1.267212441679292169e+04
1.272500000000000000e+04 1.272212441679292169e+04
1.277500000000000000e+04 1.277212441679292169e+04
1.282500000000000000e+04 1.282212441679292169e+04
1.287500000000000000e+04 1.287212441679292169e+04
1.292500000000000000e+04 1.292212441679292169e+04
1.297500000000000000e+04 1.297212441679292169e+04
1.302500000000000000e+04 1.302212441679292169e+04
1.307500000000000000e+04 1.307212441679292169e+04
1.312500000000000000e+04 1.312212441679292169e+04
1.317500000000000000e+04 1.317212441679292169e+04
1.322500000000000000e+04 1.322212441679292169e+04
1.327500000000000000e+04 1.327212441679292169e+04
1.332500000000000000e+04 1.332212441679292169e+04
1.337500000000000000e+04 1.337212441679292169e+04
1.342500000000000000e+04 1.342212441679292169e+04
1.347500000000000000e+04 1.347212441679292169e+04
1.352500000000000000e+04 1.352212441679292169e+04
1.357500000000000000e+04 1.357212441679292169e+04
1.362500000000000000e+04 1.362212441679292169e+04
1.367500000000000000e+04 1.367212441679292169e+04
1.372500000000000000e+04 1.372212441679292169e+04
1.377500000000000000e+04 1.377212441679292169e+04
1.382500000000000000e+04 1.382212441679292169e+04
1.387500000000000000e+04 1.387212441679292169e+04
1.392500000000000000e+04 1.392212441679292169e+04
1.397500000000000000e+04 1.397212441679292169e+04
1.402500000000000000e+04 1.402212441679292169e+04
1.407500000000000000e+04 1.407212441679292169e+04
1.412500000000000000e+04 1.412212441679292169e+04
1.417500000000000000e+04 1.417212441679292169e+04
1.422500000000000000e+04 1.422212441679292169e+04
1.427500000000000000e+04 1.427212441679292169e+04
1.432500000000000000e+04 1.432212441679292169e+04
1.437500000000000000e+04 1.437212441679292169e+04
1.442500000000000000e+04 1.442212441679292169e+04
1.447500000000000000e+04 1.447212441679292169e+04
1.452500000000000000e+04 1.452212441679292169e+04
1.457500000000000000e+04 1.457212441679292169e+04
1.462500000000000000e+04 1.462212441679292169e+04
1.467500000000000000e+04 1.467212441679292169e+04
1.472500000000000000e+04 1.472212441679292169e+04
1.477500000000000000e+04 1.477212441679292169e+04
1.482500000000000000e+04 1.482212441679292169e+04
1.487500000000000000e+04 1.487212441679292169e+04
1.492500000000000000e+04 1.492212441679292169e+04
1.497500000000000000e+04 1.497212441679292169e+04
1.502500000000000000e+04 1.502212441679292169e+04
1.507500000000000000e+04 1.507212441679292169e+04
1.512500000000000000e+04 1.512212441679292169e+04
1.517500000000000000e+04 1.517212441679292169e+04
1.522500000000000000e+04 1.522212441679292169e+04
1.527500000000000000e+04 1.527212441679292169e+04
1.532500000000000000e+04 1.532212441679292169e+04
1.537500000000000000e+04 1.537212441679292169e+04
1.542500000000000000e+04 1.542212441679292169e+04
1.547500000000000000e+04 1.547212441679292169e+04
1.552500000000000000e+04 1.552212441679292169e+04
1.557500000000000000e+04 1.557212441679292169e+04
1.562500000000000000e+04 1.562212441679292169e+04
1.567500000000000000e+04 1.567212441679292169e+04
1.572500000000000000e+04 1.572212441679292169e+04
1.577500000000000000e+04 1.577212441679292169e+04
1.582500000000000000e+04 1.582212441679292169e+04
1.587500000000000000e+04 1.587212441679292169e+04
1.592500000000000000e+04 1.592212441679292169e+04
1.597500000000000000e+04 1.597212441679292169e+04
1.602500000000000000e+04 1.602212441679292169e+04
1.607500000000000000e+04 1.607212441679292169e+04
1.612500000000000000e+04 1.612212441679292169e+04
1.617500000000000000e+04 1.617212441679292169e+04
1.622500000000000000e+04 1.622212441679292169e+04
1.627500000000000000e+04 1.627212441679292169e+04
1.632500000000000000e+04 1.632212441679292169e+04
1.637500000000000000e+04 1.637212441679292169e+04
1.642500000000000000e+04 1.642212441679292169e+04
1.647500000000000000e+04 1.647212441679292169e+04
1.652500000000000000e+04 1.652212441679292169e+04
1.657500000000000000e+04 1.657212441679292533e+04
1.662500000000000000e+04 1.662212441679292897e+04
1.667500000000000000e+04 1.667212441679292897e+04
1.672500000000000000e+04 1.672212441679291805e+04
1.677500000000000000e+04 1.677212441679291442e+04
1.682500000000000000e+04 1.682212441679291078e+04
1.687500000000000000e+04 1.687212441679291078e+04
1.692500000000000000e+04 1.692212441679291078e+04
1.697500000000000000e+04 1.697212441679289986e+04
1.702500000000000000e+04 1.702212441679290350e+04
1.707500000000000000e+04 1.707212441679290350e+04
1.712500000000000000e+04 1.712212441679290714e+04
1.717500000000000000e+04 1.717212441679290350e+04
1.722500000000000000e+04 1.722212441679290350e+04
1.727500000000000000e+04 1.727212441679290350e+04
1.732500000000000000e+04 1.732212441679290350e+04
1.737500000000000000e+04 1.737212441679291078e+04
1.742500000000000000e+04 1.742212441679290350e+04
1.747500000000000000e+04 1.747212441679290350e+04
1.752500000000000000e+04 1.752212441679290350e+04
1.757500000000000000e+04 1.757212441679290350e+04
1.762500000000000000e+04 1.762212441679290350e+04
1.767500000000000000e+04 1.767212441679290350e+04
1.772500000000000000e+04 1.772212441679290350e+04
1.777500000000000000e+04 1.777212441679290350e+04
1.782500000000000000e+04 1.782212441679290350e+04
1.787500000000000000e+04 1.787212441679290350e+04
1.792500000000000000e+04 1.792212441679290350e+04
1.797500000000000000e+04 1.797212441679290350e+04
1.802500000000000000e+04 1.802212441679290350e+04
1.807500000000000000e+04 1.807212441679290350e+04
1.812500000000000000e+04 1.812212441679290350e+04
1.817500000000000000e+04 1.817212441679290350e+04
1.822500000000000000e+04 1.822212441679290350e+04
1.827500000000000000e+04 1.827212441679290350e+04
1.832500000000000000e+04 1.832212441679290350e+04
1.837500000000000000e+04 1.837212441679290350e+04
1.842500000000000000e+04 1.842212441679290350e+04
1.847500000000000000e+04 1.847212441679290350e+04
1.852500000000000000e+04 1.852212441679290350e+04
1.857500000000000000e+04 1.857212441679290350e+04
1.862500000000000000e+04 1.862212441679290350e+04
1.867500000000000000e+04 1.867212441679290350e+04
1.872500000000000000e+04 1.872212441679290350e+04
1.877500000000000000e+04 1.877212441679290350e+04
1.882500000000000000e+04 1.882212441679290350e+04
1.887500000000000000e+04 1.887212441679290350e+04
1.892500000000000000e+04 1.892212441679290350e+04
1.897500000000000000e+04 1.897212441679290350e+04
1.902500000000000000e+04 1.902212441679290350e+04
1.907500000000000000e+04 1.907212441679290350e+04
1.912500000000000000e+04 1.912212441679290350e+04
1.917500000000000000e+04 1.917212441679290350e+04
1.922500000000000000e+04 1.922212441679290350e+04
1.927500000000000000e+04 1.927212441679290350e+04
1.932500000000000000e+04 1.932212441679290350e+04
1.937500000000000000e+04 1.937212441679290350e+04
1.942500000000000000e+04 1.942212441679290350e+04
1.947500000000000000e+04 1.947212441679290350e+04
1.952500000000000000e+04 1.952212441679290350e+04
1.957500000000000000e+04 1.957212441679290350e+04
1.962500000000000000e+04 1.962212441679290350e+04
1.967500000000000000e+04 1.967212441679290350e+04
1.972500000000000000e+04 1.972212441679290350e+04
1.977500000000000000e+04 1.977212441679290350e+04
1.982500000000000000e+04 1.982212441679290350e+04
1.987500000000000000e+04 1.987212441679290350e+04
1.992500000000000000e+04 1.992212441679290350e+04
