1.825000000000000000e+03 1.814485095469133512e+03
1.875000000000000000e+03 1.864485095469133512e+03
1.925000000000000000e+03 1.914485095469133057e+03
1.975000000000000000e+03 1.964485095469133512e+03
2.025000000000000000e+03 2.014485095469133512e+03
2.075000000000000000e+03 2.064485095469133284e+03
2.125000000000000000e+03 2.114485095469134649e+03
2.175000000000000000e+03 2.164485095469133739e+03
2.225000000000000000e+03 2.214485095469131920e+03
2.275000000000000000e+03 2.264485095469131920e+03
2.325000000000000000e+03 2.314485095469133739e+03
2.375000000000000000e+03 2.364485095469133739e+03
2.425000000000000000e+03 2.414485095469133739e+03
2.475000000000000000e+03 2.464485095469133739e+03
2.525000000000000000e+03 2.514485095469133739e+03
2.575000000000000000e+03 2.564485095469133739e+03
2.625000000000000000e+03 2.614485095469133739e+03
2.675000000000000000e+03 2.664485095469134649e+03
2.725000000000000000e+03 2.714485095469133739e+03
2.775000000000000000e+03 2.764485095469133739e+03
2.825000000000000000e+03 2.814485095469133739e+03
2.875000000000000000e+03 2.864485095469133739e+03
2.925000000000000000e+03 2.914485095469134649e+03
2.975000000000000000e+03 2.964485095469134649e+03
3.025000000000000000e+03 3.014485095469133739e+03
3.075000000000000000e+03 3.064485095469133739e+03
3.125000000000000000e+03 3.114485095469134649e+03
3.175000000000000000e+03 3.164485095469134649e+03
3.225000000000000000e+03 3.214485095469134649e+03
3.275000000000000000e+03 3.264485095469134649e+03
3.325000000000000000e+03 3.314485095469133739e+03
3.375000000000000000e+03 3.364485095469133739e+03
3.425000000000000000e+03 3.414485095469133739e+03
3.475000000000000000e+03 3.464485095469133739e+03
3.525000000000000000e+03 3.514485095469134649e+03
3.575000000000000000e+03 3.564485095469133739e+03
3.625000000000000000e+03 3.614485095469134649e+03
3.675000000000000000e+03 3.664485095469134649e+03
3.725000000000000000e+03 3.714485095469135558e+03
3.775000000000000000e+03 3.764485095469135558e+03
3.825000000000000000e+03 3.814485095469135558e+03
3.875000000000000000e+03 3.864485095469135558e+03
3.925000000000000000e+03 3.914485095469135558e+03
3.975000000000000000e+03 3.964485095469135558e+03
4.025000000000000000e+03 4.014485095469135558e+03
4.075000000000000000e+03 4.064485095469135558e+03
4.125000000000000000e+03 4.114485095469137377e+03
4.175000000000000000e+03 4.164485095469136468e+03
4.225000000000000000e+03 4.214485095469141925e+03
4.275000000000000000e+03 4.264485095469144653e+03
4.325000000000000000e+03 4.314485095469141925e+03
4.375000000000000000e+03 4.364485095469140106e+03
4.425000000000000000e+03 4.414485095469141015e+03
4.475000000000000000e+03 4.464485095469141015e+03
4.525000000000000000e+03 4.514485095469141015e+03
4.575000000000000000e+03 4.564485095469141015e+03
4.625000000000000000e+03 4.614485095469141015e+03
4.675000000000000000e+03 4.664485095469139196e+03
4.725000000000000000e+03 4.714485095469141015e+03
4.775000000000000000e+03 4.764485095469141015e+03
4.825000000000000000e+03 4.814485095469141015e+03
4.875000000000000000e+03 4.864485095469141015e+03
4.925000000000000000e+03 4.914485095469141015e+03
4.975000000000000000e+03 4.964485095469142834e+03
5.025000000000000000e+03 5.014485095469141015e+03
5.075000000000000000e+03 5.064485095469142834e+03
5.125000000000000000e+03 5.114485095469142834e+03
5.175000000000000000e+03 5.164485095469141015e+03
5.225000000000000000e+03 5.214485095469141015e+03
5.275000000000000000e+03 5.264485095469141015e+03
5.325000000000000000e+03 5.314485095469141015e+03
5.375000000000000000e+03 5.364485095469141015e+03
5.425000000000000000e+03 5.414485095469139196e+03
5.475000000000000000e+03 5.464485095469141015e+03
5.525000000000000000e+03 5.514485095469141015e+03
5.575000000000000000e+03 5.564485095469141015e+03
5.625000000000000000e+03 5.614485095469142834e+03
5.675000000000000000e+03 5.664485095469141015e+03
5.725000000000000000e+03 5.714485095469139196e+03
5.775000000000000000e+03 5.764485095469139196e+03
5.825000000000000000e+03 5.814485095469139196e+03
5.875000000000000000e+03 5.864485095469139196e+03
5.925000000000000000e+03 5.914485095469141015e+03
5.975000000000000000e+03 5.964485095469141015e+03
6.025000000000000000e+03 6.014485095469141015e+03
6.075000000000000000e+03 6.064485095469141015e+03
6.125000000000000000e+03 6.114485095469141015e+03
6.175000000000000000e+03 6.164485095469141015e+03
6.225000000000000000e+03 6.214485095469141015e+03
6.275000000000000000e+03 6.264485095469141015e+03
6.325000000000000000e+03 6.314485095469141015e+03
6.375000000000000000e+03 6.364485095469141015e+03
6.425000000000000000e+03 6.414485095469141015e+03
6.475000000000000000e+03 6.464485095469141015e+03
6.525000000000000000e+03 6.514485095469141015e+03
6.575000000000000000e+03 6.564485095469141015e+03
6.625000000000000000e+03 6.614485095469141015e+03
6.675000000000000000e+03 6.664485095469141015e+03
6.725000000000000000e+03 6.714485095469141015e+03
6.775000000000000000e+03 6.764485095469141015e+03
6.825000000000000000e+03 6.814485095469141015e+03
6.875000000000000000e+03 6.864485095469141015e+03
6.925000000000000000e+03 6.914485095469141015e+03
6.975000000000000000e+03 6.964485095469141015e+03
7.025000000000000000e+03 7.014485095469141015e+03
7.075000000000000000e+03 7.064485095469141015e+03
7.125000000000000000e+03 7.114485095469141015e+03
7.175000000000000000e+03 7.164485095469141015e+03
7.225000000000000000e+03 7.214485095469141015e+03
7.275000000000000000e+03 7.264485095469141015e+03
7.325000000000000000e+03 7.314485095469141015e+03
7.375000000000000000e+03 7.364485095469141015e+03
7.425000000000000000e+03 7.414485095469141015e+03
7.475000000000000000e+03 7.464485095469141015e+03
7.525000000000000000e+03 7.514485095469141015e+03
7.575000000000000000e+03 7.564485095469141015e+03
7.625000000000000000e+03 7.614485095469141015e+03
7.675000000000000000e+03 7.664485095469141015e+03
7.725000000000000000e+03 7.714485095469141015e+03
7.775000000000000000e+03 7.764485095469141015e+03
7.825000000000000000e+03 7.814485095469141015e+03
7.875000000000000000e+03 7.864485095469141015e+03
7.925000000000000000e+03 7.914485095469141015e+03
7.975000000000000000e+03 7.964485095469141015e+03
8.025000000000000000e+03 8.014485095469141015e+03
8.075000000000000000e+03 8.064485095469141015e+03
8.125000000000000000e+03 8.114485095469141015e+03
8.175000000000000000e+03 8.164485095469141015e+03
8.225000000000000000e+03 8.214485095469141015e+03
8.275000000000000000e+03 8.264485095469139196e+03
8.325000000000000000e+03 8.314485095469135558e+03
8.375000000000000000e+03 8.364485095469131920e+03
8.425000000000000000e+03 8.414485095469135558e+03
8.475000000000000000e+03 8.464485095469135558e+03
8.525000000000000000e+03 8.514485095469135558e+03
8.575000000000000000e+03 8.564485095469139196e+03
8.625000000000000000e+03 8.614485095469135558e+03
8.675000000000000000e+03 8.664485095469135558e+03
8.725000000000000000e+03 8.714485095469131920e+03
8.775000000000000000e+03 8.764485095469131920e+03
8.825000000000000000e+03 8.814485095469131920e+03
8.875000000000000000e+03 8.864485095469135558e+03
8.925000000000000000e+03 8.914485095469131920e+03
8.975000000000000000e+03 8.964485095469128282e+03
9.025000000000000000e+03 9.014485095469128282e+03
9.075000000000000000e+03 9.064485095469128282e+03
9.125000000000000000e+03 9.114485095469131920e+03
9.175000000000000000e+03 9.164485095469131920e+03
9.225000000000000000e+03 9.214485095469131920e+03
9.275000000000000000e+03 9.264485095469128282e+03
9.325000000000000000e+03 9.314485095469131920e+03
9.375000000000000000e+03 9.364485095469131920e+03
9.425000000000000000e+03 9.414485095469135558e+03
9.475000000000000000e+03 9.464485095469131920e+03
9.525000000000000000e+03 9.514485095469135558e+03
9.575000000000000000e+03 9.564485095469135558e+03
9.625000000000000000e+03 9.614485095469131920e+03
9.675000000000000000e+03 9.664485095469131920e+03
9.725000000000000000e+03 9.714485095469131920e+03
9.775000000000000000e+03 9.764485095469135558e+03
9.825000000000000000e+03 9.814485095469135558e+03
9.875000000000000000e+03 9.864485095469135558e+03
9.925000000000000000e+03 9.914485095469135558e+03
9.975000000000000000e+03 9.964485095469135558e+03
1.002500000000000000e+04 1.001448509546913920e+04
1.007500000000000000e+04 1.006448509546913920e+04
1.012500000000000000e+04 1.011448509546913920e+04
1.017500000000000000e+04 1.016448509546913920e+04
1.022500000000000000e+04 1.021448509546913920e+04
1.027500000000000000e+04 1.026448509546913920e+04
1.032500000000000000e+04 1.031448509546913920e+04
1.037500000000000000e+04 1.036448509546913920e+04
1.042500000000000000e+04 1.041448509546913920e+04
1.047500000000000000e+04 1.046448509546913920e+04
1.052500000000000000e+04 1.051448509546913920e+04
1.057500000000000000e+04 1.056448509546913920e+04
1.062500000000000000e+04 1.061448509546913920e+04
1.067500000000000000e+04 1.066448509546913920e+04
1.072500000000000000e+04 1.071448509546913920e+04
1.077500000000000000e+04 1.076448509546913920e+04
1.082500000000000000e+04 1.081448509546913920e+04
1.087500000000000000e+04 1.086448509546913920e+04
1.092500000000000000e+04 1.091448509546913920e+04
1.097500000000000000e+04 1.096448509546913920e+04
1.102500000000000000e+04 1.101448509546913920e+04
1.107500000000000000e+04 1.106448509546913920e+04
1.112500000000000000e+04 1.111448509546913920e+04
1.117500000000000000e+04 1.116448509546913920e+04
1.122500000000000000e+04 1.121448509546913920e+04
1.127500000000000000e+04 1.126448509546913920e+04
1.132500000000000000e+04 1.131448509546913920e+04
1.137500000000000000e+04 1.136448509546913920e+04
1.142500000000000000e+04 1.141448509546913920e+04
1.147500000000000000e+04 1.146448509546913920e+04
1.152500000000000000e+04 1.151448509546913920e+04
1.157500000000000000e+04 1.156448509546913920e+04
1.162500000000000000e+04 1.161448509546913920e+04
1.167500000000000000e+04 1.166448509546913920e+04
1.172500000000000000e+04 1.171448509546913920e+04
1.177500000000000000e+04 1.176448509546913920e+04
1.182500000000000000e+04 1.181448509546913920e+04
1.187500000000000000e+04 1.186448509546913920e+04
1.192500000000000000e+04 1.191448509546913920e+04
1.197500000000000000e+04 1.196448509546913920e+04
1.202500000000000000e+04 1.201448509546913920e+04
1.207500000000000000e+04 1.206448509546913920e+04
1.212500000000000000e+04 1.211448509546913920e+04
1.217500000000000000e+04 1.216448509546913920e+04
1.222500000000000000e+04 1.221448509546913920e+04
1.227500000000000000e+04 1.226448509546913920e+04
1.232500000000000000e+04 1.231448509546913920e+04
1.237500000000000000e+04 1.236448509546913920e+04
1.242500000000000000e+04 1.241448509546913920e+04
1.247500000000000000e+04 1.246448509546913920e+04
1.252500000000000000e+04 1.251448509546913920e+04
1.257500000000000000e+04 1.256448509546913920e+04
1.262500000000000000e+04 1.261448509546913920e+04
1.267500000000000000e+04 1.266448509546913920e+04
1.272500000000000000e+04 1.271448509546913920e+04
1.277500000000000000e+04 1.276448509546913920e+04
1.282500000000000000e+04 1.281448509546913920e+04
1.287500000000000000e+04 1.286448509546913920e+04
1.292500000000000000e+04 1.291448509546913920e+04
1.297500000000000000e+04 1.296448509546913920e+04
1.302500000000000000e+04 1.301448509546913920e+04
1.307500000000000000e+04 1.306448509546913920e+04
1.312500000000000000e+04 1.311448509546913920e+04
1.317500000000000000e+04 1.316448509546913920e+04
1.322500000000000000e+04 1.321448509546913920e+04
1.327500000000000000e+04 1.326448509546913920e+04
1.332500000000000000e+04 1.331448509546913920e+04
1.337500000000000000e+04 1.336448509546913920e+04
1.342500000000000000e+04 1.341448509546913920e+04
1.347500000000000000e+04 1.346448509546913920e+04
1.352500000000000000e+04 1.351448509546913920e+04
1.357500000000000000e+04 1.356448509546913920e+04
1.362500000000000000e+04 1.361448509546913920e+04
1.367500000000000000e+04 1.366448509546913920e+04
1.372500000000000000e+04 1.371448509546913920e+04
1.377500000000000000e+04 1.376448509546913920e+04
1.382500000000000000e+04 1.381448509546913920e+04
1.387500000000000000e+04 1.386448509546913920e+04
1.392500000000000000e+04 1.391448509546913920e+04
1.397500000000000000e+04 1.396448509546913920e+04
1.402500000000000000e+04 1.401448509546913920e+04
1.407500000000000000e+04 1.406448509546913920e+04
1.412500000000000000e+04 1.411448509546913920e+04
1.417500000000000000e+04 1.416448509546913920e+04
1.422500000000000000e+04 1.421448509546913920e+04
1.427500000000000000e+04 1.426448509546913920e+04
1.432500000000000000e+04 1.431448509546913920e+04
1.437500000000000000e+04 1.436448509546913920e+04
1.442500000000000000e+04 1.441448509546913920e+04
1.447500000000000000e+04 1.446448509546913920e+04
1.452500000000000000e+04 1.451448509546913920e+04
1.457500000000000000e+04 1.456448509546913920e+04
1.462500000000000000e+04 1.461448509546913920e+04
1.467500000000000000e+04 1.466448509546913920e+04
1.472500000000000000e+04 1.471448509546913920e+04
1.477500000000000000e+04 1.476448509546913920e+04
1.482500000000000000e+04 1.481448509546913920e+04
1.487500000000000000e+04 1.486448509546913920e+04
1.492500000000000000e+04 1.491448509546913920e+04
1.497500000000000000e+04 1.496448509546913920e+04
1.502500000000000000e+04 1.501448509546913920e+04
1.507500000000000000e+04 1.506448509546913920e+04
1.512500000000000000e+04 1.511448509546913920e+04
1.517500000000000000e+04 1.516448509546913920e+04
1.522500000000000000e+04 1.521448509546913920e+04
1.527500000000000000e+04 1.526448509546913920e+04
1.532500000000000000e+04 1.531448509546913920e+04
1.537500000000000000e+04 1.536448509546913920e+04
1.542500000000000000e+04 1.541448509546913920e+04
1.547500000000000000e+04 1.546448509546913920e+04
1.552500000000000000e+04 1.551448509546913920e+04
1.557500000000000000e+04 1.556448509546913920e+04
1.562500000000000000e+04 1.561448509546913920e+04
1.567500000000000000e+04 1.566448509546913920e+04
1.572500000000000000e+04 1.571448509546913920e+04
1.577500000000000000e+04 1.576448509546913920e+04
1.582500000000000000e+04 1.581448509546913920e+04
1.587500000000000000e+04 1.586448509546913920e+04
1.592500000000000000e+04 1.591448509546913920e+04
1.597500000000000000e+04 1.596448509546913920e+04
1.602500000000000000e+04 1.601448509546913920e+04
1.607500000000000000e+04 1.606448509546913920e+04
1.612500000000000000e+04 1.611448509546913920e+04
1.617500000000000000e+04 1.616448509546913920e+04
1.622500000000000000e+04 1.621448509546913920e+04
1.627500000000000000e+04 1.626448509546913920e+04
1.632500000000000000e+04 1.631448509546913920e+04
1.637500000000000000e+04 1.636448509546913920e+04
1.642500000000000000e+04 1.641448509546913556e+04
1.647500000000000000e+04 1.646448509546913920e+04
1.652500000000000000e+04 1.651448509546914647e+04
1.657500000000000000e+04 1.656448509546915011e+04
1.662500000000000000e+04 1.661448509546915011e+04
1.667500000000000000e+04 1.666448509546915011e+04
1.672500000000000000e+04 1.671448509546915011e+04
1.677500000000000000e+04 1.676448509546915011e+04
1.682500000000000000e+04 1.681448509546915011e+04
1.687500000000000000e+04 1.686448509546915011e+04
1.692500000000000000e+04 1.691448509546915011e+04
1.697500000000000000e+04 1.696448509546915011e+04
1.702500000000000000e+04 1.701448509546915011e+04
1.707500000000000000e+04 1.706448509546915011e+04
1.712500000000000000e+04 1.711448509546914283e+04
1.717500000000000000e+04 1.716448509546915011e+04
1.722500000000000000e+04 1.721448509546915011e+04
1.727500000000000000e+04 1.726448509546915011e+04
1.732500000000000000e+04 1.731448509546914283e+04
1.737500000000000000e+04 1.736448509546914283e+04
1.742500000000000000e+04 1.741448509546914283e+04
1.747500000000000000e+04 1.746448509546914283e+04
1.752500000000000000e+04 1.751448509546914283e+04
1.757500000000000000e+04 1.756448509546914283e+04
1.762500000000000000e+04 1.761448509546915011e+04
1.767500000000000000e+04 1.766448509546915011e+04
1.772500000000000000e+04 1.771448509546915011e+04
1.777500000000000000e+04 1.776448509546915011e+04
1.782500000000000000e+04 1.781448509546914283e+04
1.787500000000000000e+04 1.786448509546914283e+04
1.792500000000000000e+04 1.791448509546914283e+04
1.797500000000000000e+04 1.796448509546914283e+04
1.802500000000000000e+04 1.801448509546914283e+04
1.807500000000000000e+04 1.806448509546914283e+04
1.812500000000000000e+04 1.811448509546914283e+04
1.817500000000000000e+04 1.816448509546914283e+04
1.822500000000000000e+04 1.821448509546913556e+04
1.827500000000000000e+04 1.826448509546913556e+04
1.832500000000000000e+04 1.831448509546913556e+04
1.837500000000000000e+04 1.836448509546913556e+04
1.842500000000000000e+04 1.841448509546913556e+04
1.847500000000000000e+04 1.846448509546913556e+04
1.852500000000000000e+04 1.851448509546913556e+04
1.857500000000000000e+04 1.856448509546913556e+04
1.862500000000000000e+04 1.861448509546913556e+04
1.867500000000000000e+04 1.866448509546913556e+04
1.872500000000000000e+04 1.871448509546913556e+04
1.877500000000000000e+04 1.876448509546913556e+04
1.882500000000000000e+04 1.881448509546913556e+04
1.887500000000000000e+04 1.886448509546913556e+04
1.892500000000000000e+04 1.891448509546913556e+04
1.897500000000000000e+04 1.896448509546913556e+04
1.902500000000000000e+04 1.901448509546913556e+04
1.907500000000000000e+04 1.906448509546913556e+04
1.912500000000000000e+04 1.911448509546913556e+04
1.917500000000000000e+04 1.916448509546913556e+04
1.922500000000000000e+04 1.921448509546913556e+04
1.927500000000000000e+04 1.926448509546913556e+04
1.932500000000000000e+04 1.931448509546913556e+04
1.937500000000000000e+04 1.936448509546913556e+04
1.942500000000000000e+04 1.941448509546913556e+04
1.947500000000000000e+04 1.946448509546913556e+04
1.952500000000000000e+04 1.951448509546913556e+04
1.957500000000000000e+04 1.956448509546913556e+04
1.962500000000000000e+04 1.961448509546913556e+04
1.967500000000000000e+04 1.966448509546913556e+04
1.972500000000000000e+04 1.971448509546913556e+04
1.977500000000000000e+04 1.976448509546913556e+04
1.982500000000000000e+04 1.981448509546913556e+04
1.987500000000000000e+04 1.986448509546913556e+04
1.992500000000000000e+04 1.991448509546913556e+04
