2.025000000000000000e+03 1.972844985893097601e+03
2.075000000000000000e+03 2.022844985893097601e+03
2.125000000000000000e+03 2.072844985893096691e+03
2.175000000000000000e+03 2.122844985893096236e+03
2.225000000000000000e+03 2.172844985893096236e+03
2.275000000000000000e+03 2.222844985893094417e+03
2.325000000000000000e+03 2.272844985893095327e+03
2.375000000000000000e+03 2.322844985893096236e+03
2.425000000000000000e+03 2.372844985893097146e+03
2.475000000000000000e+03 2.422844985893097146e+03
2.525000000000000000e+03 2.472844985893097146e+03
2.575000000000000000e+03 2.522844985893097146e+03
2.625000000000000000e+03 2.572844985893098965e+03
2.675000000000000000e+03 2.622844985893098055e+03
2.725000000000000000e+03 2.672844985893098055e+03
2.775000000000000000e+03 2.722844985893098055e+03
2.825000000000000000e+03 2.772844985893098055e+03
2.875000000000000000e+03 2.822844985893097146e+03
2.925000000000000000e+03 2.872844985893098055e+03
2.975000000000000000e+03 2.922844985893097146e+03
3.025000000000000000e+03 2.972844985893097146e+03
3.075000000000000000e+03 3.022844985893097146e+03
3.125000000000000000e+03 3.072844985893097146e+03
3.175000000000000000e+03 3.122844985893097146e+03
3.225000000000000000e+03 3.172844985893097146e+03
3.275000000000000000e+03 3.222844985893097146e+03
3.325000000000000000e+03 3.272844985893097146e+03
3.375000000000000000e+03 3.322844985893097146e+03
3.425000000000000000e+03 3.372844985893097146e+03
3.475000000000000000e+03 3.422844985893097146e+03
3.525000000000000000e+03 3.472844985893097146e+03
3.575000000000000000e+03 3.522844985893098055e+03
3.625000000000000000e+03 3.572844985893098055e+03
3.675000000000000000e+03 3.622844985893098965e+03
3.725000000000000000e+03 3.672844985893098965e+03
3.775000000000000000e+03 3.722844985893098965e+03
3.825000000000000000e+03 3.772844985893098965e+03
3.875000000000000000e+03 3.822844985893098965e+03
3.925000000000000000e+03 3.872844985893098965e+03
3.975000000000000000e+03 3.922844985893097146e+03
4.025000000000000000e+03 3.972844985893097146e+03
4.075000000000000000e+03 4.022844985893098055e+03
4.125000000000000000e+03 4.072844985893098055e+03
4.175000000000000000e+03 4.122844985893099874e+03
4.225000000000000000e+03 4.172844985893101693e+03
4.275000000000000000e+03 4.222844985893100784e+03
4.325000000000000000e+03 4.272844985893100784e+03
4.375000000000000000e+03 4.322844985893098055e+03
4.425000000000000000e+03 4.372844985893097146e+03
4.475000000000000000e+03 4.422844985893097146e+03
4.525000000000000000e+03 4.472844985893097146e+03
4.575000000000000000e+03 4.522844985893095327e+03
4.625000000000000000e+03 4.572844985893097146e+03
4.675000000000000000e+03 4.622844985893097146e+03
4.725000000000000000e+03 4.672844985893098965e+03
4.775000000000000000e+03 4.722844985893097146e+03
4.825000000000000000e+03 4.772844985893097146e+03
4.875000000000000000e+03 4.822844985893097146e+03
4.925000000000000000e+03 4.872844985893098965e+03
4.975000000000000000e+03 4.922844985893098965e+03
5.025000000000000000e+03 4.972844985893100784e+03
5.075000000000000000e+03 5.022844985893100784e+03
5.125000000000000000e+03 5.072844985893098965e+03
5.175000000000000000e+03 5.122844985893098965e+03
5.225000000000000000e+03 5.172844985893098965e+03
5.275000000000000000e+03 5.222844985893098965e+03
5.325000000000000000e+03 5.272844985893098965e+03
5.375000000000000000e+03 5.322844985893100784e+03
5.425000000000000000e+03 5.372844985893098965e+03
5.475000000000000000e+03 5.422844985893098965e+03
5.525000000000000000e+03 5.472844985893097146e+03
5.575000000000000000e+03 5.522844985893097146e+03
5.625000000000000000e+03 5.572844985893097146e+03
5.675000000000000000e+03 5.622844985893097146e+03
5.725000000000000000e+03 5.672844985893095327e+03
5.775000000000000000e+03 5.722844985893095327e+03
5.825000000000000000e+03 5.772844985893095327e+03
5.875000000000000000e+03 5.822844985893095327e+03
5.925000000000000000e+03 5.872844985893095327e+03
5.975000000000000000e+03 5.922844985893097146e+03
6.025000000000000000e+03 5.972844985893098965e+03
6.075000000000000000e+03 6.022844985893098965e+03
6.125000000000000000e+03 6.072844985893098965e+03
6.175000000000000000e+03 6.122844985893098965e+03
6.225000000000000000e+03 6.172844985893098965e+03
6.275000000000000000e+03 6.222844985893098965e+03
6.325000000000000000e+03 6.272844985893098965e+03
6.375000000000000000e+03 6.322844985893098965e+03
6.425000000000000000e+03 6.372844985893098965e+03
6.475000000000000000e+03 6.422844985893098965e+03
6.525000000000000000e+03 6.472844985893098965e+03
6.575000000000000000e+03 6.522844985893098965e+03
6.625000000000000000e+03 6.572844985893098965e+03
6.675000000000000000e+03 6.622844985893098965e+03
6.725000000000000000e+03 6.672844985893098965e+03
6.775000000000000000e+03 6.722844985893098965e+03
6.825000000000000000e+03 6.772844985893098965e+03
6.875000000000000000e+03 6.822844985893098965e+03
6.925000000000000000e+03 6.872844985893098965e+03
6.975000000000000000e+03 6.922844985893098965e+03
7.025000000000000000e+03 6.972844985893098965e+03
7.075000000000000000e+03 7.022844985893098965e+03
7.125000000000000000e+03 7.072844985893098965e+03
7.175000000000000000e+03 7.122844985893098965e+03
7.225000000000000000e+03 7.172844985893098965e+03
7.275000000000000000e+03 7.222844985893098965e+03
7.325000000000000000e+03 7.272844985893098965e+03
7.375000000000000000e+03 7.322844985893098965e+03
7.425000000000000000e+03 7.372844985893098965e+03
7.475000000000000000e+03 7.422844985893098965e+03
7.525000000000000000e+03 7.472844985893098965e+03
7.575000000000000000e+03 7.522844985893098965e+03
7.625000000000000000e+03 7.572844985893098965e+03
7.675000000000000000e+03 7.622844985893098965e+03
7.725000000000000000e+03 7.672844985893098965e+03
7.775000000000000000e+03 7.722844985893098965e+03
7.825000000000000000e+03 7.772844985893098965e+03
7.875000000000000000e+03 7.822844985893098965e+03
7.925000000000000000e+03 7.872844985893098965e+03
7.975000000000000000e+03 7.922844985893098965e+03
8.025000000000000000e+03 7.972844985893098965e+03
8.075000000000000000e+03 8.022844985893098965e+03
8.125000000000000000e+03 8.072844985893098965e+03
8.175000000000000000e+03 8.122844985893098965e+03
8.225000000000000000e+03 8.172844985893098965e+03
8.275000000000000000e+03 8.222844985893098055e+03
8.325000000000000000e+03 8.272844985893098055e+03
8.375000000000000000e+03 8.322844985893098055e+03
8.425000000000000000e+03 8.372844985893099874e+03
8.475000000000000000e+03 8.422844985893103512e+03
8.525000000000000000e+03 8.472844985893101693e+03
8.575000000000000000e+03 8.522844985893101693e+03
8.625000000000000000e+03 8.572844985893101693e+03
8.675000000000000000e+03 8.622844985893103512e+03
8.725000000000000000e+03 8.672844985893096236e+03
8.775000000000000000e+03 8.722844985893092598e+03
8.825000000000000000e+03 8.772844985893096236e+03
8.875000000000000000e+03 8.822844985893099874e+03
8.925000000000000000e+03 8.872844985893096236e+03
8.975000000000000000e+03 8.922844985893099874e+03
9.025000000000000000e+03 8.972844985893103512e+03
9.075000000000000000e+03 9.022844985893103512e+03
9.125000000000000000e+03 9.072844985893103512e+03
9.175000000000000000e+03 9.122844985893103512e+03
9.225000000000000000e+03 9.172844985893107150e+03
9.275000000000000000e+03 9.222844985893103512e+03
9.325000000000000000e+03 9.272844985893103512e+03
9.375000000000000000e+03 9.322844985893103512e+03
9.425000000000000000e+03 9.372844985893099874e+03
9.475000000000000000e+03 9.422844985893096236e+03
9.525000000000000000e+03 9.472844985893096236e+03
9.575000000000000000e+03 9.522844985893096236e+03
9.625000000000000000e+03 9.572844985893096236e+03
9.675000000000000000e+03 9.622844985893096236e+03
9.725000000000000000e+03 9.672844985893096236e+03
9.775000000000000000e+03 9.722844985893099874e+03
9.825000000000000000e+03 9.772844985893099874e+03
9.875000000000000000e+03 9.822844985893099874e+03
9.925000000000000000e+03 9.872844985893099874e+03
9.975000000000000000e+03 9.922844985893099874e+03
1.002500000000000000e+04 9.972844985893099874e+03
1.007500000000000000e+04 1.002284498589309624e+04
1.012500000000000000e+04 1.007284498589309624e+04
1.017500000000000000e+04 1.012284498589309624e+04
1.022500000000000000e+04 1.017284498589309624e+04
1.027500000000000000e+04 1.022284498589309624e+04
1.032500000000000000e+04 1.027284498589309624e+04
1.037500000000000000e+04 1.032284498589309624e+04
1.042500000000000000e+04 1.037284498589309624e+04
1.047500000000000000e+04 1.042284498589309624e+04
1.052500000000000000e+04 1.047284498589309624e+04
1.057500000000000000e+04 1.052284498589309624e+04
1.062500000000000000e+04 1.057284498589309624e+04
1.067500000000000000e+04 1.062284498589309624e+04
1.072500000000000000e+04 1.067284498589309624e+04
1.077500000000000000e+04 1.072284498589309624e+04
1.082500000000000000e+04 1.077284498589309624e+04
1.087500000000000000e+04 1.082284498589309624e+04
1.092500000000000000e+04 1.087284498589309624e+04
1.097500000000000000e+04 1.092284498589309624e+04
1.102500000000000000e+04 1.097284498589309624e+04
1.107500000000000000e+04 1.102284498589309624e+04
1.112500000000000000e+04 1.107284498589309624e+04
1.117500000000000000e+04 1.112284498589309624e+04
1.122500000000000000e+04 1.117284498589309624e+04
1.127500000000000000e+04 1.122284498589309624e+04
1.132500000000000000e+04 1.127284498589309624e+04
1.137500000000000000e+04 1.132284498589309624e+04
1.142500000000000000e+04 1.137284498589309624e+04
1.147500000000000000e+04 1.142284498589309624e+04
1.152500000000000000e+04 1.147284498589309624e+04
1.157500000000000000e+04 1.152284498589309624e+04
1.162500000000000000e+04 1.157284498589309624e+04
1.167500000000000000e+04 1.162284498589309624e+04
1.172500000000000000e+04 1.167284498589309624e+04
1.177500000000000000e+04 1.172284498589309624e+04
1.182500000000000000e+04 1.177284498589309624e+04
1.187500000000000000e+04 1.182284498589309624e+04
1.192500000000000000e+04 1.187284498589309624e+04
1.197500000000000000e+04 1.192284498589309624e+04
1.202500000000000000e+04 1.197284498589309624e+04
1.207500000000000000e+04 1.202284498589309624e+04
1.212500000000000000e+04 1.207284498589309624e+04
1.217500000000000000e+04 1.212284498589309624e+04
1.222500000000000000e+04 1.217284498589309624e+04
1.227500000000000000e+04 1.222284498589309624e+04
1.232500000000000000e+04 1.227284498589309624e+04
1.237500000000000000e+04 1.232284498589309624e+04
1.242500000000000000e+04 1.237284498589309624e+04
1.247500000000000000e+04 1.242284498589309624e+04
1.252500000000000000e+04 1.247284498589309624e+04
1.257500000000000000e+04 1.252284498589309624e+04
1.262500000000000000e+04 1.257284498589309624e+04
1.267500000000000000e+04 1.262284498589309624e+04
1.272500000000000000e+04 1.267284498589309624e+04
1.277500000000000000e+04 1.272284498589309624e+04
1.282500000000000000e+04 1.277284498589309624e+04
1.287500000000000000e+04 1.282284498589309624e+04
1.292500000000000000e+04 1.287284498589309624e+04
1.297500000000000000e+04 1.292284498589309624e+04
1.302500000000000000e+04 1.297284498589309624e+04
1.307500000000000000e+04 1.302284498589309624e+04
1.312500000000000000e+04 1.307284498589309624e+04
1.317500000000000000e+04 1.312284498589309624e+04
1.322500000000000000e+04 1.317284498589309624e+04
1.327500000000000000e+04 1.322284498589309624e+04
1.332500000000000000e+04 1.327284498589309624e+04
1.337500000000000000e+04 1.332284498589309624e+04
1.342500000000000000e+04 1.337284498589309624e+04
1.347500000000000000e+04 1.342284498589309624e+04
1.352500000000000000e+04 1.347284498589309624e+04
1.357500000000000000e+04 1.352284498589309624e+04
1.362500000000000000e+04 1.357284498589309624e+04
1.367500000000000000e+04 1.362284498589309624e+04
1.372500000000000000e+04 1.367284498589309624e+04
1.377500000000000000e+04 1.372284498589309624e+04
1.382500000000000000e+04 1.377284498589309624e+04
1.387500000000000000e+04 1.382284498589309624e+04
1.392500000000000000e+04 1.387284498589309624e+04
1.397500000000000000e+04 1.392284498589309624e+04
1.402500000000000000e+04 1.397284498589309624e+04
1.407500000000000000e+04 1.402284498589309624e+04
1.412500000000000000e+04 1.407284498589309624e+04
1.417500000000000000e+04 1.412284498589309624e+04
1.422500000000000000e+04 1.417284498589309624e+04
1.427500000000000000e+04 1.422284498589309624e+04
1.432500000000000000e+04 1.427284498589309624e+04
1.437500000000000000e+04 1.432284498589309624e+04
1.442500000000000000e+04 1.437284498589309624e+04
1.447500000000000000e+04 1.442284498589309624e+04
1.452500000000000000e+04 1.447284498589309624e+04
1.457500000000000000e+04 1.452284498589309624e+04
1.462500000000000000e+04 1.457284498589309624e+04
1.467500000000000000e+04 1.462284498589309624e+04
1.472500000000000000e+04 1.467284498589309624e+04
1.477500000000000000e+04 1.472284498589309624e+04
1.482500000000000000e+04 1.477284498589309624e+04
1.487500000000000000e+04 1.482284498589309624e+04
1.492500000000000000e+04 1.487284498589309624e+04
1.497500000000000000e+04 1.492284498589309624e+04
1.502500000000000000e+04 1.497284498589309624e+04
1.507500000000000000e+04 1.502284498589309624e+04
1.512500000000000000e+04 1.507284498589309624e+04
1.517500000000000000e+04 1.512284498589309624e+04
1.522500000000000000e+04 1.517284498589309624e+04
1.527500000000000000e+04 1.522284498589309624e+04
1.532500000000000000e+04 1.527284498589309624e+04
1.537500000000000000e+04 1.532284498589309624e+04
1.542500000000000000e+04 1.537284498589309624e+04
1.547500000000000000e+04 1.542284498589309624e+04
1.552500000000000000e+04 1.547284498589309624e+04
1.557500000000000000e+04 1.552284498589309624e+04
1.562500000000000000e+04 1.557284498589309624e+04
1.567500000000000000e+04 1.562284498589309624e+04
1.572500000000000000e+04 1.567284498589309624e+04
1.577500000000000000e+04 1.572284498589309624e+04
1.582500000000000000e+04 1.577284498589309624e+04
1.587500000000000000e+04 1.582284498589309624e+04
1.592500000000000000e+04 1.587284498589309624e+04
1.597500000000000000e+04 1.592284498589309624e+04
1.602500000000000000e+04 1.597284498589309624e+04
1.607500000000000000e+04 1.602284498589309624e+04
1.612500000000000000e+04 1.607284498589309624e+04
1.617500000000000000e+04 1.612284498589309624e+04
1.622500000000000000e+04 1.617284498589309624e+04
1.627500000000000000e+04 1.622284498589309624e+04
1.632500000000000000e+04 1.627284498589309624e+04
1.637500000000000000e+04 1.632284498589309624e+04
1.642500000000000000e+04 1.637284498589309624e+04
1.647500000000000000e+04 1.642284498589309442e+04
1.652500000000000000e+04 1.647284498589310169e+04
1.657500000000000000e+04 1.652284498589310169e+04
1.662500000000000000e+04 1.657284498589310169e+04
1.667500000000000000e+04 1.662284498589310169e+04
1.672500000000000000e+04 1.667284498589310169e+04
1.677500000000000000e+04 1.672284498589310533e+04
1.682500000000000000e+04 1.677284498589310533e+04
1.687500000000000000e+04 1.682284498589310533e+04
1.692500000000000000e+04 1.687284498589311261e+04
1.697500000000000000e+04 1.692284498589310533e+04
1.702500000000000000e+04 1.697284498589309806e+04
1.707500000000000000e+04 1.702284498589309806e+04
1.712500000000000000e+04 1.707284498589309806e+04
1.717500000000000000e+04 1.712284498589309078e+04
1.722500000000000000e+04 1.717284498589309078e+04
1.727500000000000000e+04 1.722284498589308350e+04
1.732500000000000000e+04 1.727284498589308350e+04
1.737500000000000000e+04 1.732284498589307623e+04
1.742500000000000000e+04 1.737284498589306895e+04
1.747500000000000000e+04 1.742284498589306895e+04
1.752500000000000000e+04 1.747284498589306895e+04
1.757500000000000000e+04 1.752284498589306895e+04
1.762500000000000000e+04 1.757284498589306895e+04
1.767500000000000000e+04 1.762284498589306895e+04
1.772500000000000000e+04 1.767284498589307623e+04
1.777500000000000000e+04 1.772284498589306895e+04
1.782500000000000000e+04 1.777284498589306895e+04
1.787500000000000000e+04 1.782284498589307623e+04
1.792500000000000000e+04 1.787284498589306895e+04
1.797500000000000000e+04 1.792284498589306895e+04
1.802500000000000000e+04 1.797284498589306895e+04
1.807500000000000000e+04 1.802284498589307623e+04
1.812500000000000000e+04 1.807284498589307623e+04
1.817500000000000000e+04 1.812284498589307623e+04
1.822500000000000000e+04 1.817284498589307623e+04
1.827500000000000000e+04 1.822284498589307623e+04
1.832500000000000000e+04 1.827284498589307623e+04
1.837500000000000000e+04 1.832284498589307623e+04
1.842500000000000000e+04 1.837284498589307623e+04
1.847500000000000000e+04 1.842284498589307623e+04
1.852500000000000000e+04 1.847284498589307623e+04
1.857500000000000000e+04 1.852284498589307623e+04
1.862500000000000000e+04 1.857284498589307623e+04
1.867500000000000000e+04 1.862284498589307623e+04
1.872500000000000000e+04 1.867284498589307623e+04
1.877500000000000000e+04 1.872284498589307623e+04
1.882500000000000000e+04 1.877284498589307623e+04
1.887500000000000000e+04 1.882284498589307623e+04
1.892500000000000000e+04 1.887284498589307623e+04
1.897500000000000000e+04 1.892284498589307623e+04
1.902500000000000000e+04 1.897284498589307623e+04
1.907500000000000000e+04 1.902284498589307623e+04
1.912500000000000000e+04 1.907284498589307623e+04
1.917500000000000000e+04 1.912284498589307623e+04
1.922500000000000000e+04 1.917284498589307623e+04
1.927500000000000000e+04 1.922284498589307623e+04
1.932500000000000000e+04 1.927284498589307623e+04
1.937500000000000000e+04 1.932284498589307623e+04
1.942500000000000000e+04 1.937284498589307623e+04
1.947500000000000000e+04 1.942284498589307623e+04
1.952500000000000000e+04 1.947284498589307623e+04
1.957500000000000000e+04 1.952284498589307623e+04
1.962500000000000000e+04 1.957284498589307623e+04
1.967500000000000000e+04 1.962284498589307623e+04
1.972500000000000000e+04 1.967284498589307623e+04
1.977500000000000000e+04 1.972284498589307623e+04
1.982500000000000000e+04 1.977284498589307623e+04
1.987500000000000000e+04 1.982284498589307623e+04
1.992500000000000000e+04 1.987284498589307623e+04
