1.225000000000000000e+03 1.193706991535857696e+03
1.275000000000000000e+03 1.243706991535858151e+03
1.325000000000000000e+03 1.293706991535858606e+03
1.375000000000000000e+03 1.343706991535858606e+03
1.425000000000000000e+03 1.393706991535859061e+03
1.475000000000000000e+03 1.443706991535859061e+03
1.525000000000000000e+03 1.493706991535858606e+03
1.575000000000000000e+03 1.543706991535858606e+03
1.625000000000000000e+03 1.593706991535859061e+03
1.675000000000000000e+03 1.643706991535859061e+03
1.725000000000000000e+03 1.693706991535859061e+03
1.775000000000000000e+03 1.743706991535858606e+03
1.825000000000000000e+03 1.793706991535858606e+03
1.875000000000000000e+03 1.843706991535858606e+03
1.925000000000000000e+03 1.893706991535858151e+03
1.975000000000000000e+03 1.943706991535857696e+03
2.025000000000000000e+03 1.993706991535858151e+03
2.075000000000000000e+03 2.043706991535858151e+03
2.125000000000000000e+03 2.093706991535859288e+03
2.175000000000000000e+03 2.143706991535859288e+03
2.225000000000000000e+03 2.193706991535859288e+03
2.275000000000000000e+03 2.243706991535857469e+03
2.325000000000000000e+03 2.293706991535857469e+03
2.375000000000000000e+03 2.343706991535857469e+03
2.425000000000000000e+03 2.393706991535856559e+03
2.475000000000000000e+03 2.443706991535856559e+03
2.525000000000000000e+03 2.493706991535856559e+03
2.575000000000000000e+03 2.543706991535857469e+03
2.625000000000000000e+03 2.593706991535855650e+03
2.675000000000000000e+03 2.643706991535855650e+03
2.725000000000000000e+03 2.693706991535854741e+03
2.775000000000000000e+03 2.743706991535854741e+03
2.825000000000000000e+03 2.793706991535853831e+03
2.875000000000000000e+03 2.843706991535853831e+03
2.925000000000000000e+03 2.893706991535853831e+03
2.975000000000000000e+03 2.943706991535853831e+03
3.025000000000000000e+03 2.993706991535853831e+03
3.075000000000000000e+03 3.043706991535854741e+03
3.125000000000000000e+03 3.093706991535853831e+03
3.175000000000000000e+03 3.143706991535854741e+03
3.225000000000000000e+03 3.193706991535853831e+03
3.275000000000000000e+03 3.243706991535854741e+03
3.325000000000000000e+03 3.293706991535854741e+03
3.375000000000000000e+03 3.343706991535854741e+03
3.425000000000000000e+03 3.393706991535854741e+03
3.475000000000000000e+03 3.443706991535854741e+03
3.525000000000000000e+03 3.493706991535854741e+03
3.575000000000000000e+03 3.543706991535854741e+03
3.625000000000000000e+03 3.593706991535854741e+03
3.675000000000000000e+03 3.643706991535854741e+03
3.725000000000000000e+03 3.693706991535854741e+03
3.775000000000000000e+03 3.743706991535854741e+03
3.825000000000000000e+03 3.793706991535854741e+03
3.875000000000000000e+03 3.843706991535854741e+03
3.925000000000000000e+03 3.893706991535854741e+03
3.975000000000000000e+03 3.943706991535854741e+03
4.025000000000000000e+03 3.993706991535854741e+03
4.075000000000000000e+03 4.043706991535854741e+03
4.125000000000000000e+03 4.093706991535854741e+03
4.175000000000000000e+03 4.143706991535855195e+03
4.225000000000000000e+03 4.193706991535854286e+03
4.275000000000000000e+03 4.243706991535852467e+03
4.325000000000000000e+03 4.293706991535854286e+03
4.375000000000000000e+03 4.343706991535856105e+03
4.425000000000000000e+03 4.393706991535854286e+03
4.475000000000000000e+03 4.443706991535856105e+03
4.525000000000000000e+03 4.493706991535856105e+03
4.575000000000000000e+03 4.543706991535856105e+03
4.625000000000000000e+03 4.593706991535854286e+03
4.675000000000000000e+03 4.643706991535856105e+03
4.725000000000000000e+03 4.693706991535854286e+03
4.775000000000000000e+03 4.743706991535854286e+03
4.825000000000000000e+03 4.793706991535856105e+03
4.875000000000000000e+03 4.843706991535857924e+03
4.925000000000000000e+03 4.893706991535857924e+03
4.975000000000000000e+03 4.943706991535857924e+03
5.025000000000000000e+03 4.993706991535857924e+03
5.075000000000000000e+03 5.043706991535857924e+03
5.125000000000000000e+03 5.093706991535857924e+03
5.175000000000000000e+03 5.143706991535859743e+03
5.225000000000000000e+03 5.193706991535859743e+03
5.275000000000000000e+03 5.243706991535857924e+03
5.325000000000000000e+03 5.293706991535859743e+03
5.375000000000000000e+03 5.343706991535859743e+03
5.425000000000000000e+03 5.393706991535859743e+03
5.475000000000000000e+03 5.443706991535859743e+03
5.525000000000000000e+03 5.493706991535859743e+03
5.575000000000000000e+03 5.543706991535859743e+03
5.625000000000000000e+03 5.593706991535859743e+03
5.675000000000000000e+03 5.643706991535859743e+03
5.725000000000000000e+03 5.693706991535859743e+03
5.775000000000000000e+03 5.743706991535859743e+03
5.825000000000000000e+03 5.793706991535859743e+03
5.875000000000000000e+03 5.843706991535859743e+03
5.925000000000000000e+03 5.893706991535859743e+03
5.975000000000000000e+03 5.943706991535859743e+03
6.025000000000000000e+03 5.993706991535859743e+03
6.075000000000000000e+03 6.043706991535859743e+03
6.125000000000000000e+03 6.093706991535859743e+03
6.175000000000000000e+03 6.143706991535859743e+03
6.225000000000000000e+03 6.193706991535859743e+03
6.275000000000000000e+03 6.243706991535859743e+03
6.325000000000000000e+03 6.293706991535859743e+03
6.375000000000000000e+03 6.343706991535859743e+03
6.425000000000000000e+03 6.393706991535859743e+03
6.475000000000000000e+03 6.443706991535859743e+03
6.525000000000000000e+03 6.493706991535859743e+03
6.575000000000000000e+03 6.543706991535859743e+03
6.625000000000000000e+03 6.593706991535859743e+03
6.675000000000000000e+03 6.643706991535859743e+03
6.725000000000000000e+03 6.693706991535859743e+03
6.775000000000000000e+03 6.743706991535859743e+03
6.825000000000000000e+03 6.793706991535859743e+03
6.875000000000000000e+03 6.843706991535859743e+03
6.925000000000000000e+03 6.893706991535859743e+03
6.975000000000000000e+03 6.943706991535859743e+03
7.025000000000000000e+03 6.993706991535859743e+03
7.075000000000000000e+03 7.043706991535859743e+03
7.125000000000000000e+03 7.093706991535859743e+03
7.175000000000000000e+03 7.143706991535859743e+03
7.225000000000000000e+03 7.193706991535859743e+03
7.275000000000000000e+03 7.243706991535859743e+03
7.325000000000000000e+03 7.293706991535859743e+03
7.375000000000000000e+03 7.343706991535859743e+03
7.425000000000000000e+03 7.393706991535859743e+03
7.475000000000000000e+03 7.443706991535859743e+03
7.525000000000000000e+03 7.493706991535859743e+03
7.575000000000000000e+03 7.543706991535859743e+03
7.625000000000000000e+03 7.593706991535859743e+03
7.675000000000000000e+03 7.643706991535859743e+03
7.725000000000000000e+03 7.693706991535859743e+03
7.775000000000000000e+03 7.743706991535859743e+03
7.825000000000000000e+03 7.793706991535859743e+03
7.875000000000000000e+03 7.843706991535859743e+03
7.925000000000000000e+03 7.893706991535859743e+03
7.975000000000000000e+03 7.943706991535859743e+03
8.025000000000000000e+03 7.993706991535859743e+03
8.075000000000000000e+03 8.043706991535859743e+03
8.125000000000000000e+03 8.093706991535859743e+03
8.175000000000000000e+03 8.143706991535859743e+03
8.225000000000000000e+03 8.193706991535860652e+03
8.275000000000000000e+03 8.243706991535855195e+03
8.325000000000000000e+03 8.293706991535855195e+03
8.375000000000000000e+03 8.343706991535862471e+03
8.425000000000000000e+03 8.393706991535862471e+03
8.475000000000000000e+03 8.443706991535858833e+03
8.525000000000000000e+03 8.493706991535858833e+03
8.575000000000000000e+03 8.543706991535858833e+03
8.625000000000000000e+03 8.593706991535855195e+03
8.675000000000000000e+03 8.643706991535855195e+03
8.725000000000000000e+03 8.693706991535855195e+03
8.775000000000000000e+03 8.743706991535855195e+03
8.825000000000000000e+03 8.793706991535858833e+03
8.875000000000000000e+03 8.843706991535858833e+03
8.925000000000000000e+03 8.893706991535855195e+03
8.975000000000000000e+03 8.943706991535855195e+03
9.025000000000000000e+03 8.993706991535855195e+03
9.075000000000000000e+03 9.043706991535855195e+03
9.125000000000000000e+03 9.093706991535851557e+03
9.175000000000000000e+03 9.143706991535847919e+03
9.225000000000000000e+03 9.193706991535847919e+03
9.275000000000000000e+03 9.243706991535844281e+03
9.325000000000000000e+03 9.293706991535844281e+03
9.375000000000000000e+03 9.343706991535847919e+03
9.425000000000000000e+03 9.393706991535844281e+03
9.475000000000000000e+03 9.443706991535844281e+03
9.525000000000000000e+03 9.493706991535844281e+03
9.575000000000000000e+03 9.543706991535844281e+03
9.625000000000000000e+03 9.593706991535844281e+03
9.675000000000000000e+03 9.643706991535844281e+03
9.725000000000000000e+03 9.693706991535844281e+03
9.775000000000000000e+03 9.743706991535844281e+03
9.825000000000000000e+03 9.793706991535844281e+03
9.875000000000000000e+03 9.843706991535844281e+03
9.925000000000000000e+03 9.893706991535844281e+03
9.975000000000000000e+03 9.943706991535844281e+03
1.002500000000000000e+04 9.993706991535844281e+03
1.007500000000000000e+04 1.004370699153584428e+04
1.012500000000000000e+04 1.009370699153584428e+04
1.017500000000000000e+04 1.014370699153584428e+04
1.022500000000000000e+04 1.019370699153584428e+04
1.027500000000000000e+04 1.024370699153584428e+04
1.032500000000000000e+04 1.029370699153584428e+04
1.037500000000000000e+04 1.034370699153584428e+04
1.042500000000000000e+04 1.039370699153584428e+04
1.047500000000000000e+04 1.044370699153584428e+04
1.052500000000000000e+04 1.049370699153584428e+04
1.057500000000000000e+04 1.054370699153584428e+04
1.062500000000000000e+04 1.059370699153584428e+04
1.067500000000000000e+04 1.064370699153584428e+04
1.072500000000000000e+04 1.069370699153584428e+04
1.077500000000000000e+04 1.074370699153584428e+04
1.082500000000000000e+04 1.079370699153584428e+04
1.087500000000000000e+04 1.084370699153584428e+04
1.092500000000000000e+04 1.089370699153584428e+04
1.097500000000000000e+04 1.094370699153584428e+04
1.102500000000000000e+04 1.099370699153584428e+04
1.107500000000000000e+04 1.104370699153584428e+04
1.112500000000000000e+04 1.109370699153584428e+04
1.117500000000000000e+04 1.114370699153584428e+04
1.122500000000000000e+04 1.119370699153584428e+04
1.127500000000000000e+04 1.124370699153584428e+04
1.132500000000000000e+04 1.129370699153584428e+04
1.137500000000000000e+04 1.134370699153584428e+04
1.142500000000000000e+04 1.139370699153584428e+04
1.147500000000000000e+04 1.144370699153584428e+04
1.152500000000000000e+04 1.149370699153584428e+04
1.157500000000000000e+04 1.154370699153584428e+04
1.162500000000000000e+04 1.159370699153584428e+04
1.167500000000000000e+04 1.164370699153584428e+04
1.172500000000000000e+04 1.169370699153584428e+04
1.177500000000000000e+04 1.174370699153584428e+04
1.182500000000000000e+04 1.179370699153584428e+04
1.187500000000000000e+04 1.184370699153584428e+04
1.192500000000000000e+04 1.189370699153584428e+04
1.197500000000000000e+04 1.194370699153584428e+04
1.202500000000000000e+04 1.199370699153584428e+04
1.207500000000000000e+04 1.204370699153584428e+04
1.212500000000000000e+04 1.209370699153584428e+04
1.217500000000000000e+04 1.214370699153584428e+04
1.222500000000000000e+04 1.219370699153584428e+04
1.227500000000000000e+04 1.224370699153584428e+04
1.232500000000000000e+04 1.229370699153584428e+04
1.237500000000000000e+04 1.234370699153584428e+04
1.242500000000000000e+04 1.239370699153584428e+04
1.247500000000000000e+04 1.244370699153584428e+04
1.252500000000000000e+04 1.249370699153584428e+04
1.257500000000000000e+04 1.254370699153584428e+04
1.262500000000000000e+04 1.259370699153584428e+04
1.267500000000000000e+04 1.264370699153584428e+04
1.272500000000000000e+04 1.269370699153584428e+04
1.277500000000000000e+04 1.274370699153584428e+04
1.282500000000000000e+04 1.279370699153584428e+04
1.287500000000000000e+04 1.284370699153584428e+04
1.292500000000000000e+04 1.289370699153584428e+04
1.297500000000000000e+04 1.294370699153584428e+04
1.302500000000000000e+04 1.299370699153584428e+04
1.307500000000000000e+04 1.304370699153584428e+04
1.312500000000000000e+04 1.309370699153584428e+04
1.317500000000000000e+04 1.314370699153584428e+04
1.322500000000000000e+04 1.319370699153584428e+04
1.327500000000000000e+04 1.324370699153584428e+04
1.332500000000000000e+04 1.329370699153584428e+04
1.337500000000000000e+04 1.334370699153584428e+04
1.342500000000000000e+04 1.339370699153584428e+04
1.347500000000000000e+04 1.344370699153584428e+04
1.352500000000000000e+04 1.349370699153584428e+04
1.357500000000000000e+04 1.354370699153584428e+04
1.362500000000000000e+04 1.359370699153584428e+04
1.367500000000000000e+04 1.364370699153584428e+04
1.372500000000000000e+04 1.369370699153584428e+04
1.377500000000000000e+04 1.374370699153584428e+04
1.382500000000000000e+04 1.379370699153584428e+04
1.387500000000000000e+04 1.384370699153584428e+04
1.392500000000000000e+04 1.389370699153584428e+04
1.397500000000000000e+04 1.394370699153584428e+04
1.402500000000000000e+04 1.399370699153584428e+04
1.407500000000000000e+04 1.404370699153584428e+04
1.412500000000000000e+04 1.409370699153584428e+04
1.417500000000000000e+04 1.414370699153584428e+04
1.422500000000000000e+04 1.419370699153584428e+04
1.427500000000000000e+04 1.424370699153584428e+04
1.432500000000000000e+04 1.429370699153584428e+04
1.437500000000000000e+04 1.434370699153584428e+04
1.442500000000000000e+04 1.439370699153584428e+04
1.447500000000000000e+04 1.444370699153584428e+04
1.452500000000000000e+04 1.449370699153584428e+04
1.457500000000000000e+04 1.454370699153584428e+04
1.462500000000000000e+04 1.459370699153584428e+04
1.467500000000000000e+04 1.464370699153584428e+04
1.472500000000000000e+04 1.469370699153584428e+04
1.477500000000000000e+04 1.474370699153584428e+04
1.482500000000000000e+04 1.479370699153584428e+04
1.487500000000000000e+04 1.484370699153584428e+04
1.492500000000000000e+04 1.489370699153584428e+04
1.497500000000000000e+04 1.494370699153584428e+04
1.502500000000000000e+04 1.499370699153584428e+04
1.507500000000000000e+04 1.504370699153584428e+04
1.512500000000000000e+04 1.509370699153584428e+04
1.517500000000000000e+04 1.514370699153584428e+04
1.522500000000000000e+04 1.519370699153584428e+04
1.527500000000000000e+04 1.524370699153584428e+04
1.532500000000000000e+04 1.529370699153584428e+04
1.537500000000000000e+04 1.534370699153584428e+04
1.542500000000000000e+04 1.539370699153584428e+04
1.547500000000000000e+04 1.544370699153584428e+04
1.552500000000000000e+04 1.549370699153584428e+04
1.557500000000000000e+04 1.554370699153584428e+04
1.562500000000000000e+04 1.559370699153584428e+04
1.567500000000000000e+04 1.564370699153584428e+04
1.572500000000000000e+04 1.569370699153584428e+04
1.577500000000000000e+04 1.574370699153584428e+04
1.582500000000000000e+04 1.579370699153584428e+04
1.587500000000000000e+04 1.584370699153584428e+04
1.592500000000000000e+04 1.589370699153584428e+04
1.597500000000000000e+04 1.594370699153584428e+04
1.602500000000000000e+04 1.599370699153584428e+04
1.607500000000000000e+04 1.604370699153584428e+04
1.612500000000000000e+04 1.609370699153584428e+04
1.617500000000000000e+04 1.614370699153584428e+04
1.622500000000000000e+04 1.619370699153584428e+04
1.627500000000000000e+04 1.624370699153584428e+04
1.632500000000000000e+04 1.629370699153584428e+04
1.637500000000000000e+04 1.634370699153584428e+04
1.642500000000000000e+04 1.639370699153584428e+04
1.647500000000000000e+04 1.644370699153584792e+04
1.652500000000000000e+04 1.649370699153584792e+04
1.657500000000000000e+04 1.654370699153584792e+04
1.662500000000000000e+04 1.659370699153584428e+04
1.667500000000000000e+04 1.664370699153584792e+04
1.672500000000000000e+04 1.669370699153584792e+04
1.677500000000000000e+04 1.674370699153585156e+04
1.682500000000000000e+04 1.679370699153585520e+04
1.687500000000000000e+04 1.684370699153584792e+04
1.692500000000000000e+04 1.689370699153584792e+04
1.697500000000000000e+04 1.694370699153584792e+04
1.702500000000000000e+04 1.699370699153584792e+04
1.707500000000000000e+04 1.704370699153584792e+04
1.712500000000000000e+04 1.709370699153584792e+04
1.717500000000000000e+04 1.714370699153584792e+04
1.722500000000000000e+04 1.719370699153584064e+04
1.727500000000000000e+04 1.724370699153584792e+04
1.732500000000000000e+04 1.729370699153585520e+04
1.737500000000000000e+04 1.734370699153585520e+04
1.742500000000000000e+04 1.739370699153585520e+04
1.747500000000000000e+04 1.744370699153585520e+04
1.752500000000000000e+04 1.749370699153585520e+04
1.757500000000000000e+04 1.754370699153585520e+04
1.762500000000000000e+04 1.759370699153586247e+04
1.767500000000000000e+04 1.764370699153586247e+04
1.772500000000000000e+04 1.769370699153586247e+04
1.777500000000000000e+04 1.774370699153586247e+04
1.782500000000000000e+04 1.779370699153586247e+04
1.787500000000000000e+04 1.784370699153586247e+04
1.792500000000000000e+04 1.789370699153586247e+04
1.797500000000000000e+04 1.794370699153586247e+04
1.802500000000000000e+04 1.799370699153586247e+04
1.807500000000000000e+04 1.804370699153586247e+04
1.812500000000000000e+04 1.809370699153586247e+04
1.817500000000000000e+04 1.814370699153586247e+04
1.822500000000000000e+04 1.819370699153586247e+04
1.827500000000000000e+04 1.824370699153586247e+04
1.832500000000000000e+04 1.829370699153586247e+04
1.837500000000000000e+04 1.834370699153586247e+04
1.842500000000000000e+04 1.839370699153586247e+04
1.847500000000000000e+04 1.844370699153586247e+04
1.852500000000000000e+04 1.849370699153586247e+04
1.857500000000000000e+04 1.854370699153586247e+04
1.862500000000000000e+04 1.859370699153586247e+04
1.867500000000000000e+04 1.864370699153586247e+04
1.872500000000000000e+04 1.869370699153586247e+04
1.877500000000000000e+04 1.874370699153586247e+04
1.882500000000000000e+04 1.879370699153586247e+04
1.887500000000000000e+04 1.884370699153586247e+04
1.892500000000000000e+04 1.889370699153586247e+04
1.897500000000000000e+04 1.894370699153586247e+04
1.902500000000000000e+04 1.899370699153586247e+04
1.907500000000000000e+04 1.904370699153586247e+04
1.912500000000000000e+04 1.909370699153586247e+04
1.917500000000000000e+04 1.914370699153586247e+04
1.922500000000000000e+04 1.919370699153586247e+04
1.927500000000000000e+04 1.924370699153586247e+04
1.932500000000000000e+04 1.929370699153586247e+04
1.937500000000000000e+04 1.934370699153586247e+04
1.942500000000000000e+04 1.939370699153586247e+04
1.947500000000000000e+04 1.944370699153586247e+04
1.952500000000000000e+04 1.949370699153586247e+04
1.957500000000000000e+04 1.954370699153586247e+04
1.962500000000000000e+04 1.959370699153586247e+04
1.967500000000000000e+04 1.964370699153586247e+04
1.972500000000000000e+04 1.969370699153586247e+04
1.977500000000000000e+04 1.974370699153586247e+04
1.982500000000000000e+04 1.979370699153586247e+04
1.987500000000000000e+04 1.984370699153586247e+04
1.992500000000000000e+04 1.989370699153586247e+04
