2.025000000000000000e+03 2.003979182460462425e+03
2.075000000000000000e+03 2.053979182460462198e+03
2.125000000000000000e+03 2.103979182460462653e+03
2.175000000000000000e+03 2.153979182460465381e+03
2.225000000000000000e+03 2.203979182460463562e+03
2.275000000000000000e+03 2.253979182460463562e+03
2.325000000000000000e+03 2.303979182460463562e+03
2.375000000000000000e+03 2.353979182460463562e+03
2.425000000000000000e+03 2.403979182460462653e+03
2.475000000000000000e+03 2.453979182460461743e+03
2.525000000000000000e+03 2.503979182460462653e+03
2.575000000000000000e+03 2.553979182460463562e+03
2.625000000000000000e+03 2.603979182460463562e+03
2.675000000000000000e+03 2.653979182460464472e+03
2.725000000000000000e+03 2.703979182460464472e+03
2.775000000000000000e+03 2.753979182460464472e+03
2.825000000000000000e+03 2.803979182460465381e+03
2.875000000000000000e+03 2.853979182460465381e+03
2.925000000000000000e+03 2.903979182460464472e+03
2.975000000000000000e+03 2.953979182460464472e+03
3.025000000000000000e+03 3.003979182460464472e+03
3.075000000000000000e+03 3.053979182460463562e+03
3.125000000000000000e+03 3.103979182460463562e+03
3.175000000000000000e+03 3.153979182460463562e+03
3.225000000000000000e+03 3.203979182460463562e+03
3.275000000000000000e+03 3.253979182460464472e+03
3.325000000000000000e+03 3.303979182460463562e+03
3.375000000000000000e+03 3.353979182460463562e+03
3.425000000000000000e+03 3.403979182460464472e+03
3.475000000000000000e+03 3.453979182460464472e+03
3.525000000000000000e+03 3.503979182460464472e+03
3.575000000000000000e+03 3.553979182460464472e+03
3.625000000000000000e+03 3.603979182460464472e+03
3.675000000000000000e+03 3.653979182460464472e+03
3.725000000000000000e+03 3.703979182460463562e+03
3.775000000000000000e+03 3.753979182460464472e+03
3.825000000000000000e+03 3.803979182460463562e+03
3.875000000000000000e+03 3.853979182460463562e+03
3.925000000000000000e+03 3.903979182460463562e+03
3.975000000000000000e+03 3.953979182460464472e+03
4.025000000000000000e+03 4.003979182460464472e+03
4.075000000000000000e+03 4.053979182460463562e+03
4.125000000000000000e+03 4.103979182460463562e+03
4.175000000000000000e+03 4.153979182460462653e+03
4.225000000000000000e+03 4.203979182460460834e+03
4.275000000000000000e+03 4.253979182460462653e+03
4.325000000000000000e+03 4.303979182460460834e+03
4.375000000000000000e+03 4.353979182460459015e+03
4.425000000000000000e+03 4.403979182460459015e+03
4.475000000000000000e+03 4.453979182460460834e+03
4.525000000000000000e+03 4.503979182460460834e+03
4.575000000000000000e+03 4.553979182460460834e+03
4.625000000000000000e+03 4.603979182460460834e+03
4.675000000000000000e+03 4.653979182460462653e+03
4.725000000000000000e+03 4.703979182460462653e+03
4.775000000000000000e+03 4.753979182460462653e+03
4.825000000000000000e+03 4.803979182460462653e+03
4.875000000000000000e+03 4.853979182460460834e+03
4.925000000000000000e+03 4.903979182460460834e+03
4.975000000000000000e+03 4.953979182460462653e+03
5.025000000000000000e+03 5.003979182460462653e+03
5.075000000000000000e+03 5.053979182460460834e+03
5.125000000000000000e+03 5.103979182460460834e+03
5.175000000000000000e+03 5.153979182460460834e+03
5.225000000000000000e+03 5.203979182460460834e+03
5.275000000000000000e+03 5.253979182460460834e+03
5.325000000000000000e+03 5.303979182460459015e+03
5.375000000000000000e+03 5.353979182460459015e+03
5.425000000000000000e+03 5.403979182460459015e+03
5.475000000000000000e+03 5.453979182460457196e+03
5.525000000000000000e+03 5.503979182460459015e+03
5.575000000000000000e+03 5.553979182460457196e+03
5.625000000000000000e+03 5.603979182460459015e+03
5.675000000000000000e+03 5.653979182460457196e+03
5.725000000000000000e+03 5.703979182460457196e+03
5.775000000000000000e+03 5.753979182460457196e+03
5.825000000000000000e+03 5.803979182460457196e+03
5.875000000000000000e+03 5.853979182460457196e+03
5.925000000000000000e+03 5.903979182460457196e+03
5.975000000000000000e+03 5.953979182460457196e+03
6.025000000000000000e+03 6.003979182460457196e+03
6.075000000000000000e+03 6.053979182460453558e+03
6.125000000000000000e+03 6.103979182460455377e+03
6.175000000000000000e+03 6.153979182460455377e+03
6.225000000000000000e+03 6.203979182460455377e+03
6.275000000000000000e+03 6.253979182460455377e+03
6.325000000000000000e+03 6.303979182460455377e+03
6.375000000000000000e+03 6.353979182460455377e+03
6.425000000000000000e+03 6.403979182460455377e+03
6.475000000000000000e+03 6.453979182460455377e+03
6.525000000000000000e+03 6.503979182460455377e+03
6.575000000000000000e+03 6.553979182460455377e+03
6.625000000000000000e+03 6.603979182460455377e+03
6.675000000000000000e+03 6.653979182460455377e+03
6.725000000000000000e+03 6.703979182460455377e+03
6.775000000000000000e+03 6.753979182460455377e+03
6.825000000000000000e+03 6.803979182460455377e+03
6.875000000000000000e+03 6.853979182460455377e+03
6.925000000000000000e+03 6.903979182460455377e+03
6.975000000000000000e+03 6.953979182460455377e+03
7.025000000000000000e+03 7.003979182460455377e+03
7.075000000000000000e+03 7.053979182460455377e+03
7.125000000000000000e+03 7.103979182460455377e+03
7.175000000000000000e+03 7.153979182460455377e+03
7.225000000000000000e+03 7.203979182460455377e+03
7.275000000000000000e+03 7.253979182460455377e+03
7.325000000000000000e+03 7.303979182460455377e+03
7.375000000000000000e+03 7.353979182460455377e+03
7.425000000000000000e+03 7.403979182460455377e+03
7.475000000000000000e+03 7.453979182460455377e+03
7.525000000000000000e+03 7.503979182460455377e+03
7.575000000000000000e+03 7.553979182460455377e+03
7.625000000000000000e+03 7.603979182460455377e+03
7.675000000000000000e+03 7.653979182460455377e+03
7.725000000000000000e+03 7.703979182460455377e+03
7.775000000000000000e+03 7.753979182460455377e+03
7.825000000000000000e+03 7.803979182460455377e+03
7.875000000000000000e+03 7.853979182460455377e+03
7.925000000000000000e+03 7.903979182460455377e+03
7.975000000000000000e+03 7.953979182460455377e+03
8.025000000000000000e+03 8.003979182460455377e+03
8.075000000000000000e+03 8.053979182460455377e+03
8.125000000000000000e+03 8.103979182460455377e+03
8.175000000000000000e+03 8.153979182460455377e+03
8.225000000000000000e+03 8.203979182460456286e+03
8.275000000000000000e+03 8.253979182460456286e+03
8.325000000000000000e+03 8.303979182460458105e+03
8.375000000000000000e+03 8.353979182460458105e+03
8.425000000000000000e+03 8.403979182460467200e+03
8.475000000000000000e+03 8.453979182460470838e+03
8.525000000000000000e+03 8.503979182460463562e+03
8.575000000000000000e+03 8.553979182460467200e+03
8.625000000000000000e+03 8.603979182460467200e+03
8.675000000000000000e+03 8.653979182460463562e+03
8.725000000000000000e+03 8.703979182460467200e+03
8.775000000000000000e+03 8.753979182460467200e+03
8.825000000000000000e+03 8.803979182460463562e+03
8.875000000000000000e+03 8.853979182460463562e+03
8.925000000000000000e+03 8.903979182460467200e+03
8.975000000000000000e+03 8.953979182460467200e+03
9.025000000000000000e+03 9.003979182460467200e+03
9.075000000000000000e+03 9.053979182460467200e+03
9.125000000000000000e+03 9.103979182460467200e+03
9.175000000000000000e+03 9.153979182460470838e+03
9.225000000000000000e+03 9.203979182460474476e+03
9.275000000000000000e+03 9.253979182460474476e+03
9.325000000000000000e+03 9.303979182460470838e+03
9.375000000000000000e+03 9.353979182460470838e+03
9.425000000000000000e+03 9.403979182460470838e+03
9.475000000000000000e+03 9.453979182460470838e+03
9.525000000000000000e+03 9.503979182460470838e+03
9.575000000000000000e+03 9.553979182460470838e+03
9.625000000000000000e+03 9.603979182460474476e+03
9.675000000000000000e+03 9.653979182460474476e+03
9.725000000000000000e+03 9.703979182460474476e+03
9.775000000000000000e+03 9.753979182460474476e+03
9.825000000000000000e+03 9.803979182460478114e+03
9.875000000000000000e+03 9.853979182460481752e+03
9.925000000000000000e+03 9.903979182460481752e+03
9.975000000000000000e+03 9.953979182460481752e+03
1.002500000000000000e+04 1.000397918246048175e+04
1.007500000000000000e+04 1.005397918246047811e+04
1.012500000000000000e+04 1.010397918246047811e+04
1.017500000000000000e+04 1.015397918246048175e+04
1.022500000000000000e+04 1.020397918246048539e+04
1.027500000000000000e+04 1.025397918246048539e+04
1.032500000000000000e+04 1.030397918246048539e+04
1.037500000000000000e+04 1.035397918246048539e+04
1.042500000000000000e+04 1.040397918246048539e+04
1.047500000000000000e+04 1.045397918246048539e+04
1.052500000000000000e+04 1.050397918246048539e+04
1.057500000000000000e+04 1.055397918246048539e+04
1.062500000000000000e+04 1.060397918246048539e+04
1.067500000000000000e+04 1.065397918246048539e+04
1.072500000000000000e+04 1.070397918246048539e+04
1.077500000000000000e+04 1.075397918246048539e+04
1.082500000000000000e+04 1.080397918246048539e+04
1.087500000000000000e+04 1.085397918246048539e+04
1.092500000000000000e+04 1.090397918246048539e+04
1.097500000000000000e+04 1.095397918246048539e+04
1.102500000000000000e+04 1.100397918246048539e+04
1.107500000000000000e+04 1.105397918246048539e+04
1.112500000000000000e+04 1.110397918246048539e+04
1.117500000000000000e+04 1.115397918246048539e+04
1.122500000000000000e+04 1.120397918246048539e+04
1.127500000000000000e+04 1.125397918246048539e+04
1.132500000000000000e+04 1.130397918246048539e+04
1.137500000000000000e+04 1.135397918246048539e+04
1.142500000000000000e+04 1.140397918246048539e+04
1.147500000000000000e+04 1.145397918246048539e+04
1.152500000000000000e+04 1.150397918246048539e+04
1.157500000000000000e+04 1.155397918246048539e+04
1.162500000000000000e+04 1.160397918246048539e+04
1.167500000000000000e+04 1.165397918246048539e+04
1.172500000000000000e+04 1.170397918246048539e+04
1.177500000000000000e+04 1.175397918246048539e+04
1.182500000000000000e+04 1.180397918246048539e+04
1.187500000000000000e+04 1.185397918246048539e+04
1.192500000000000000e+04 1.190397918246048539e+04
1.197500000000000000e+04 1.195397918246048539e+04
1.202500000000000000e+04 1.200397918246048539e+04
1.207500000000000000e+04 1.205397918246048539e+04
1.212500000000000000e+04 1.210397918246048539e+04
1.217500000000000000e+04 1.215397918246048539e+04
1.222500000000000000e+04 1.220397918246048539e+04
1.227500000000000000e+04 1.225397918246048539e+04
1.232500000000000000e+04 1.230397918246048539e+04
1.237500000000000000e+04 1.235397918246048539e+04
1.242500000000000000e+04 1.240397918246048539e+04
1.247500000000000000e+04 1.245397918246048539e+04
1.252500000000000000e+04 1.250397918246048539e+04
1.257500000000000000e+04 1.255397918246048539e+04
1.262500000000000000e+04 1.260397918246048539e+04
1.267500000000000000e+04 1.265397918246048539e+04
1.272500000000000000e+04 1.270397918246048539e+04
1.277500000000000000e+04 1.275397918246048539e+04
1.282500000000000000e+04 1.280397918246048539e+04
1.287500000000000000e+04 1.285397918246048539e+04
1.292500000000000000e+04 1.290397918246048539e+04
1.297500000000000000e+04 1.295397918246048539e+04
1.302500000000000000e+04 1.300397918246048539e+04
1.307500000000000000e+04 1.305397918246048539e+04
1.312500000000000000e+04 1.310397918246048539e+04
1.317500000000000000e+04 1.315397918246048539e+04
1.322500000000000000e+04 1.320397918246048539e+04
1.327500000000000000e+04 1.325397918246048539e+04
1.332500000000000000e+04 1.330397918246048539e+04
1.337500000000000000e+04 1.335397918246048539e+04
1.342500000000000000e+04 1.340397918246048539e+04
1.347500000000000000e+04 1.345397918246048539e+04
1.352500000000000000e+04 1.350397918246048539e+04
1.357500000000000000e+04 1.355397918246048539e+04
1.362500000000000000e+04 1.360397918246048539e+04
1.367500000000000000e+04 1.365397918246048539e+04
1.372500000000000000e+04 1.370397918246048539e+04
1.377500000000000000e+04 1.375397918246048539e+04
1.382500000000000000e+04 1.380397918246048539e+04
1.387500000000000000e+04 1.385397918246048539e+04
1.392500000000000000e+04 1.390397918246048539e+04
1.397500000000000000e+04 1.395397918246048539e+04
1.402500000000000000e+04 1.400397918246048539e+04
1.407500000000000000e+04 1.405397918246048539e+04
1.412500000000000000e+04 1.410397918246048539e+04
1.417500000000000000e+04 1.415397918246048539e+04
1.422500000000000000e+04 1.420397918246048539e+04
1.427500000000000000e+04 1.425397918246048539e+04
1.432500000000000000e+04 1.430397918246048539e+04
1.437500000000000000e+04 1.435397918246048539e+04
1.442500000000000000e+04 1.440397918246048539e+04
1.447500000000000000e+04 1.445397918246048539e+04
1.452500000000000000e+04 1.450397918246048539e+04
1.457500000000000000e+04 1.455397918246048539e+04
1.462500000000000000e+04 1.460397918246048539e+04
1.467500000000000000e+04 1.465397918246048539e+04
1.472500000000000000e+04 1.470397918246048539e+04
1.477500000000000000e+04 1.475397918246048539e+04
1.482500000000000000e+04 1.480397918246048539e+04
1.487500000000000000e+04 1.485397918246048539e+04
1.492500000000000000e+04 1.490397918246048539e+04
1.497500000000000000e+04 1.495397918246048539e+04
1.502500000000000000e+04 1.500397918246048539e+04
1.507500000000000000e+04 1.505397918246048539e+04
1.512500000000000000e+04 1.510397918246048539e+04
1.517500000000000000e+04 1.515397918246048539e+04
1.522500000000000000e+04 1.520397918246048539e+04
1.527500000000000000e+04 1.525397918246048539e+04
1.532500000000000000e+04 1.530397918246048539e+04
1.537500000000000000e+04 1.535397918246048539e+04
1.542500000000000000e+04 1.540397918246048539e+04
1.547500000000000000e+04 1.545397918246048539e+04
1.552500000000000000e+04 1.550397918246048539e+04
1.557500000000000000e+04 1.555397918246048539e+04
1.562500000000000000e+04 1.560397918246048539e+04
1.567500000000000000e+04 1.565397918246048539e+04
1.572500000000000000e+04 1.570397918246048539e+04
1.577500000000000000e+04 1.575397918246048539e+04
1.582500000000000000e+04 1.580397918246048539e+04
1.587500000000000000e+04 1.585397918246048539e+04
1.592500000000000000e+04 1.590397918246048539e+04
1.597500000000000000e+04 1.595397918246048539e+04
1.602500000000000000e+04 1.600397918246048539e+04
1.607500000000000000e+04 1.605397918246048539e+04
1.612500000000000000e+04 1.610397918246048539e+04
1.617500000000000000e+04 1.615397918246048539e+04
1.622500000000000000e+04 1.620397918246048539e+04
1.627500000000000000e+04 1.625397918246048539e+04
1.632500000000000000e+04 1.630397918246048539e+04
1.637500000000000000e+04 1.635397918246048539e+04
1.642500000000000000e+04 1.640397918246048357e+04
1.647500000000000000e+04 1.645397918246047993e+04
1.652500000000000000e+04 1.650397918246047993e+04
1.657500000000000000e+04 1.655397918246046902e+04
1.662500000000000000e+04 1.660397918246046174e+04
1.667500000000000000e+04 1.665397918246045811e+04
1.672500000000000000e+04 1.670397918246046174e+04
1.677500000000000000e+04 1.675397918246045447e+04
1.682500000000000000e+04 1.680397918246044719e+04
1.687500000000000000e+04 1.685397918246045447e+04
1.692500000000000000e+04 1.690397918246044719e+04
1.697500000000000000e+04 1.695397918246044719e+04
1.702500000000000000e+04 1.700397918246044719e+04
1.707500000000000000e+04 1.705397918246043264e+04
1.712500000000000000e+04 1.710397918246043992e+04
1.717500000000000000e+04 1.715397918246043992e+04
1.722500000000000000e+04 1.720397918246043992e+04
1.727500000000000000e+04 1.725397918246043992e+04
1.732500000000000000e+04 1.730397918246043992e+04
1.737500000000000000e+04 1.735397918246043992e+04
1.742500000000000000e+04 1.740397918246043992e+04
1.747500000000000000e+04 1.745397918246043264e+04
1.752500000000000000e+04 1.750397918246043992e+04
1.757500000000000000e+04 1.755397918246043992e+04
1.762500000000000000e+04 1.760397918246043264e+04
1.767500000000000000e+04 1.765397918246043992e+04
1.772500000000000000e+04 1.770397918246043992e+04
1.777500000000000000e+04 1.775397918246043264e+04
1.782500000000000000e+04 1.780397918246043992e+04
1.787500000000000000e+04 1.785397918246043264e+04
1.792500000000000000e+04 1.790397918246043992e+04
1.797500000000000000e+04 1.795397918246043992e+04
1.802500000000000000e+04 1.800397918246044719e+04
1.807500000000000000e+04 1.805397918246043992e+04
1.812500000000000000e+04 1.810397918246043992e+04
1.817500000000000000e+04 1.815397918246043992e+04
1.822500000000000000e+04 1.820397918246043264e+04
1.827500000000000000e+04 1.825397918246043992e+04
1.832500000000000000e+04 1.830397918246043264e+04
1.837500000000000000e+04 1.835397918246043992e+04
1.842500000000000000e+04 1.840397918246043264e+04
1.847500000000000000e+04 1.845397918246043264e+04
1.852500000000000000e+04 1.850397918246043264e+04
1.857500000000000000e+04 1.855397918246043264e+04
1.862500000000000000e+04 1.860397918246043264e+04
1.867500000000000000e+04 1.865397918246043264e+04
1.872500000000000000e+04 1.870397918246043264e+04
1.877500000000000000e+04 1.875397918246043264e+04
1.882500000000000000e+04 1.880397918246043264e+04
1.887500000000000000e+04 1.885397918246043264e+04
1.892500000000000000e+04 1.890397918246043264e+04
1.897500000000000000e+04 1.895397918246043264e+04
1.902500000000000000e+04 1.900397918246043264e+04
1.907500000000000000e+04 1.905397918246043264e+04
1.912500000000000000e+04 1.910397918246043264e+04
1.917500000000000000e+04 1.915397918246043264e+04
1.922500000000000000e+04 1.920397918246043264e+04
1.927500000000000000e+04 1.925397918246043264e+04
1.932500000000000000e+04 1.930397918246043264e+04
1.937500000000000000e+04 1.935397918246043264e+04
1.942500000000000000e+04 1.940397918246043264e+04
1.947500000000000000e+04 1.945397918246043264e+04
1.952500000000000000e+04 1.950397918246043264e+04
1.957500000000000000e+04 1.955397918246043264e+04
1.962500000000000000e+04 1.960397918246043264e+04
1.967500000000000000e+04 1.965397918246043264e+04
1.972500000000000000e+04 1.970397918246043264e+04
1.977500000000000000e+04 1.975397918246043264e+04
1.982500000000000000e+04 1.980397918246043264e+04
1.987500000000000000e+04 1.985397918246043264e+04
1.992500000000000000e+04 1.990397918246043264e+04
