8.250000000000000000e+02 7.952290028074161228e+02
8.750000000000000000e+02 8.452290028074163502e+02
9.250000000000000000e+02 8.952290028074163502e+02
9.750000000000000000e+02 9.452290028074161228e+02
1.025000000000000000e+03 9.952290028074161228e+02
1.075000000000000000e+03 1.045229002807416009e+03
1.125000000000000000e+03 1.095229002807415554e+03
1.175000000000000000e+03 1.145229002807415100e+03
1.225000000000000000e+03 1.195229002807413281e+03
1.275000000000000000e+03 1.245229002807413735e+03
1.325000000000000000e+03 1.295229002807414645e+03
1.375000000000000000e+03 1.345229002807414190e+03
1.425000000000000000e+03 1.395229002807414190e+03
1.475000000000000000e+03 1.445229002807414645e+03
1.525000000000000000e+03 1.495229002807415100e+03
1.575000000000000000e+03 1.545229002807415100e+03
1.625000000000000000e+03 1.595229002807415554e+03
1.675000000000000000e+03 1.645229002807415554e+03
1.725000000000000000e+03 1.695229002807416009e+03
1.775000000000000000e+03 1.745229002807416919e+03
1.825000000000000000e+03 1.795229002807416464e+03
1.875000000000000000e+03 1.845229002807416464e+03
1.925000000000000000e+03 1.895229002807416464e+03
1.975000000000000000e+03 1.945229002807416464e+03
2.025000000000000000e+03 1.995229002807416464e+03
2.075000000000000000e+03 2.045229002807416464e+03
2.125000000000000000e+03 2.095229002807418510e+03
2.175000000000000000e+03 2.145229002807418510e+03
2.225000000000000000e+03 2.195229002807420329e+03
2.275000000000000000e+03 2.245229002807420329e+03
2.325000000000000000e+03 2.295229002807420329e+03
2.375000000000000000e+03 2.345229002807420329e+03
2.425000000000000000e+03 2.395229002807420329e+03
2.475000000000000000e+03 2.445229002807419420e+03
2.525000000000000000e+03 2.495229002807420329e+03
2.575000000000000000e+03 2.545229002807420329e+03
2.625000000000000000e+03 2.595229002807421239e+03
2.675000000000000000e+03 2.645229002807420329e+03
2.725000000000000000e+03 2.695229002807421239e+03
2.775000000000000000e+03 2.745229002807421239e+03
2.825000000000000000e+03 2.795229002807421239e+03
2.875000000000000000e+03 2.845229002807422148e+03
2.925000000000000000e+03 2.895229002807422148e+03
2.975000000000000000e+03 2.945229002807422148e+03
3.025000000000000000e+03 2.995229002807422148e+03
3.075000000000000000e+03 3.045229002807422148e+03
3.125000000000000000e+03 3.095229002807422148e+03
3.175000000000000000e+03 3.145229002807422148e+03
3.225000000000000000e+03 3.195229002807422148e+03
3.275000000000000000e+03 3.245229002807422148e+03
3.325000000000000000e+03 3.295229002807422148e+03
3.375000000000000000e+03 3.345229002807422148e+03
3.425000000000000000e+03 3.395229002807422148e+03
3.475000000000000000e+03 3.445229002807422148e+03
3.525000000000000000e+03 3.495229002807422148e+03
3.575000000000000000e+03 3.545229002807422148e+03
3.625000000000000000e+03 3.595229002807422148e+03
3.675000000000000000e+03 3.645229002807422148e+03
3.725000000000000000e+03 3.695229002807422148e+03
3.775000000000000000e+03 3.745229002807422148e+03
3.825000000000000000e+03 3.795229002807422148e+03
3.875000000000000000e+03 3.845229002807422148e+03
3.925000000000000000e+03 3.895229002807422148e+03
3.975000000000000000e+03 3.945229002807422148e+03
4.025000000000000000e+03 3.995229002807422148e+03
4.075000000000000000e+03 4.045229002807422148e+03
4.125000000000000000e+03 4.095229002807422148e+03
4.175000000000000000e+03 4.145229002807424877e+03
4.225000000000000000e+03 4.195229002807425786e+03
4.275000000000000000e+03 4.245229002807425786e+03
4.325000000000000000e+03 4.295229002807425786e+03
4.375000000000000000e+03 4.345229002807425786e+03
4.425000000000000000e+03 4.395229002807423967e+03
4.475000000000000000e+03 4.445229002807425786e+03
4.525000000000000000e+03 4.495229002807425786e+03
4.575000000000000000e+03 4.545229002807423967e+03
4.625000000000000000e+03 4.595229002807422148e+03
4.675000000000000000e+03 4.645229002807420329e+03
4.725000000000000000e+03 4.695229002807420329e+03
4.775000000000000000e+03 4.745229002807416691e+03
4.825000000000000000e+03 4.795229002807416691e+03
4.875000000000000000e+03 4.845229002807418510e+03
4.925000000000000000e+03 4.895229002807418510e+03
4.975000000000000000e+03 4.945229002807418510e+03
5.025000000000000000e+03 4.995229002807418510e+03
5.075000000000000000e+03 5.045229002807418510e+03
5.125000000000000000e+03 5.095229002807418510e+03
5.175000000000000000e+03 5.145229002807418510e+03
5.225000000000000000e+03 5.195229002807418510e+03
5.275000000000000000e+03 5.245229002807418510e+03
5.325000000000000000e+03 5.295229002807418510e+03
5.375000000000000000e+03 5.345229002807418510e+03
5.425000000000000000e+03 5.395229002807418510e+03
5.475000000000000000e+03 5.445229002807418510e+03
5.525000000000000000e+03 5.495229002807418510e+03
5.575000000000000000e+03 5.545229002807418510e+03
5.625000000000000000e+03 5.595229002807418510e+03
5.675000000000000000e+03 5.645229002807418510e+03
5.725000000000000000e+03 5.695229002807418510e+03
5.775000000000000000e+03 5.745229002807418510e+03
5.825000000000000000e+03 5.795229002807418510e+03
5.875000000000000000e+03 5.845229002807418510e+03
5.925000000000000000e+03 5.895229002807418510e+03
5.975000000000000000e+03 5.945229002807418510e+03
6.025000000000000000e+03 5.995229002807418510e+03
6.075000000000000000e+03 6.045229002807418510e+03
6.125000000000000000e+03 6.095229002807418510e+03
6.175000000000000000e+03 6.145229002807418510e+03
6.225000000000000000e+03 6.195229002807418510e+03
6.275000000000000000e+03 6.245229002807418510e+03
6.325000000000000000e+03 6.295229002807418510e+03
6.375000000000000000e+03 6.345229002807418510e+03
6.425000000000000000e+03 6.395229002807418510e+03
6.475000000000000000e+03 6.445229002807418510e+03
6.525000000000000000e+03 6.495229002807418510e+03
6.575000000000000000e+03 6.545229002807418510e+03
6.625000000000000000e+03 6.595229002807418510e+03
6.675000000000000000e+03 6.645229002807418510e+03
6.725000000000000000e+03 6.695229002807418510e+03
6.775000000000000000e+03 6.745229002807418510e+03
6.825000000000000000e+03 6.795229002807418510e+03
6.875000000000000000e+03 6.845229002807418510e+03
6.925000000000000000e+03 6.895229002807418510e+03
6.975000000000000000e+03 6.945229002807418510e+03
7.025000000000000000e+03 6.995229002807418510e+03
7.075000000000000000e+03 7.045229002807418510e+03
7.125000000000000000e+03 7.095229002807418510e+03
7.175000000000000000e+03 7.145229002807418510e+03
7.225000000000000000e+03 7.195229002807418510e+03
7.275000000000000000e+03 7.245229002807418510e+03
7.325000000000000000e+03 7.295229002807418510e+03
7.375000000000000000e+03 7.345229002807418510e+03
7.425000000000000000e+03 7.395229002807418510e+03
7.475000000000000000e+03 7.445229002807418510e+03
7.525000000000000000e+03 7.495229002807418510e+03
7.575000000000000000e+03 7.545229002807418510e+03
7.625000000000000000e+03 7.595229002807418510e+03
7.675000000000000000e+03 7.645229002807418510e+03
7.725000000000000000e+03 7.695229002807418510e+03
7.775000000000000000e+03 7.745229002807418510e+03
7.825000000000000000e+03 7.795229002807418510e+03
7.875000000000000000e+03 7.845229002807418510e+03
7.925000000000000000e+03 7.895229002807418510e+03
7.975000000000000000e+03 7.945229002807418510e+03
8.025000000000000000e+03 7.995229002807418510e+03
8.075000000000000000e+03 8.045229002807418510e+03
8.125000000000000000e+03 8.095229002807418510e+03
8.175000000000000000e+03 8.145229002807418510e+03
8.225000000000000000e+03 8.195229002807418510e+03
8.275000000000000000e+03 8.245229002807416691e+03
8.325000000000000000e+03 8.295229002807416691e+03
8.375000000000000000e+03 8.345229002807418510e+03
8.425000000000000000e+03 8.395229002807418510e+03
8.475000000000000000e+03 8.445229002807420329e+03
8.525000000000000000e+03 8.495229002807425786e+03
8.575000000000000000e+03 8.545229002807423967e+03
8.625000000000000000e+03 8.595229002807422148e+03
8.675000000000000000e+03 8.645229002807425786e+03
8.725000000000000000e+03 8.695229002807425786e+03
8.775000000000000000e+03 8.745229002807425786e+03
8.825000000000000000e+03 8.795229002807425786e+03
8.875000000000000000e+03 8.845229002807422148e+03
8.925000000000000000e+03 8.895229002807418510e+03
8.975000000000000000e+03 8.945229002807418510e+03
9.025000000000000000e+03 8.995229002807418510e+03
9.075000000000000000e+03 9.045229002807418510e+03
9.125000000000000000e+03 9.095229002807418510e+03
9.175000000000000000e+03 9.145229002807418510e+03
9.225000000000000000e+03 9.195229002807418510e+03
9.275000000000000000e+03 9.245229002807418510e+03
9.325000000000000000e+03 9.295229002807418510e+03
9.375000000000000000e+03 9.345229002807418510e+03
9.425000000000000000e+03 9.395229002807418510e+03
9.475000000000000000e+03 9.445229002807418510e+03
9.525000000000000000e+03 9.495229002807418510e+03
9.575000000000000000e+03 9.545229002807418510e+03
9.625000000000000000e+03 9.595229002807418510e+03
9.675000000000000000e+03 9.645229002807418510e+03
9.725000000000000000e+03 9.695229002807418510e+03
9.775000000000000000e+03 9.745229002807418510e+03
9.825000000000000000e+03 9.795229002807418510e+03
9.875000000000000000e+03 9.845229002807418510e+03
9.925000000000000000e+03 9.895229002807418510e+03
9.975000000000000000e+03 9.945229002807418510e+03
1.002500000000000000e+04 9.995229002807418510e+03
1.007500000000000000e+04 1.004522900280741851e+04
1.012500000000000000e+04 1.009522900280741851e+04
1.017500000000000000e+04 1.014522900280741851e+04
1.022500000000000000e+04 1.019522900280741851e+04
1.027500000000000000e+04 1.024522900280741851e+04
1.032500000000000000e+04 1.029522900280741851e+04
1.037500000000000000e+04 1.034522900280741851e+04
1.042500000000000000e+04 1.039522900280741851e+04
1.047500000000000000e+04 1.044522900280741851e+04
1.052500000000000000e+04 1.049522900280741851e+04
1.057500000000000000e+04 1.054522900280741851e+04
1.062500000000000000e+04 1.059522900280741851e+04
1.067500000000000000e+04 1.064522900280741851e+04
1.072500000000000000e+04 1.069522900280741851e+04
1.077500000000000000e+04 1.074522900280741851e+04
1.082500000000000000e+04 1.079522900280741851e+04
1.087500000000000000e+04 1.084522900280741851e+04
1.092500000000000000e+04 1.089522900280741851e+04
1.097500000000000000e+04 1.094522900280741851e+04
1.102500000000000000e+04 1.099522900280741851e+04
1.107500000000000000e+04 1.104522900280741851e+04
1.112500000000000000e+04 1.109522900280741851e+04
1.117500000000000000e+04 1.114522900280741851e+04
1.122500000000000000e+04 1.119522900280741851e+04
1.127500000000000000e+04 1.124522900280741851e+04
1.132500000000000000e+04 1.129522900280741851e+04
1.137500000000000000e+04 1.134522900280741851e+04
1.142500000000000000e+04 1.139522900280741851e+04
1.147500000000000000e+04 1.144522900280741851e+04
1.152500000000000000e+04 1.149522900280741851e+04
1.157500000000000000e+04 1.154522900280741851e+04
1.162500000000000000e+04 1.159522900280741851e+04
1.167500000000000000e+04 1.164522900280741851e+04
1.172500000000000000e+04 1.169522900280741851e+04
1.177500000000000000e+04 1.174522900280741851e+04
1.182500000000000000e+04 1.179522900280741851e+04
1.187500000000000000e+04 1.184522900280741851e+04
1.192500000000000000e+04 1.189522900280741851e+04
1.197500000000000000e+04 1.194522900280741851e+04
1.202500000000000000e+04 1.199522900280741851e+04
1.207500000000000000e+04 1.204522900280741851e+04
1.212500000000000000e+04 1.209522900280741851e+04
1.217500000000000000e+04 1.214522900280741851e+04
1.222500000000000000e+04 1.219522900280741851e+04
1.227500000000000000e+04 1.224522900280741851e+04
1.232500000000000000e+04 1.229522900280741851e+04
1.237500000000000000e+04 1.234522900280741851e+04
1.242500000000000000e+04 1.239522900280741851e+04
1.247500000000000000e+04 1.244522900280741851e+04
1.252500000000000000e+04 1.249522900280741851e+04
1.257500000000000000e+04 1.254522900280741851e+04
1.262500000000000000e+04 1.259522900280741851e+04
1.267500000000000000e+04 1.264522900280741851e+04
1.272500000000000000e+04 1.269522900280741851e+04
1.277500000000000000e+04 1.274522900280741851e+04
1.282500000000000000e+04 1.279522900280741851e+04
1.287500000000000000e+04 1.284522900280741851e+04
1.292500000000000000e+04 1.289522900280741851e+04
1.297500000000000000e+04 1.294522900280741851e+04
1.302500000000000000e+04 1.299522900280741851e+04
1.307500000000000000e+04 1.304522900280741851e+04
1.312500000000000000e+04 1.309522900280741851e+04
1.317500000000000000e+04 1.314522900280741851e+04
1.322500000000000000e+04 1.319522900280741851e+04
1.327500000000000000e+04 1.324522900280741851e+04
1.332500000000000000e+04 1.329522900280741851e+04
1.337500000000000000e+04 1.334522900280741851e+04
1.342500000000000000e+04 1.339522900280741851e+04
1.347500000000000000e+04 1.344522900280741851e+04
1.352500000000000000e+04 1.349522900280741851e+04
1.357500000000000000e+04 1.354522900280741851e+04
1.362500000000000000e+04 1.359522900280741851e+04
1.367500000000000000e+04 1.364522900280741851e+04
1.372500000000000000e+04 1.369522900280741851e+04
1.377500000000000000e+04 1.374522900280741851e+04
1.382500000000000000e+04 1.379522900280741851e+04
1.387500000000000000e+04 1.384522900280741851e+04
1.392500000000000000e+04 1.389522900280741851e+04
1.397500000000000000e+04 1.394522900280741851e+04
1.402500000000000000e+04 1.399522900280741851e+04
1.407500000000000000e+04 1.404522900280741851e+04
1.412500000000000000e+04 1.409522900280741851e+04
1.417500000000000000e+04 1.414522900280741851e+04
1.422500000000000000e+04 1.419522900280741851e+04
1.427500000000000000e+04 1.424522900280741851e+04
1.432500000000000000e+04 1.429522900280741851e+04
1.437500000000000000e+04 1.434522900280741851e+04
1.442500000000000000e+04 1.439522900280741851e+04
1.447500000000000000e+04 1.444522900280741851e+04
1.452500000000000000e+04 1.449522900280741851e+04
1.457500000000000000e+04 1.454522900280741851e+04
1.462500000000000000e+04 1.459522900280741851e+04
1.467500000000000000e+04 1.464522900280741851e+04
1.472500000000000000e+04 1.469522900280741851e+04
1.477500000000000000e+04 1.474522900280741851e+04
1.482500000000000000e+04 1.479522900280741851e+04
1.487500000000000000e+04 1.484522900280741851e+04
1.492500000000000000e+04 1.489522900280741851e+04
1.497500000000000000e+04 1.494522900280741851e+04
1.502500000000000000e+04 1.499522900280741851e+04
1.507500000000000000e+04 1.504522900280741851e+04
1.512500000000000000e+04 1.509522900280741851e+04
1.517500000000000000e+04 1.514522900280741851e+04
1.522500000000000000e+04 1.519522900280741851e+04
1.527500000000000000e+04 1.524522900280741851e+04
1.532500000000000000e+04 1.529522900280741851e+04
1.537500000000000000e+04 1.534522900280741851e+04
1.542500000000000000e+04 1.539522900280741851e+04
1.547500000000000000e+04 1.544522900280741851e+04
1.552500000000000000e+04 1.549522900280741851e+04
1.557500000000000000e+04 1.554522900280741851e+04
1.562500000000000000e+04 1.559522900280741851e+04
1.567500000000000000e+04 1.564522900280741851e+04
1.572500000000000000e+04 1.569522900280741851e+04
1.577500000000000000e+04 1.574522900280741851e+04
1.582500000000000000e+04 1.579522900280741851e+04
1.587500000000000000e+04 1.584522900280741851e+04
1.592500000000000000e+04 1.589522900280741851e+04
1.597500000000000000e+04 1.594522900280741851e+04
1.602500000000000000e+04 1.599522900280741851e+04
1.607500000000000000e+04 1.604522900280741851e+04
1.612500000000000000e+04 1.609522900280741851e+04
1.617500000000000000e+04 1.614522900280741851e+04
1.622500000000000000e+04 1.619522900280741851e+04
1.627500000000000000e+04 1.624522900280741851e+04
1.632500000000000000e+04 1.629522900280741851e+04
1.637500000000000000e+04 1.634522900280741851e+04
1.642500000000000000e+04 1.639522900280741669e+04
1.647500000000000000e+04 1.644522900280741669e+04
1.652500000000000000e+04 1.649522900280742033e+04
1.657500000000000000e+04 1.654522900280741305e+04
1.662500000000000000e+04 1.659522900280740942e+04
1.667500000000000000e+04 1.664522900280740214e+04
1.672500000000000000e+04 1.669522900280739850e+04
1.677500000000000000e+04 1.674522900280740578e+04
1.682500000000000000e+04 1.679522900280741305e+04
1.687500000000000000e+04 1.684522900280740578e+04
1.692500000000000000e+04 1.689522900280740578e+04
1.697500000000000000e+04 1.694522900280740578e+04
1.702500000000000000e+04 1.699522900280740578e+04
1.707500000000000000e+04 1.704522900280740578e+04
1.712500000000000000e+04 1.709522900280740578e+04
1.717500000000000000e+04 1.714522900280740578e+04
1.722500000000000000e+04 1.719522900280740578e+04
1.727500000000000000e+04 1.724522900280740578e+04
1.732500000000000000e+04 1.729522900280740578e+04
1.737500000000000000e+04 1.734522900280740578e+04
1.742500000000000000e+04 1.739522900280740578e+04
1.747500000000000000e+04 1.744522900280740578e+04
1.752500000000000000e+04 1.749522900280740578e+04
1.757500000000000000e+04 1.754522900280740578e+04
1.762500000000000000e+04 1.759522900280740578e+04
1.767500000000000000e+04 1.764522900280740578e+04
1.772500000000000000e+04 1.769522900280740578e+04
1.777500000000000000e+04 1.774522900280740578e+04
1.782500000000000000e+04 1.779522900280740578e+04
1.787500000000000000e+04 1.784522900280740578e+04
1.792500000000000000e+04 1.789522900280740578e+04
1.797500000000000000e+04 1.794522900280740578e+04
1.802500000000000000e+04 1.799522900280740578e+04
1.807500000000000000e+04 1.804522900280740578e+04
1.812500000000000000e+04 1.809522900280740578e+04
1.817500000000000000e+04 1.814522900280740578e+04
1.822500000000000000e+04 1.819522900280740578e+04
1.827500000000000000e+04 1.824522900280740578e+04
1.832500000000000000e+04 1.829522900280740578e+04
1.837500000000000000e+04 1.834522900280740578e+04
1.842500000000000000e+04 1.839522900280740578e+04
1.847500000000000000e+04 1.844522900280740578e+04
1.852500000000000000e+04 1.849522900280740578e+04
1.857500000000000000e+04 1.854522900280740578e+04
1.862500000000000000e+04 1.859522900280740578e+04
1.867500000000000000e+04 1.864522900280740578e+04
1.872500000000000000e+04 1.869522900280740578e+04
1.877500000000000000e+04 1.874522900280740578e+04
1.882500000000000000e+04 1.879522900280740578e+04
1.887500000000000000e+04 1.884522900280740578e+04
1.892500000000000000e+04 1.889522900280740578e+04
1.897500000000000000e+04 1.894522900280740578e+04
1.902500000000000000e+04 1.899522900280740578e+04
1.907500000000000000e+04 1.904522900280740578e+04
1.912500000000000000e+04 1.909522900280740578e+04
1.917500000000000000e+04 1.914522900280740578e+04
1.922500000000000000e+04 1.919522900280740578e+04
1.927500000000000000e+04 1.924522900280740578e+04
1.932500000000000000e+04 1.929522900280740578e+04
1.937500000000000000e+04 1.934522900280740578e+04
1.942500000000000000e+04 1.939522900280740578e+04
1.947500000000000000e+04 1.944522900280740578e+04
1.952500000000000000e+04 1.949522900280740578e+04
1.957500000000000000e+04 1.954522900280740578e+04
1.962500000000000000e+04 1.959522900280740578e+04
1.967500000000000000e+04 1.964522900280740578e+04
1.972500000000000000e+04 1.969522900280740578e+04
1.977500000000000000e+04 1.974522900280740578e+04
1.982500000000000000e+04 1.979522900280740578e+04
1.987500000000000000e+04 1.984522900280740578e+04
1.992500000000000000e+04 1.989522900280740578e+04
