8.250000000000000000e+02 8.226995334343250761e+02
8.750000000000000000e+02 8.726995334343253035e+02
9.250000000000000000e+02 9.226995334343253035e+02
9.750000000000000000e+02 9.726995334343255308e+02
1.025000000000000000e+03 1.022699533434325303e+03
1.075000000000000000e+03 1.072699533434325303e+03
1.125000000000000000e+03 1.122699533434325986e+03
1.175000000000000000e+03 1.172699533434325531e+03
1.225000000000000000e+03 1.222699533434326440e+03
1.275000000000000000e+03 1.272699533434326895e+03
1.325000000000000000e+03 1.322699533434326895e+03
1.375000000000000000e+03 1.372699533434326895e+03
1.425000000000000000e+03 1.422699533434326895e+03
1.475000000000000000e+03 1.472699533434325986e+03
1.525000000000000000e+03 1.522699533434325986e+03
1.575000000000000000e+03 1.572699533434325986e+03
1.625000000000000000e+03 1.622699533434325986e+03
1.675000000000000000e+03 1.672699533434325531e+03
1.725000000000000000e+03 1.722699533434325531e+03
1.775000000000000000e+03 1.772699533434325986e+03
1.825000000000000000e+03 1.822699533434326440e+03
1.875000000000000000e+03 1.872699533434326440e+03
1.925000000000000000e+03 1.922699533434326440e+03
1.975000000000000000e+03 1.972699533434326440e+03
2.025000000000000000e+03 2.022699533434326440e+03
2.075000000000000000e+03 2.072699533434326440e+03
2.125000000000000000e+03 2.122699533434326895e+03
2.175000000000000000e+03 2.172699533434326895e+03
2.225000000000000000e+03 2.222699533434324167e+03
2.275000000000000000e+03 2.272699533434323257e+03
2.325000000000000000e+03 2.322699533434323257e+03
2.375000000000000000e+03 2.372699533434322348e+03
2.425000000000000000e+03 2.422699533434321438e+03
2.475000000000000000e+03 2.472699533434321438e+03
2.525000000000000000e+03 2.522699533434322348e+03
2.575000000000000000e+03 2.572699533434322348e+03
2.625000000000000000e+03 2.622699533434323257e+03
2.675000000000000000e+03 2.672699533434322348e+03
2.725000000000000000e+03 2.722699533434323257e+03
2.775000000000000000e+03 2.772699533434323257e+03
2.825000000000000000e+03 2.822699533434323257e+03
2.875000000000000000e+03 2.872699533434322348e+03
2.925000000000000000e+03 2.922699533434322348e+03
2.975000000000000000e+03 2.972699533434322348e+03
3.025000000000000000e+03 3.022699533434322348e+03
3.075000000000000000e+03 3.072699533434322348e+03
3.125000000000000000e+03 3.122699533434322348e+03
3.175000000000000000e+03 3.172699533434322348e+03
3.225000000000000000e+03 3.222699533434322348e+03
3.275000000000000000e+03 3.272699533434322348e+03
3.325000000000000000e+03 3.322699533434322348e+03
3.375000000000000000e+03 3.372699533434322348e+03
3.425000000000000000e+03 3.422699533434322348e+03
3.475000000000000000e+03 3.472699533434322348e+03
3.525000000000000000e+03 3.522699533434322348e+03
3.575000000000000000e+03 3.572699533434322348e+03
3.625000000000000000e+03 3.622699533434322348e+03
3.675000000000000000e+03 3.672699533434322348e+03
3.725000000000000000e+03 3.722699533434322348e+03
3.775000000000000000e+03 3.772699533434322348e+03
3.825000000000000000e+03 3.822699533434322348e+03
3.875000000000000000e+03 3.872699533434322348e+03
3.925000000000000000e+03 3.922699533434322348e+03
3.975000000000000000e+03 3.972699533434322348e+03
4.025000000000000000e+03 4.022699533434322348e+03
4.075000000000000000e+03 4.072699533434322348e+03
4.125000000000000000e+03 4.122699533434324621e+03
4.175000000000000000e+03 4.172699533434321893e+03
4.225000000000000000e+03 4.222699533434322802e+03
4.275000000000000000e+03 4.272699533434324621e+03
4.325000000000000000e+03 4.322699533434323712e+03
4.375000000000000000e+03 4.372699533434323712e+03
4.425000000000000000e+03 4.422699533434325531e+03
4.475000000000000000e+03 4.472699533434327350e+03
4.525000000000000000e+03 4.522699533434330078e+03
4.575000000000000000e+03 4.572699533434330988e+03
4.625000000000000000e+03 4.622699533434330988e+03
4.675000000000000000e+03 4.672699533434330988e+03
4.725000000000000000e+03 4.722699533434329169e+03
4.775000000000000000e+03 4.772699533434330988e+03
4.825000000000000000e+03 4.822699533434330988e+03
4.875000000000000000e+03 4.872699533434329169e+03
4.925000000000000000e+03 4.922699533434329169e+03
4.975000000000000000e+03 4.972699533434329169e+03
5.025000000000000000e+03 5.022699533434329169e+03
5.075000000000000000e+03 5.072699533434329169e+03
5.125000000000000000e+03 5.122699533434329169e+03
5.175000000000000000e+03 5.172699533434329169e+03
5.225000000000000000e+03 5.222699533434329169e+03
5.275000000000000000e+03 5.272699533434329169e+03
5.325000000000000000e+03 5.322699533434329169e+03
5.375000000000000000e+03 5.372699533434329169e+03
5.425000000000000000e+03 5.422699533434329169e+03
5.475000000000000000e+03 5.472699533434329169e+03
5.525000000000000000e+03 5.522699533434329169e+03
5.575000000000000000e+03 5.572699533434329169e+03
5.625000000000000000e+03 5.622699533434329169e+03
5.675000000000000000e+03 5.672699533434329169e+03
5.725000000000000000e+03 5.722699533434329169e+03
5.775000000000000000e+03 5.772699533434329169e+03
5.825000000000000000e+03 5.822699533434329169e+03
5.875000000000000000e+03 5.872699533434329169e+03
5.925000000000000000e+03 5.922699533434329169e+03
5.975000000000000000e+03 5.972699533434329169e+03
6.025000000000000000e+03 6.022699533434329169e+03
6.075000000000000000e+03 6.072699533434329169e+03
6.125000000000000000e+03 6.122699533434329169e+03
6.175000000000000000e+03 6.172699533434329169e+03
6.225000000000000000e+03 6.222699533434329169e+03
6.275000000000000000e+03 6.272699533434329169e+03
6.325000000000000000e+03 6.322699533434329169e+03
6.375000000000000000e+03 6.372699533434329169e+03
6.425000000000000000e+03 6.422699533434329169e+03
6.475000000000000000e+03 6.472699533434329169e+03
6.525000000000000000e+03 6.522699533434329169e+03
6.575000000000000000e+03 6.572699533434329169e+03
6.625000000000000000e+03 6.622699533434329169e+03
6.675000000000000000e+03 6.672699533434329169e+03
6.725000000000000000e+03 6.722699533434329169e+03
6.775000000000000000e+03 6.772699533434329169e+03
6.825000000000000000e+03 6.822699533434329169e+03
6.875000000000000000e+03 6.872699533434329169e+03
6.925000000000000000e+03 6.922699533434329169e+03
6.975000000000000000e+03 6.972699533434329169e+03
7.025000000000000000e+03 7.022699533434329169e+03
7.075000000000000000e+03 7.072699533434329169e+03
7.125000000000000000e+03 7.122699533434329169e+03
7.175000000000000000e+03 7.172699533434329169e+03
7.225000000000000000e+03 7.222699533434329169e+03
7.275000000000000000e+03 7.272699533434329169e+03
7.325000000000000000e+03 7.322699533434329169e+03
7.375000000000000000e+03 7.372699533434329169e+03
7.425000000000000000e+03 7.422699533434329169e+03
7.475000000000000000e+03 7.472699533434329169e+03
7.525000000000000000e+03 7.522699533434329169e+03
7.575000000000000000e+03 7.572699533434329169e+03
7.625000000000000000e+03 7.622699533434329169e+03
7.675000000000000000e+03 7.672699533434329169e+03
7.725000000000000000e+03 7.722699533434329169e+03
7.775000000000000000e+03 7.772699533434329169e+03
7.825000000000000000e+03 7.822699533434329169e+03
7.875000000000000000e+03 7.872699533434329169e+03
7.925000000000000000e+03 7.922699533434329169e+03
7.975000000000000000e+03 7.972699533434329169e+03
8.025000000000000000e+03 8.022699533434329169e+03
8.075000000000000000e+03 8.072699533434329169e+03
8.125000000000000000e+03 8.122699533434329169e+03
8.175000000000000000e+03 8.172699533434329169e+03
8.225000000000000000e+03 8.222699533434326440e+03
8.275000000000000000e+03 8.272699533434330078e+03
8.325000000000000000e+03 8.322699533434330078e+03
8.375000000000000000e+03 8.372699533434326440e+03
8.425000000000000000e+03 8.422699533434326440e+03
8.475000000000000000e+03 8.472699533434326440e+03
8.525000000000000000e+03 8.522699533434330078e+03
8.575000000000000000e+03 8.572699533434322802e+03
8.625000000000000000e+03 8.622699533434319164e+03
8.675000000000000000e+03 8.672699533434315526e+03
8.725000000000000000e+03 8.722699533434315526e+03
8.775000000000000000e+03 8.772699533434322802e+03
8.825000000000000000e+03 8.822699533434322802e+03
8.875000000000000000e+03 8.872699533434319164e+03
8.925000000000000000e+03 8.922699533434319164e+03
8.975000000000000000e+03 8.972699533434322802e+03
9.025000000000000000e+03 9.022699533434322802e+03
9.075000000000000000e+03 9.072699533434322802e+03
9.125000000000000000e+03 9.122699533434322802e+03
9.175000000000000000e+03 9.172699533434322802e+03
9.225000000000000000e+03 9.222699533434322802e+03
9.275000000000000000e+03 9.272699533434322802e+03
9.325000000000000000e+03 9.322699533434322802e+03
9.375000000000000000e+03 9.372699533434322802e+03
9.425000000000000000e+03 9.422699533434322802e+03
9.475000000000000000e+03 9.472699533434322802e+03
9.525000000000000000e+03 9.522699533434322802e+03
9.575000000000000000e+03 9.572699533434322802e+03
9.625000000000000000e+03 9.622699533434322802e+03
9.675000000000000000e+03 9.672699533434322802e+03
9.725000000000000000e+03 9.722699533434322802e+03
9.775000000000000000e+03 9.772699533434322802e+03
9.825000000000000000e+03 9.822699533434322802e+03
9.875000000000000000e+03 9.872699533434322802e+03
9.925000000000000000e+03 9.922699533434322802e+03
9.975000000000000000e+03 9.972699533434322802e+03
1.002500000000000000e+04 1.002269953343432280e+04
1.007500000000000000e+04 1.007269953343432280e+04
1.012500000000000000e+04 1.012269953343432280e+04
1.017500000000000000e+04 1.017269953343432280e+04
1.022500000000000000e+04 1.022269953343432280e+04
1.027500000000000000e+04 1.027269953343432280e+04
1.032500000000000000e+04 1.032269953343432280e+04
1.037500000000000000e+04 1.037269953343432280e+04
1.042500000000000000e+04 1.042269953343432280e+04
1.047500000000000000e+04 1.047269953343432280e+04
1.052500000000000000e+04 1.052269953343432280e+04
1.057500000000000000e+04 1.057269953343432280e+04
1.062500000000000000e+04 1.062269953343432280e+04
1.067500000000000000e+04 1.067269953343432280e+04
1.072500000000000000e+04 1.072269953343432280e+04
1.077500000000000000e+04 1.077269953343432280e+04
1.082500000000000000e+04 1.082269953343432280e+04
1.087500000000000000e+04 1.087269953343432280e+04
1.092500000000000000e+04 1.092269953343432280e+04
1.097500000000000000e+04 1.097269953343432280e+04
1.102500000000000000e+04 1.102269953343432280e+04
1.107500000000000000e+04 1.107269953343432280e+04
1.112500000000000000e+04 1.112269953343432280e+04
1.117500000000000000e+04 1.117269953343432280e+04
1.122500000000000000e+04 1.122269953343432280e+04
1.127500000000000000e+04 1.127269953343432280e+04
1.132500000000000000e+04 1.132269953343432280e+04
1.137500000000000000e+04 1.137269953343432280e+04
1.142500000000000000e+04 1.142269953343432280e+04
1.147500000000000000e+04 1.147269953343432280e+04
1.152500000000000000e+04 1.152269953343432280e+04
1.157500000000000000e+04 1.157269953343432280e+04
1.162500000000000000e+04 1.162269953343432280e+04
1.167500000000000000e+04 1.167269953343432280e+04
1.172500000000000000e+04 1.172269953343432280e+04
1.177500000000000000e+04 1.177269953343432280e+04
1.182500000000000000e+04 1.182269953343432280e+04
1.187500000000000000e+04 1.187269953343432280e+04
1.192500000000000000e+04 1.192269953343432280e+04
1.197500000000000000e+04 1.197269953343432280e+04
1.202500000000000000e+04 1.202269953343432280e+04
1.207500000000000000e+04 1.207269953343432280e+04
1.212500000000000000e+04 1.212269953343432280e+04
1.217500000000000000e+04 1.217269953343432280e+04
1.222500000000000000e+04 1.222269953343432280e+04
1.227500000000000000e+04 1.227269953343432280e+04
1.232500000000000000e+04 1.232269953343432280e+04
1.237500000000000000e+04 1.237269953343432280e+04
1.242500000000000000e+04 1.242269953343432280e+04
1.247500000000000000e+04 1.247269953343432280e+04
1.252500000000000000e+04 1.252269953343432280e+04
1.257500000000000000e+04 1.257269953343432280e+04
1.262500000000000000e+04 1.262269953343432280e+04
1.267500000000000000e+04 1.267269953343432280e+04
1.272500000000000000e+04 1.272269953343432280e+04
1.277500000000000000e+04 1.277269953343432280e+04
1.282500000000000000e+04 1.282269953343432280e+04
1.287500000000000000e+04 1.287269953343432280e+04
1.292500000000000000e+04 1.292269953343432280e+04
1.297500000000000000e+04 1.297269953343432280e+04
1.302500000000000000e+04 1.302269953343432280e+04
1.307500000000000000e+04 1.307269953343432280e+04
1.312500000000000000e+04 1.312269953343432280e+04
1.317500000000000000e+04 1.317269953343432280e+04
1.322500000000000000e+04 1.322269953343432280e+04
1.327500000000000000e+04 1.327269953343432280e+04
1.332500000000000000e+04 1.332269953343432280e+04
1.337500000000000000e+04 1.337269953343432280e+04
1.342500000000000000e+04 1.342269953343432280e+04
1.347500000000000000e+04 1.347269953343432280e+04
1.352500000000000000e+04 1.352269953343432280e+04
1.357500000000000000e+04 1.357269953343432280e+04
1.362500000000000000e+04 1.362269953343432280e+04
1.367500000000000000e+04 1.367269953343432280e+04
1.372500000000000000e+04 1.372269953343432280e+04
1.377500000000000000e+04 1.377269953343432280e+04
1.382500000000000000e+04 1.382269953343432280e+04
1.387500000000000000e+04 1.387269953343432280e+04
1.392500000000000000e+04 1.392269953343432280e+04
1.397500000000000000e+04 1.397269953343432280e+04
1.402500000000000000e+04 1.402269953343432280e+04
1.407500000000000000e+04 1.407269953343432280e+04
1.412500000000000000e+04 1.412269953343432280e+04
1.417500000000000000e+04 1.417269953343432280e+04
1.422500000000000000e+04 1.422269953343432280e+04
1.427500000000000000e+04 1.427269953343432280e+04
1.432500000000000000e+04 1.432269953343432280e+04
1.437500000000000000e+04 1.437269953343432280e+04
1.442500000000000000e+04 1.442269953343432280e+04
1.447500000000000000e+04 1.447269953343432280e+04
1.452500000000000000e+04 1.452269953343432280e+04
1.457500000000000000e+04 1.457269953343432280e+04
1.462500000000000000e+04 1.462269953343432280e+04
1.467500000000000000e+04 1.467269953343432280e+04
1.472500000000000000e+04 1.472269953343432280e+04
1.477500000000000000e+04 1.477269953343432280e+04
1.482500000000000000e+04 1.482269953343432280e+04
1.487500000000000000e+04 1.487269953343432280e+04
1.492500000000000000e+04 1.492269953343432280e+04
1.497500000000000000e+04 1.497269953343432280e+04
1.502500000000000000e+04 1.502269953343432280e+04
1.507500000000000000e+04 1.507269953343432280e+04
1.512500000000000000e+04 1.512269953343432280e+04
1.517500000000000000e+04 1.517269953343432280e+04
1.522500000000000000e+04 1.522269953343432280e+04
1.527500000000000000e+04 1.527269953343432280e+04
1.532500000000000000e+04 1.532269953343432280e+04
1.537500000000000000e+04 1.537269953343432280e+04
1.542500000000000000e+04 1.542269953343432280e+04
1.547500000000000000e+04 1.547269953343432280e+04
1.552500000000000000e+04 1.552269953343432280e+04
1.557500000000000000e+04 1.557269953343432280e+04
1.562500000000000000e+04 1.562269953343432280e+04
1.567500000000000000e+04 1.567269953343432280e+04
1.572500000000000000e+04 1.572269953343432280e+04
1.577500000000000000e+04 1.577269953343432280e+04
1.582500000000000000e+04 1.582269953343432280e+04
1.587500000000000000e+04 1.587269953343432280e+04
1.592500000000000000e+04 1.592269953343432280e+04
1.597500000000000000e+04 1.597269953343432280e+04
1.602500000000000000e+04 1.602269953343432280e+04
1.607500000000000000e+04 1.607269953343432280e+04
1.612500000000000000e+04 1.612269953343432280e+04
1.617500000000000000e+04 1.617269953343432280e+04
1.622500000000000000e+04 1.622269953343432280e+04
1.627500000000000000e+04 1.627269953343432280e+04
1.632500000000000000e+04 1.632269953343432280e+04
1.637500000000000000e+04 1.637269953343432280e+04
1.642500000000000000e+04 1.642269953343432280e+04
1.647500000000000000e+04 1.647269953343432280e+04
1.652500000000000000e+04 1.652269953343432644e+04
1.657500000000000000e+04 1.657269953343432280e+04
1.662500000000000000e+04 1.662269953343431916e+04
1.667500000000000000e+04 1.667269953343431916e+04
1.672500000000000000e+04 1.672269953343431189e+04
1.677500000000000000e+04 1.677269953343431553e+04
1.682500000000000000e+04 1.682269953343432280e+04
1.687500000000000000e+04 1.687269953343431916e+04
1.692500000000000000e+04 1.692269953343431916e+04
1.697500000000000000e+04 1.697269953343431553e+04
1.702500000000000000e+04 1.702269953343431189e+04
1.707500000000000000e+04 1.707269953343431916e+04
1.712500000000000000e+04 1.712269953343431189e+04
1.717500000000000000e+04 1.717269953343431189e+04
1.722500000000000000e+04 1.722269953343431189e+04
1.727500000000000000e+04 1.727269953343431189e+04
1.732500000000000000e+04 1.732269953343431189e+04
1.737500000000000000e+04 1.737269953343431189e+04
1.742500000000000000e+04 1.742269953343431189e+04
1.747500000000000000e+04 1.747269953343431189e+04
1.752500000000000000e+04 1.752269953343431189e+04
1.757500000000000000e+04 1.757269953343431189e+04
1.762500000000000000e+04 1.762269953343431189e+04
1.767500000000000000e+04 1.767269953343431189e+04
1.772500000000000000e+04 1.772269953343431189e+04
1.777500000000000000e+04 1.777269953343431189e+04
1.782500000000000000e+04 1.782269953343431189e+04
1.787500000000000000e+04 1.787269953343431189e+04
1.792500000000000000e+04 1.792269953343431189e+04
1.797500000000000000e+04 1.797269953343431189e+04
1.802500000000000000e+04 1.802269953343431189e+04
1.807500000000000000e+04 1.807269953343431189e+04
1.812500000000000000e+04 1.812269953343431189e+04
1.817500000000000000e+04 1.817269953343431189e+04
1.822500000000000000e+04 1.822269953343431189e+04
1.827500000000000000e+04 1.827269953343431189e+04
1.832500000000000000e+04 1.832269953343431189e+04
1.837500000000000000e+04 1.837269953343431189e+04
1.842500000000000000e+04 1.842269953343431189e+04
1.847500000000000000e+04 1.847269953343431189e+04
1.852500000000000000e+04 1.852269953343431189e+04
1.857500000000000000e+04 1.857269953343431189e+04
1.862500000000000000e+04 1.862269953343431189e+04
1.867500000000000000e+04 1.867269953343431189e+04
1.872500000000000000e+04 1.872269953343431189e+04
1.877500000000000000e+04 1.877269953343431189e+04
1.882500000000000000e+04 1.882269953343431189e+04
1.887500000000000000e+04 1.887269953343431189e+04
1.892500000000000000e+04 1.892269953343431189e+04
1.897500000000000000e+04 1.897269953343431189e+04
1.902500000000000000e+04 1.902269953343431189e+04
1.907500000000000000e+04 1.907269953343431189e+04
1.912500000000000000e+04 1.912269953343431189e+04
1.917500000000000000e+04 1.917269953343431189e+04
1.922500000000000000e+04 1.922269953343431189e+04
1.927500000000000000e+04 1.927269953343431189e+04
1.932500000000000000e+04 1.932269953343431189e+04
1.937500000000000000e+04 1.937269953343431189e+04
1.942500000000000000e+04 1.942269953343431189e+04
1.947500000000000000e+04 1.947269953343431189e+04
1.952500000000000000e+04 1.952269953343431189e+04
1.957500000000000000e+04 1.957269953343431189e+04
1.962500000000000000e+04 1.962269953343431189e+04
1.967500000000000000e+04 1.967269953343431189e+04
1.972500000000000000e+04 1.972269953343431189e+04
1.977500000000000000e+04 1.977269953343431189e+04
1.982500000000000000e+04 1.982269953343431189e+04
1.987500000000000000e+04 1.987269953343431189e+04
1.992500000000000000e+04 1.992269953343431189e+04
