1.425000000000000000e+03 1.416821740920438288e+03
1.475000000000000000e+03 1.466821740920437833e+03
1.525000000000000000e+03 1.516821740920437833e+03
1.575000000000000000e+03 1.566821740920437378e+03
1.625000000000000000e+03 1.616821740920437833e+03
1.675000000000000000e+03 1.666821740920437378e+03
1.725000000000000000e+03 1.716821740920437378e+03
1.775000000000000000e+03 1.766821740920437378e+03
1.825000000000000000e+03 1.816821740920437378e+03
1.875000000000000000e+03 1.866821740920437378e+03
1.925000000000000000e+03 1.916821740920437378e+03
1.975000000000000000e+03 1.966821740920437378e+03
2.025000000000000000e+03 2.016821740920437378e+03
2.075000000000000000e+03 2.066821740920438970e+03
2.125000000000000000e+03 2.116821740920437151e+03
2.175000000000000000e+03 2.166821740920435332e+03
2.225000000000000000e+03 2.216821740920435332e+03
2.275000000000000000e+03 2.266821740920435332e+03
2.325000000000000000e+03 2.316821740920435332e+03
2.375000000000000000e+03 2.366821740920434422e+03
2.425000000000000000e+03 2.416821740920435332e+03
2.475000000000000000e+03 2.466821740920436241e+03
2.525000000000000000e+03 2.516821740920435332e+03
2.575000000000000000e+03 2.566821740920436241e+03
2.625000000000000000e+03 2.616821740920436241e+03
2.675000000000000000e+03 2.666821740920436241e+03
2.725000000000000000e+03 2.716821740920436241e+03
2.775000000000000000e+03 2.766821740920435332e+03
2.825000000000000000e+03 2.816821740920435332e+03
2.875000000000000000e+03 2.866821740920434422e+03
2.925000000000000000e+03 2.916821740920434422e+03
2.975000000000000000e+03 2.966821740920434422e+03
3.025000000000000000e+03 3.016821740920433513e+03
3.075000000000000000e+03 3.066821740920434422e+03
3.125000000000000000e+03 3.116821740920434422e+03
3.175000000000000000e+03 3.166821740920435332e+03
3.225000000000000000e+03 3.216821740920434422e+03
3.275000000000000000e+03 3.266821740920434422e+03
3.325000000000000000e+03 3.316821740920432603e+03
3.375000000000000000e+03 3.366821740920432603e+03
3.425000000000000000e+03 3.416821740920432603e+03
3.475000000000000000e+03 3.466821740920433513e+03
3.525000000000000000e+03 3.516821740920433513e+03
3.575000000000000000e+03 3.566821740920433513e+03
3.625000000000000000e+03 3.616821740920433513e+03
3.675000000000000000e+03 3.666821740920433513e+03
3.725000000000000000e+03 3.716821740920433513e+03
3.775000000000000000e+03 3.766821740920433513e+03
3.825000000000000000e+03 3.816821740920433513e+03
3.875000000000000000e+03 3.866821740920433513e+03
3.925000000000000000e+03 3.916821740920433513e+03
3.975000000000000000e+03 3.966821740920433513e+03
4.025000000000000000e+03 4.016821740920433513e+03
4.075000000000000000e+03 4.066821740920433513e+03
4.125000000000000000e+03 4.116821740920432603e+03
4.175000000000000000e+03 4.166821740920434422e+03
4.225000000000000000e+03 4.216821740920436241e+03
4.275000000000000000e+03 4.266821740920437151e+03
4.325000000000000000e+03 4.316821740920437151e+03
4.375000000000000000e+03 4.366821740920434422e+03
4.425000000000000000e+03 4.416821740920436241e+03
4.475000000000000000e+03 4.466821740920435332e+03
4.525000000000000000e+03 4.516821740920435332e+03
4.575000000000000000e+03 4.566821740920438060e+03
4.625000000000000000e+03 4.616821740920434422e+03
4.675000000000000000e+03 4.666821740920436241e+03
4.725000000000000000e+03 4.716821740920438060e+03
4.775000000000000000e+03 4.766821740920436241e+03
4.825000000000000000e+03 4.816821740920436241e+03
4.875000000000000000e+03 4.866821740920436241e+03
4.925000000000000000e+03 4.916821740920434422e+03
4.975000000000000000e+03 4.966821740920434422e+03
5.025000000000000000e+03 5.016821740920434422e+03
5.075000000000000000e+03 5.066821740920434422e+03
5.125000000000000000e+03 5.116821740920434422e+03
5.175000000000000000e+03 5.166821740920432603e+03
5.225000000000000000e+03 5.216821740920432603e+03
5.275000000000000000e+03 5.266821740920432603e+03
5.325000000000000000e+03 5.316821740920434422e+03
5.375000000000000000e+03 5.366821740920436241e+03
5.425000000000000000e+03 5.416821740920436241e+03
5.475000000000000000e+03 5.466821740920434422e+03
5.525000000000000000e+03 5.516821740920434422e+03
5.575000000000000000e+03 5.566821740920434422e+03
5.625000000000000000e+03 5.616821740920434422e+03
5.675000000000000000e+03 5.666821740920434422e+03
5.725000000000000000e+03 5.716821740920434422e+03
5.775000000000000000e+03 5.766821740920434422e+03
5.825000000000000000e+03 5.816821740920434422e+03
5.875000000000000000e+03 5.866821740920434422e+03
5.925000000000000000e+03 5.916821740920434422e+03
5.975000000000000000e+03 5.966821740920434422e+03
6.025000000000000000e+03 6.016821740920434422e+03
6.075000000000000000e+03 6.066821740920434422e+03
6.125000000000000000e+03 6.116821740920434422e+03
6.175000000000000000e+03 6.166821740920434422e+03
6.225000000000000000e+03 6.216821740920434422e+03
6.275000000000000000e+03 6.266821740920434422e+03
6.325000000000000000e+03 6.316821740920434422e+03
6.375000000000000000e+03 6.366821740920434422e+03
6.425000000000000000e+03 6.416821740920434422e+03
6.475000000000000000e+03 6.466821740920434422e+03
6.525000000000000000e+03 6.516821740920434422e+03
6.575000000000000000e+03 6.566821740920434422e+03
6.625000000000000000e+03 6.616821740920434422e+03
6.675000000000000000e+03 6.666821740920434422e+03
6.725000000000000000e+03 6.716821740920434422e+03
6.775000000000000000e+03 6.766821740920434422e+03
6.825000000000000000e+03 6.816821740920434422e+03
6.875000000000000000e+03 6.866821740920434422e+03
6.925000000000000000e+03 6.916821740920434422e+03
6.975000000000000000e+03 6.966821740920434422e+03
7.025000000000000000e+03 7.016821740920434422e+03
7.075000000000000000e+03 7.066821740920434422e+03
7.125000000000000000e+03 7.116821740920434422e+03
7.175000000000000000e+03 7.166821740920434422e+03
7.225000000000000000e+03 7.216821740920434422e+03
7.275000000000000000e+03 7.266821740920434422e+03
7.325000000000000000e+03 7.316821740920434422e+03
7.375000000000000000e+03 7.366821740920434422e+03
7.425000000000000000e+03 7.416821740920434422e+03
7.475000000000000000e+03 7.466821740920434422e+03
7.525000000000000000e+03 7.516821740920434422e+03
7.575000000000000000e+03 7.566821740920434422e+03
7.625000000000000000e+03 7.616821740920434422e+03
7.675000000000000000e+03 7.666821740920434422e+03
7.725000000000000000e+03 7.716821740920434422e+03
7.775000000000000000e+03 7.766821740920434422e+03
7.825000000000000000e+03 7.816821740920434422e+03
7.875000000000000000e+03 7.866821740920434422e+03
7.925000000000000000e+03 7.916821740920434422e+03
7.975000000000000000e+03 7.966821740920434422e+03
8.025000000000000000e+03 8.016821740920434422e+03
8.075000000000000000e+03 8.066821740920434422e+03
8.125000000000000000e+03 8.116821740920434422e+03
8.175000000000000000e+03 8.166821740920434422e+03
8.225000000000000000e+03 8.216821740920431694e+03
8.275000000000000000e+03 8.266821740920429875e+03
8.325000000000000000e+03 8.316821740920428056e+03
8.375000000000000000e+03 8.366821740920428056e+03
8.425000000000000000e+03 8.416821740920429875e+03
8.475000000000000000e+03 8.466821740920438970e+03
8.525000000000000000e+03 8.516821740920438970e+03
8.575000000000000000e+03 8.566821740920442608e+03
8.625000000000000000e+03 8.616821740920438970e+03
8.675000000000000000e+03 8.666821740920438970e+03
8.725000000000000000e+03 8.716821740920438970e+03
8.775000000000000000e+03 8.766821740920435332e+03
8.825000000000000000e+03 8.816821740920435332e+03
8.875000000000000000e+03 8.866821740920435332e+03
8.925000000000000000e+03 8.916821740920438970e+03
8.975000000000000000e+03 8.966821740920442608e+03
9.025000000000000000e+03 9.016821740920449884e+03
9.075000000000000000e+03 9.066821740920453522e+03
9.125000000000000000e+03 9.116821740920449884e+03
9.175000000000000000e+03 9.166821740920453522e+03
9.225000000000000000e+03 9.216821740920453522e+03
9.275000000000000000e+03 9.266821740920453522e+03
9.325000000000000000e+03 9.316821740920453522e+03
9.375000000000000000e+03 9.366821740920453522e+03
9.425000000000000000e+03 9.416821740920457160e+03
9.475000000000000000e+03 9.466821740920457160e+03
9.525000000000000000e+03 9.516821740920457160e+03
9.575000000000000000e+03 9.566821740920457160e+03
9.625000000000000000e+03 9.616821740920460797e+03
9.675000000000000000e+03 9.666821740920460797e+03
9.725000000000000000e+03 9.716821740920460797e+03
9.775000000000000000e+03 9.766821740920460797e+03
9.825000000000000000e+03 9.816821740920460797e+03
9.875000000000000000e+03 9.866821740920460797e+03
9.925000000000000000e+03 9.916821740920460797e+03
9.975000000000000000e+03 9.966821740920460797e+03
1.002500000000000000e+04 1.001682174092046080e+04
1.007500000000000000e+04 1.006682174092046080e+04
1.012500000000000000e+04 1.011682174092046080e+04
1.017500000000000000e+04 1.016682174092046080e+04
1.022500000000000000e+04 1.021682174092046080e+04
1.027500000000000000e+04 1.026682174092046080e+04
1.032500000000000000e+04 1.031682174092046080e+04
1.037500000000000000e+04 1.036682174092046080e+04
1.042500000000000000e+04 1.041682174092046080e+04
1.047500000000000000e+04 1.046682174092046080e+04
1.052500000000000000e+04 1.051682174092046080e+04
1.057500000000000000e+04 1.056682174092046080e+04
1.062500000000000000e+04 1.061682174092046080e+04
1.067500000000000000e+04 1.066682174092046080e+04
1.072500000000000000e+04 1.071682174092046080e+04
1.077500000000000000e+04 1.076682174092046080e+04
1.082500000000000000e+04 1.081682174092046080e+04
1.087500000000000000e+04 1.086682174092046080e+04
1.092500000000000000e+04 1.091682174092046080e+04
1.097500000000000000e+04 1.096682174092046080e+04
1.102500000000000000e+04 1.101682174092046080e+04
1.107500000000000000e+04 1.106682174092046080e+04
1.112500000000000000e+04 1.111682174092046080e+04
1.117500000000000000e+04 1.116682174092046080e+04
1.122500000000000000e+04 1.121682174092046080e+04
1.127500000000000000e+04 1.126682174092046080e+04
1.132500000000000000e+04 1.131682174092046080e+04
1.137500000000000000e+04 1.136682174092046080e+04
1.142500000000000000e+04 1.141682174092046080e+04
1.147500000000000000e+04 1.146682174092046080e+04
1.152500000000000000e+04 1.151682174092046080e+04
1.157500000000000000e+04 1.156682174092046080e+04
1.162500000000000000e+04 1.161682174092046080e+04
1.167500000000000000e+04 1.166682174092046080e+04
1.172500000000000000e+04 1.171682174092046080e+04
1.177500000000000000e+04 1.176682174092046080e+04
1.182500000000000000e+04 1.181682174092046080e+04
1.187500000000000000e+04 1.186682174092046080e+04
1.192500000000000000e+04 1.191682174092046080e+04
1.197500000000000000e+04 1.196682174092046080e+04
1.202500000000000000e+04 1.201682174092046080e+04
1.207500000000000000e+04 1.206682174092046080e+04
1.212500000000000000e+04 1.211682174092046080e+04
1.217500000000000000e+04 1.216682174092046080e+04
1.222500000000000000e+04 1.221682174092046080e+04
1.227500000000000000e+04 1.226682174092046080e+04
1.232500000000000000e+04 1.231682174092046080e+04
1.237500000000000000e+04 1.236682174092046080e+04
1.242500000000000000e+04 1.241682174092046080e+04
1.247500000000000000e+04 1.246682174092046080e+04
1.252500000000000000e+04 1.251682174092046080e+04
1.257500000000000000e+04 1.256682174092046080e+04
1.262500000000000000e+04 1.261682174092046080e+04
1.267500000000000000e+04 1.266682174092046080e+04
1.272500000000000000e+04 1.271682174092046080e+04
1.277500000000000000e+04 1.276682174092046080e+04
1.282500000000000000e+04 1.281682174092046080e+04
1.287500000000000000e+04 1.286682174092046080e+04
1.292500000000000000e+04 1.291682174092046080e+04
1.297500000000000000e+04 1.296682174092046080e+04
1.302500000000000000e+04 1.301682174092046080e+04
1.307500000000000000e+04 1.306682174092046080e+04
1.312500000000000000e+04 1.311682174092046080e+04
1.317500000000000000e+04 1.316682174092046080e+04
1.322500000000000000e+04 1.321682174092046080e+04
1.327500000000000000e+04 1.326682174092046080e+04
1.332500000000000000e+04 1.331682174092046080e+04
1.337500000000000000e+04 1.336682174092046080e+04
1.342500000000000000e+04 1.341682174092046080e+04
1.347500000000000000e+04 1.346682174092046080e+04
1.352500000000000000e+04 1.351682174092046080e+04
1.357500000000000000e+04 1.356682174092046080e+04
1.362500000000000000e+04 1.361682174092046080e+04
1.367500000000000000e+04 1.366682174092046080e+04
1.372500000000000000e+04 1.371682174092046080e+04
1.377500000000000000e+04 1.376682174092046080e+04
1.382500000000000000e+04 1.381682174092046080e+04
1.387500000000000000e+04 1.386682174092046080e+04
1.392500000000000000e+04 1.391682174092046080e+04
1.397500000000000000e+04 1.396682174092046080e+04
1.402500000000000000e+04 1.401682174092046080e+04
1.407500000000000000e+04 1.406682174092046080e+04
1.412500000000000000e+04 1.411682174092046080e+04
1.417500000000000000e+04 1.416682174092046080e+04
1.422500000000000000e+04 1.421682174092046080e+04
1.427500000000000000e+04 1.426682174092046080e+04
1.432500000000000000e+04 1.431682174092046080e+04
1.437500000000000000e+04 1.436682174092046080e+04
1.442500000000000000e+04 1.441682174092046080e+04
1.447500000000000000e+04 1.446682174092046080e+04
1.452500000000000000e+04 1.451682174092046080e+04
1.457500000000000000e+04 1.456682174092046080e+04
1.462500000000000000e+04 1.461682174092046080e+04
1.467500000000000000e+04 1.466682174092046080e+04
1.472500000000000000e+04 1.471682174092046080e+04
1.477500000000000000e+04 1.476682174092046080e+04
1.482500000000000000e+04 1.481682174092046080e+04
1.487500000000000000e+04 1.486682174092046080e+04
1.492500000000000000e+04 1.491682174092046080e+04
1.497500000000000000e+04 1.496682174092046080e+04
1.502500000000000000e+04 1.501682174092046080e+04
1.507500000000000000e+04 1.506682174092046080e+04
1.512500000000000000e+04 1.511682174092046080e+04
1.517500000000000000e+04 1.516682174092046080e+04
1.522500000000000000e+04 1.521682174092046080e+04
1.527500000000000000e+04 1.526682174092046080e+04
1.532500000000000000e+04 1.531682174092046080e+04
1.537500000000000000e+04 1.536682174092046080e+04
1.542500000000000000e+04 1.541682174092046080e+04
1.547500000000000000e+04 1.546682174092046080e+04
1.552500000000000000e+04 1.551682174092046080e+04
1.557500000000000000e+04 1.556682174092046080e+04
1.562500000000000000e+04 1.561682174092046080e+04
1.567500000000000000e+04 1.566682174092046080e+04
1.572500000000000000e+04 1.571682174092046080e+04
1.577500000000000000e+04 1.576682174092046080e+04
1.582500000000000000e+04 1.581682174092046080e+04
1.587500000000000000e+04 1.586682174092046080e+04
1.592500000000000000e+04 1.591682174092046080e+04
1.597500000000000000e+04 1.596682174092046080e+04
1.602500000000000000e+04 1.601682174092046080e+04
1.607500000000000000e+04 1.606682174092046080e+04
1.612500000000000000e+04 1.611682174092046080e+04
1.617500000000000000e+04 1.616682174092046080e+04
1.622500000000000000e+04 1.621682174092046080e+04
1.627500000000000000e+04 1.626682174092046080e+04
1.632500000000000000e+04 1.631682174092046080e+04
1.637500000000000000e+04 1.636682174092046080e+04
1.642500000000000000e+04 1.641682174092046262e+04
1.647500000000000000e+04 1.646682174092046989e+04
1.652500000000000000e+04 1.651682174092046262e+04
1.657500000000000000e+04 1.656682174092046625e+04
1.662500000000000000e+04 1.661682174092046262e+04
1.667500000000000000e+04 1.666682174092046262e+04
1.672500000000000000e+04 1.671682174092045534e+04
1.677500000000000000e+04 1.676682174092044806e+04
1.682500000000000000e+04 1.681682174092044806e+04
1.687500000000000000e+04 1.686682174092044806e+04
1.692500000000000000e+04 1.691682174092045534e+04
1.697500000000000000e+04 1.696682174092044079e+04
1.702500000000000000e+04 1.701682174092044079e+04
1.707500000000000000e+04 1.706682174092044079e+04
1.712500000000000000e+04 1.711682174092043351e+04
1.717500000000000000e+04 1.716682174092043351e+04
1.722500000000000000e+04 1.721682174092042624e+04
1.727500000000000000e+04 1.726682174092041896e+04
1.732500000000000000e+04 1.731682174092043351e+04
1.737500000000000000e+04 1.736682174092042624e+04
1.742500000000000000e+04 1.741682174092042624e+04
1.747500000000000000e+04 1.746682174092042624e+04
1.752500000000000000e+04 1.751682174092042624e+04
1.757500000000000000e+04 1.756682174092042624e+04
1.762500000000000000e+04 1.761682174092042624e+04
1.767500000000000000e+04 1.766682174092042624e+04
1.772500000000000000e+04 1.771682174092041896e+04
1.777500000000000000e+04 1.776682174092042624e+04
1.782500000000000000e+04 1.781682174092041896e+04
1.787500000000000000e+04 1.786682174092041896e+04
1.792500000000000000e+04 1.791682174092041896e+04
1.797500000000000000e+04 1.796682174092041896e+04
1.802500000000000000e+04 1.801682174092041896e+04
1.807500000000000000e+04 1.806682174092041896e+04
1.812500000000000000e+04 1.811682174092041896e+04
1.817500000000000000e+04 1.816682174092041896e+04
1.822500000000000000e+04 1.821682174092041896e+04
1.827500000000000000e+04 1.826682174092041896e+04
1.832500000000000000e+04 1.831682174092041896e+04
1.837500000000000000e+04 1.836682174092041896e+04
1.842500000000000000e+04 1.841682174092041896e+04
1.847500000000000000e+04 1.846682174092041896e+04
1.852500000000000000e+04 1.851682174092041896e+04
1.857500000000000000e+04 1.856682174092041896e+04
1.862500000000000000e+04 1.861682174092041896e+04
1.867500000000000000e+04 1.866682174092041896e+04
1.872500000000000000e+04 1.871682174092041896e+04
1.877500000000000000e+04 1.876682174092041896e+04
1.882500000000000000e+04 1.881682174092041896e+04
1.887500000000000000e+04 1.886682174092041896e+04
1.892500000000000000e+04 1.891682174092041896e+04
1.897500000000000000e+04 1.896682174092041896e+04
1.902500000000000000e+04 1.901682174092041896e+04
1.907500000000000000e+04 1.906682174092041896e+04
1.912500000000000000e+04 1.911682174092041896e+04
1.917500000000000000e+04 1.916682174092041896e+04
1.922500000000000000e+04 1.921682174092041896e+04
1.927500000000000000e+04 1.926682174092041896e+04
1.932500000000000000e+04 1.931682174092041896e+04
1.937500000000000000e+04 1.936682174092041896e+04
1.942500000000000000e+04 1.941682174092041896e+04
1.947500000000000000e+04 1.946682174092041896e+04
1.952500000000000000e+04 1.951682174092041896e+04
1.957500000000000000e+04 1.956682174092041896e+04
1.962500000000000000e+04 1.961682174092041896e+04
1.967500000000000000e+04 1.966682174092041896e+04
1.972500000000000000e+04 1.971682174092041896e+04
1.977500000000000000e+04 1.976682174092041896e+04
1.982500000000000000e+04 1.981682174092041896e+04
1.987500000000000000e+04 1.986682174092041896e+04
1.992500000000000000e+04 1.991682174092041896e+04
