1.825000000000000000e+03 1.806081264214417160e+03
1.875000000000000000e+03 1.856081264214416706e+03
1.925000000000000000e+03 1.906081264214416706e+03
1.975000000000000000e+03 1.956081264214416706e+03
2.025000000000000000e+03 2.006081264214416706e+03
2.075000000000000000e+03 2.056081264214416933e+03
2.125000000000000000e+03 2.106081264214416478e+03
2.175000000000000000e+03 2.156081264214414659e+03
2.225000000000000000e+03 2.206081264214413750e+03
2.275000000000000000e+03 2.256081264214414659e+03
2.325000000000000000e+03 2.306081264214414659e+03
2.375000000000000000e+03 2.356081264214413750e+03
2.425000000000000000e+03 2.406081264214414659e+03
2.475000000000000000e+03 2.456081264214414659e+03
2.525000000000000000e+03 2.506081264214414659e+03
2.575000000000000000e+03 2.556081264214414659e+03
2.625000000000000000e+03 2.606081264214415569e+03
2.675000000000000000e+03 2.656081264214415569e+03
2.725000000000000000e+03 2.706081264214414659e+03
2.775000000000000000e+03 2.756081264214414659e+03
2.825000000000000000e+03 2.806081264214414659e+03
2.875000000000000000e+03 2.856081264214414659e+03
2.925000000000000000e+03 2.906081264214415569e+03
2.975000000000000000e+03 2.956081264214415569e+03
3.025000000000000000e+03 3.006081264214415569e+03
3.075000000000000000e+03 3.056081264214415569e+03
3.125000000000000000e+03 3.106081264214415569e+03
3.175000000000000000e+03 3.156081264214415569e+03
3.225000000000000000e+03 3.206081264214416478e+03
3.275000000000000000e+03 3.256081264214415569e+03
3.325000000000000000e+03 3.306081264214416478e+03
3.375000000000000000e+03 3.356081264214416478e+03
3.425000000000000000e+03 3.406081264214416478e+03
3.475000000000000000e+03 3.456081264214416478e+03
3.525000000000000000e+03 3.506081264214415569e+03
3.575000000000000000e+03 3.556081264214416478e+03
3.625000000000000000e+03 3.606081264214416478e+03
3.675000000000000000e+03 3.656081264214416478e+03
3.725000000000000000e+03 3.706081264214416478e+03
3.775000000000000000e+03 3.756081264214417388e+03
3.825000000000000000e+03 3.806081264214417388e+03
3.875000000000000000e+03 3.856081264214417388e+03
3.925000000000000000e+03 3.906081264214417388e+03
3.975000000000000000e+03 3.956081264214417388e+03
4.025000000000000000e+03 4.006081264214417388e+03
4.075000000000000000e+03 4.056081264214417388e+03
4.125000000000000000e+03 4.106081264214417388e+03
4.175000000000000000e+03 4.156081264214417388e+03
4.225000000000000000e+03 4.206081264214415569e+03
4.275000000000000000e+03 4.256081264214417388e+03
4.325000000000000000e+03 4.306081264214417388e+03
4.375000000000000000e+03 4.356081264214417388e+03
4.425000000000000000e+03 4.406081264214419207e+03
4.475000000000000000e+03 4.456081264214421026e+03
4.525000000000000000e+03 4.506081264214422845e+03
4.575000000000000000e+03 4.556081264214421026e+03
4.625000000000000000e+03 4.606081264214421026e+03
4.675000000000000000e+03 4.656081264214421026e+03
4.725000000000000000e+03 4.706081264214422845e+03
4.775000000000000000e+03 4.756081264214421026e+03
4.825000000000000000e+03 4.806081264214421026e+03
4.875000000000000000e+03 4.856081264214419207e+03
4.925000000000000000e+03 4.906081264214419207e+03
4.975000000000000000e+03 4.956081264214419207e+03
5.025000000000000000e+03 5.006081264214419207e+03
5.075000000000000000e+03 5.056081264214419207e+03
5.125000000000000000e+03 5.106081264214421026e+03
5.175000000000000000e+03 5.156081264214419207e+03
5.225000000000000000e+03 5.206081264214419207e+03
5.275000000000000000e+03 5.256081264214419207e+03
5.325000000000000000e+03 5.306081264214417388e+03
5.375000000000000000e+03 5.356081264214417388e+03
5.425000000000000000e+03 5.406081264214415569e+03
5.475000000000000000e+03 5.456081264214415569e+03
5.525000000000000000e+03 5.506081264214415569e+03
5.575000000000000000e+03 5.556081264214417388e+03
5.625000000000000000e+03 5.606081264214415569e+03
5.675000000000000000e+03 5.656081264214415569e+03
5.725000000000000000e+03 5.706081264214415569e+03
5.775000000000000000e+03 5.756081264214415569e+03
5.825000000000000000e+03 5.806081264214415569e+03
5.875000000000000000e+03 5.856081264214413750e+03
5.925000000000000000e+03 5.906081264214411931e+03
5.975000000000000000e+03 5.956081264214411931e+03
6.025000000000000000e+03 6.006081264214411931e+03
6.075000000000000000e+03 6.056081264214411931e+03
6.125000000000000000e+03 6.106081264214411931e+03
6.175000000000000000e+03 6.156081264214411931e+03
6.225000000000000000e+03 6.206081264214411931e+03
6.275000000000000000e+03 6.256081264214411931e+03
6.325000000000000000e+03 6.306081264214411931e+03
6.375000000000000000e+03 6.356081264214411931e+03
6.425000000000000000e+03 6.406081264214411931e+03
6.475000000000000000e+03 6.456081264214411931e+03
6.525000000000000000e+03 6.506081264214411931e+03
6.575000000000000000e+03 6.556081264214411931e+03
6.625000000000000000e+03 6.606081264214411931e+03
6.675000000000000000e+03 6.656081264214411931e+03
6.725000000000000000e+03 6.706081264214411931e+03
6.775000000000000000e+03 6.756081264214411931e+03
6.825000000000000000e+03 6.806081264214411931e+03
6.875000000000000000e+03 6.856081264214411931e+03
6.925000000000000000e+03 6.906081264214411931e+03
6.975000000000000000e+03 6.956081264214411931e+03
7.025000000000000000e+03 7.006081264214411931e+03
7.075000000000000000e+03 7.056081264214411931e+03
7.125000000000000000e+03 7.106081264214411931e+03
7.175000000000000000e+03 7.156081264214411931e+03
7.225000000000000000e+03 7.206081264214411931e+03
7.275000000000000000e+03 7.256081264214411931e+03
7.325000000000000000e+03 7.306081264214411931e+03
7.375000000000000000e+03 7.356081264214411931e+03
7.425000000000000000e+03 7.406081264214411931e+03
7.475000000000000000e+03 7.456081264214411931e+03
7.525000000000000000e+03 7.506081264214411931e+03
7.575000000000000000e+03 7.556081264214411931e+03
7.625000000000000000e+03 7.606081264214411931e+03
7.675000000000000000e+03 7.656081264214411931e+03
7.725000000000000000e+03 7.706081264214411931e+03
7.775000000000000000e+03 7.756081264214411931e+03
7.825000000000000000e+03 7.806081264214411931e+03
7.875000000000000000e+03 7.856081264214411931e+03
7.925000000000000000e+03 7.906081264214411931e+03
7.975000000000000000e+03 7.956081264214411931e+03
8.025000000000000000e+03 8.006081264214411931e+03
8.075000000000000000e+03 8.056081264214411931e+03
8.125000000000000000e+03 8.106081264214411931e+03
8.175000000000000000e+03 8.156081264214411931e+03
8.225000000000000000e+03 8.206081264214413750e+03
8.275000000000000000e+03 8.256081264214411931e+03
8.325000000000000000e+03 8.306081264214413750e+03
8.375000000000000000e+03 8.356081264214411931e+03
8.425000000000000000e+03 8.406081264214411931e+03
8.475000000000000000e+03 8.456081264214406474e+03
8.525000000000000000e+03 8.506081264214406474e+03
8.575000000000000000e+03 8.556081264214402836e+03
8.625000000000000000e+03 8.606081264214399198e+03
8.675000000000000000e+03 8.656081264214406474e+03
8.725000000000000000e+03 8.706081264214402836e+03
8.775000000000000000e+03 8.756081264214402836e+03
8.825000000000000000e+03 8.806081264214402836e+03
8.875000000000000000e+03 8.856081264214402836e+03
8.925000000000000000e+03 8.906081264214402836e+03
8.975000000000000000e+03 8.956081264214406474e+03
9.025000000000000000e+03 9.006081264214406474e+03
9.075000000000000000e+03 9.056081264214402836e+03
9.125000000000000000e+03 9.106081264214402836e+03
9.175000000000000000e+03 9.156081264214402836e+03
9.225000000000000000e+03 9.206081264214406474e+03
9.275000000000000000e+03 9.256081264214406474e+03
9.325000000000000000e+03 9.306081264214406474e+03
9.375000000000000000e+03 9.356081264214406474e+03
9.425000000000000000e+03 9.406081264214410112e+03
9.475000000000000000e+03 9.456081264214406474e+03
9.525000000000000000e+03 9.506081264214410112e+03
9.575000000000000000e+03 9.556081264214410112e+03
9.625000000000000000e+03 9.606081264214410112e+03
9.675000000000000000e+03 9.656081264214410112e+03
9.725000000000000000e+03 9.706081264214410112e+03
9.775000000000000000e+03 9.756081264214410112e+03
9.825000000000000000e+03 9.806081264214410112e+03
9.875000000000000000e+03 9.856081264214410112e+03
9.925000000000000000e+03 9.906081264214410112e+03
9.975000000000000000e+03 9.956081264214413750e+03
1.002500000000000000e+04 1.000608126421441739e+04
1.007500000000000000e+04 1.005608126421441739e+04
1.012500000000000000e+04 1.010608126421441739e+04
1.017500000000000000e+04 1.015608126421441739e+04
1.022500000000000000e+04 1.020608126421441739e+04
1.027500000000000000e+04 1.025608126421441739e+04
1.032500000000000000e+04 1.030608126421441739e+04
1.037500000000000000e+04 1.035608126421441739e+04
1.042500000000000000e+04 1.040608126421441739e+04
1.047500000000000000e+04 1.045608126421441739e+04
1.052500000000000000e+04 1.050608126421441739e+04
1.057500000000000000e+04 1.055608126421441739e+04
1.062500000000000000e+04 1.060608126421441739e+04
1.067500000000000000e+04 1.065608126421441739e+04
1.072500000000000000e+04 1.070608126421441739e+04
1.077500000000000000e+04 1.075608126421441739e+04
1.082500000000000000e+04 1.080608126421441739e+04
1.087500000000000000e+04 1.085608126421441739e+04
1.092500000000000000e+04 1.090608126421441739e+04
1.097500000000000000e+04 1.095608126421441739e+04
1.102500000000000000e+04 1.100608126421441739e+04
1.107500000000000000e+04 1.105608126421441739e+04
1.112500000000000000e+04 1.110608126421441739e+04
1.117500000000000000e+04 1.115608126421441739e+04
1.122500000000000000e+04 1.120608126421441739e+04
1.127500000000000000e+04 1.125608126421441739e+04
1.132500000000000000e+04 1.130608126421441739e+04
1.137500000000000000e+04 1.135608126421441739e+04
1.142500000000000000e+04 1.140608126421441739e+04
1.147500000000000000e+04 1.145608126421441739e+04
1.152500000000000000e+04 1.150608126421441739e+04
1.157500000000000000e+04 1.155608126421441739e+04
1.162500000000000000e+04 1.160608126421441739e+04
1.167500000000000000e+04 1.165608126421441739e+04
1.172500000000000000e+04 1.170608126421441739e+04
1.177500000000000000e+04 1.175608126421441739e+04
1.182500000000000000e+04 1.180608126421441739e+04
1.187500000000000000e+04 1.185608126421441739e+04
1.192500000000000000e+04 1.190608126421441739e+04
1.197500000000000000e+04 1.195608126421441739e+04
1.202500000000000000e+04 1.200608126421441739e+04
1.207500000000000000e+04 1.205608126421441739e+04
1.212500000000000000e+04 1.210608126421441739e+04
1.217500000000000000e+04 1.215608126421441739e+04
1.222500000000000000e+04 1.220608126421441739e+04
1.227500000000000000e+04 1.225608126421441739e+04
1.232500000000000000e+04 1.230608126421441739e+04
1.237500000000000000e+04 1.235608126421441739e+04
1.242500000000000000e+04 1.240608126421441739e+04
1.247500000000000000e+04 1.245608126421441739e+04
1.252500000000000000e+04 1.250608126421441739e+04
1.257500000000000000e+04 1.255608126421441739e+04
1.262500000000000000e+04 1.260608126421441739e+04
1.267500000000000000e+04 1.265608126421441739e+04
1.272500000000000000e+04 1.270608126421441739e+04
1.277500000000000000e+04 1.275608126421441739e+04
1.282500000000000000e+04 1.280608126421441739e+04
1.287500000000000000e+04 1.285608126421441739e+04
1.292500000000000000e+04 1.290608126421441739e+04
1.297500000000000000e+04 1.295608126421441739e+04
1.302500000000000000e+04 1.300608126421441739e+04
1.307500000000000000e+04 1.305608126421441739e+04
1.312500000000000000e+04 1.310608126421441739e+04
1.317500000000000000e+04 1.315608126421441739e+04
1.322500000000000000e+04 1.320608126421441739e+04
1.327500000000000000e+04 1.325608126421441739e+04
1.332500000000000000e+04 1.330608126421441739e+04
1.337500000000000000e+04 1.335608126421441739e+04
1.342500000000000000e+04 1.340608126421441739e+04
1.347500000000000000e+04 1.345608126421441739e+04
1.352500000000000000e+04 1.350608126421441739e+04
1.357500000000000000e+04 1.355608126421441739e+04
1.362500000000000000e+04 1.360608126421441739e+04
1.367500000000000000e+04 1.365608126421441739e+04
1.372500000000000000e+04 1.370608126421441739e+04
1.377500000000000000e+04 1.375608126421441739e+04
1.382500000000000000e+04 1.380608126421441739e+04
1.387500000000000000e+04 1.385608126421441739e+04
1.392500000000000000e+04 1.390608126421441739e+04
1.397500000000000000e+04 1.395608126421441739e+04
1.402500000000000000e+04 1.400608126421441739e+04
1.407500000000000000e+04 1.405608126421441739e+04
1.412500000000000000e+04 1.410608126421441739e+04
1.417500000000000000e+04 1.415608126421441739e+04
1.422500000000000000e+04 1.420608126421441739e+04
1.427500000000000000e+04 1.425608126421441739e+04
1.432500000000000000e+04 1.430608126421441739e+04
1.437500000000000000e+04 1.435608126421441739e+04
1.442500000000000000e+04 1.440608126421441739e+04
1.447500000000000000e+04 1.445608126421441739e+04
1.452500000000000000e+04 1.450608126421441739e+04
1.457500000000000000e+04 1.455608126421441739e+04
1.462500000000000000e+04 1.460608126421441739e+04
1.467500000000000000e+04 1.465608126421441739e+04
1.472500000000000000e+04 1.470608126421441739e+04
1.477500000000000000e+04 1.475608126421441739e+04
1.482500000000000000e+04 1.480608126421441739e+04
1.487500000000000000e+04 1.485608126421441739e+04
1.492500000000000000e+04 1.490608126421441739e+04
1.497500000000000000e+04 1.495608126421441739e+04
1.502500000000000000e+04 1.500608126421441739e+04
1.507500000000000000e+04 1.505608126421441739e+04
1.512500000000000000e+04 1.510608126421441739e+04
1.517500000000000000e+04 1.515608126421441739e+04
1.522500000000000000e+04 1.520608126421441739e+04
1.527500000000000000e+04 1.525608126421441739e+04
1.532500000000000000e+04 1.530608126421441739e+04
1.537500000000000000e+04 1.535608126421441739e+04
1.542500000000000000e+04 1.540608126421441739e+04
1.547500000000000000e+04 1.545608126421441739e+04
1.552500000000000000e+04 1.550608126421441739e+04
1.557500000000000000e+04 1.555608126421441739e+04
1.562500000000000000e+04 1.560608126421441739e+04
1.567500000000000000e+04 1.565608126421441739e+04
1.572500000000000000e+04 1.570608126421441739e+04
1.577500000000000000e+04 1.575608126421441739e+04
1.582500000000000000e+04 1.580608126421441739e+04
1.587500000000000000e+04 1.585608126421441739e+04
1.592500000000000000e+04 1.590608126421441739e+04
1.597500000000000000e+04 1.595608126421441739e+04
1.602500000000000000e+04 1.600608126421441739e+04
1.607500000000000000e+04 1.605608126421441739e+04
1.612500000000000000e+04 1.610608126421441739e+04
1.617500000000000000e+04 1.615608126421441739e+04
1.622500000000000000e+04 1.620608126421441739e+04
1.627500000000000000e+04 1.625608126421441739e+04
1.632500000000000000e+04 1.630608126421441739e+04
1.637500000000000000e+04 1.635608126421441739e+04
1.642500000000000000e+04 1.640608126421441557e+04
1.647500000000000000e+04 1.645608126421441557e+04
1.652500000000000000e+04 1.650608126421441193e+04
1.657500000000000000e+04 1.655608126421441557e+04
1.662500000000000000e+04 1.660608126421441921e+04
1.667500000000000000e+04 1.665608126421442284e+04
1.672500000000000000e+04 1.670608126421442648e+04
1.677500000000000000e+04 1.675608126421441921e+04
1.682500000000000000e+04 1.680608126421441921e+04
1.687500000000000000e+04 1.685608126421441921e+04
1.692500000000000000e+04 1.690608126421442284e+04
1.697500000000000000e+04 1.695608126421442284e+04
1.702500000000000000e+04 1.700608126421442284e+04
1.707500000000000000e+04 1.705608126421442284e+04
1.712500000000000000e+04 1.710608126421442284e+04
1.717500000000000000e+04 1.715608126421442284e+04
1.722500000000000000e+04 1.720608126421442284e+04
1.727500000000000000e+04 1.725608126421443012e+04
1.732500000000000000e+04 1.730608126421443012e+04
1.737500000000000000e+04 1.735608126421443012e+04
1.742500000000000000e+04 1.740608126421443012e+04
1.747500000000000000e+04 1.745608126421443740e+04
1.752500000000000000e+04 1.750608126421443740e+04
1.757500000000000000e+04 1.755608126421443012e+04
1.762500000000000000e+04 1.760608126421443012e+04
1.767500000000000000e+04 1.765608126421443012e+04
1.772500000000000000e+04 1.770608126421443740e+04
1.777500000000000000e+04 1.775608126421443012e+04
1.782500000000000000e+04 1.780608126421443012e+04
1.787500000000000000e+04 1.785608126421443740e+04
1.792500000000000000e+04 1.790608126421443012e+04
1.797500000000000000e+04 1.795608126421443012e+04
1.802500000000000000e+04 1.800608126421443012e+04
1.807500000000000000e+04 1.805608126421443012e+04
1.812500000000000000e+04 1.810608126421443012e+04
1.817500000000000000e+04 1.815608126421442284e+04
1.822500000000000000e+04 1.820608126421442284e+04
1.827500000000000000e+04 1.825608126421442284e+04
1.832500000000000000e+04 1.830608126421442284e+04
1.837500000000000000e+04 1.835608126421442284e+04
1.842500000000000000e+04 1.840608126421442284e+04
1.847500000000000000e+04 1.845608126421442284e+04
1.852500000000000000e+04 1.850608126421442284e+04
1.857500000000000000e+04 1.855608126421442284e+04
1.862500000000000000e+04 1.860608126421442284e+04
1.867500000000000000e+04 1.865608126421442284e+04
1.872500000000000000e+04 1.870608126421442284e+04
1.877500000000000000e+04 1.875608126421442284e+04
1.882500000000000000e+04 1.880608126421442284e+04
1.887500000000000000e+04 1.885608126421442284e+04
1.892500000000000000e+04 1.890608126421442284e+04
1.897500000000000000e+04 1.895608126421442284e+04
1.902500000000000000e+04 1.900608126421442284e+04
1.907500000000000000e+04 1.905608126421442284e+04
1.912500000000000000e+04 1.910608126421442284e+04
1.917500000000000000e+04 1.915608126421442284e+04
1.922500000000000000e+04 1.920608126421442284e+04
1.927500000000000000e+04 1.925608126421442284e+04
1.932500000000000000e+04 1.930608126421442284e+04
1.937500000000000000e+04 1.935608126421442284e+04
1.942500000000000000e+04 1.940608126421442284e+04
1.947500000000000000e+04 1.945608126421442284e+04
1.952500000000000000e+04 1.950608126421442284e+04
1.957500000000000000e+04 1.955608126421442284e+04
1.962500000000000000e+04 1.960608126421442284e+04
1.967500000000000000e+04 1.965608126421442284e+04
1.972500000000000000e+04 1.970608126421442284e+04
1.977500000000000000e+04 1.975608126421442284e+04
1.982500000000000000e+04 1.980608126421442284e+04
1.987500000000000000e+04 1.985608126421442284e+04
1.992500000000000000e+04 1.990608126421442284e+04
