1.225000000000000000e+03 1.217990063646089993e+03
1.275000000000000000e+03 1.267990063646089993e+03
1.325000000000000000e+03 1.317990063646090448e+03
1.375000000000000000e+03 1.367990063646090448e+03
1.425000000000000000e+03 1.417990063646090448e+03
1.475000000000000000e+03 1.467990063646090448e+03
1.525000000000000000e+03 1.517990063646090448e+03
1.575000000000000000e+03 1.567990063646090448e+03
1.625000000000000000e+03 1.617990063646090903e+03
1.675000000000000000e+03 1.667990063646090903e+03
1.725000000000000000e+03 1.717990063646090448e+03
1.775000000000000000e+03 1.767990063646090448e+03
1.825000000000000000e+03 1.817990063646090903e+03
1.875000000000000000e+03 1.867990063646091357e+03
1.925000000000000000e+03 1.917990063646090903e+03
1.975000000000000000e+03 1.967990063646090903e+03
2.025000000000000000e+03 2.017990063646090903e+03
2.075000000000000000e+03 2.067990063646091130e+03
2.125000000000000000e+03 2.117990063646092040e+03
2.175000000000000000e+03 2.167990063646088402e+03
2.225000000000000000e+03 2.217990063646087492e+03
2.275000000000000000e+03 2.267990063646087492e+03
2.325000000000000000e+03 2.317990063646087492e+03
2.375000000000000000e+03 2.367990063646086583e+03
2.425000000000000000e+03 2.417990063646086583e+03
2.475000000000000000e+03 2.467990063646085673e+03
2.525000000000000000e+03 2.517990063646086583e+03
2.575000000000000000e+03 2.567990063646086583e+03
2.625000000000000000e+03 2.617990063646085673e+03
2.675000000000000000e+03 2.667990063646085673e+03
2.725000000000000000e+03 2.717990063646085673e+03
2.775000000000000000e+03 2.767990063646085673e+03
2.825000000000000000e+03 2.817990063646085673e+03
2.875000000000000000e+03 2.867990063646085673e+03
2.925000000000000000e+03 2.917990063646086583e+03
2.975000000000000000e+03 2.967990063646086583e+03
3.025000000000000000e+03 3.017990063646086583e+03
3.075000000000000000e+03 3.067990063646086583e+03
3.125000000000000000e+03 3.117990063646086583e+03
3.175000000000000000e+03 3.167990063646086583e+03
3.225000000000000000e+03 3.217990063646087492e+03
3.275000000000000000e+03 3.267990063646085673e+03
3.325000000000000000e+03 3.317990063646085673e+03
3.375000000000000000e+03 3.367990063646085673e+03
3.425000000000000000e+03 3.417990063646085673e+03
3.475000000000000000e+03 3.467990063646085673e+03
3.525000000000000000e+03 3.517990063646085673e+03
3.575000000000000000e+03 3.567990063646085673e+03
3.625000000000000000e+03 3.617990063646085673e+03
3.675000000000000000e+03 3.667990063646085673e+03
3.725000000000000000e+03 3.717990063646085673e+03
3.775000000000000000e+03 3.767990063646085673e+03
3.825000000000000000e+03 3.817990063646085673e+03
3.875000000000000000e+03 3.867990063646085673e+03
3.925000000000000000e+03 3.917990063646085673e+03
3.975000000000000000e+03 3.967990063646085673e+03
4.025000000000000000e+03 4.017990063646085673e+03
4.075000000000000000e+03 4.067990063646085673e+03
4.125000000000000000e+03 4.117990063646086128e+03
4.175000000000000000e+03 4.167990063646085218e+03
4.225000000000000000e+03 4.217990063646089766e+03
4.275000000000000000e+03 4.267990063646089766e+03
4.325000000000000000e+03 4.317990063646095223e+03
4.375000000000000000e+03 4.367990063646095223e+03
4.425000000000000000e+03 4.417990063646095223e+03
4.475000000000000000e+03 4.467990063646097042e+03
4.525000000000000000e+03 4.517990063646097042e+03
4.575000000000000000e+03 4.567990063646097042e+03
4.625000000000000000e+03 4.617990063646097042e+03
4.675000000000000000e+03 4.667990063646097042e+03
4.725000000000000000e+03 4.717990063646097042e+03
4.775000000000000000e+03 4.767990063646097042e+03
4.825000000000000000e+03 4.817990063646097042e+03
4.875000000000000000e+03 4.867990063646097042e+03
4.925000000000000000e+03 4.917990063646095223e+03
4.975000000000000000e+03 4.967990063646095223e+03
5.025000000000000000e+03 5.017990063646095223e+03
5.075000000000000000e+03 5.067990063646097042e+03
5.125000000000000000e+03 5.117990063646097042e+03
5.175000000000000000e+03 5.167990063646095223e+03
5.225000000000000000e+03 5.217990063646095223e+03
5.275000000000000000e+03 5.267990063646095223e+03
5.325000000000000000e+03 5.317990063646097042e+03
5.375000000000000000e+03 5.367990063646097042e+03
5.425000000000000000e+03 5.417990063646097042e+03
5.475000000000000000e+03 5.467990063646097042e+03
5.525000000000000000e+03 5.517990063646097042e+03
5.575000000000000000e+03 5.567990063646097042e+03
5.625000000000000000e+03 5.617990063646097042e+03
5.675000000000000000e+03 5.667990063646097042e+03
5.725000000000000000e+03 5.717990063646097042e+03
5.775000000000000000e+03 5.767990063646097042e+03
5.825000000000000000e+03 5.817990063646097042e+03
5.875000000000000000e+03 5.867990063646097042e+03
5.925000000000000000e+03 5.917990063646097042e+03
5.975000000000000000e+03 5.967990063646097042e+03
6.025000000000000000e+03 6.017990063646097042e+03
6.075000000000000000e+03 6.067990063646097042e+03
6.125000000000000000e+03 6.117990063646097042e+03
6.175000000000000000e+03 6.167990063646097042e+03
6.225000000000000000e+03 6.217990063646097042e+03
6.275000000000000000e+03 6.267990063646097042e+03
6.325000000000000000e+03 6.317990063646097042e+03
6.375000000000000000e+03 6.367990063646097042e+03
6.425000000000000000e+03 6.417990063646097042e+03
6.475000000000000000e+03 6.467990063646097042e+03
6.525000000000000000e+03 6.517990063646097042e+03
6.575000000000000000e+03 6.567990063646097042e+03
6.625000000000000000e+03 6.617990063646097042e+03
6.675000000000000000e+03 6.667990063646097042e+03
6.725000000000000000e+03 6.717990063646097042e+03
6.775000000000000000e+03 6.767990063646097042e+03
6.825000000000000000e+03 6.817990063646097042e+03
6.875000000000000000e+03 6.867990063646097042e+03
6.925000000000000000e+03 6.917990063646097042e+03
6.975000000000000000e+03 6.967990063646097042e+03
7.025000000000000000e+03 7.017990063646097042e+03
7.075000000000000000e+03 7.067990063646097042e+03
7.125000000000000000e+03 7.117990063646097042e+03
7.175000000000000000e+03 7.167990063646097042e+03
7.225000000000000000e+03 7.217990063646097042e+03
7.275000000000000000e+03 7.267990063646097042e+03
7.325000000000000000e+03 7.317990063646097042e+03
7.375000000000000000e+03 7.367990063646097042e+03
7.425000000000000000e+03 7.417990063646097042e+03
7.475000000000000000e+03 7.467990063646097042e+03
7.525000000000000000e+03 7.517990063646097042e+03
7.575000000000000000e+03 7.567990063646097042e+03
7.625000000000000000e+03 7.617990063646097042e+03
7.675000000000000000e+03 7.667990063646097042e+03
7.725000000000000000e+03 7.717990063646097042e+03
7.775000000000000000e+03 7.767990063646097042e+03
7.825000000000000000e+03 7.817990063646097042e+03
7.875000000000000000e+03 7.867990063646097042e+03
7.925000000000000000e+03 7.917990063646097042e+03
7.975000000000000000e+03 7.967990063646097042e+03
8.025000000000000000e+03 8.017990063646097042e+03
8.075000000000000000e+03 8.067990063646097042e+03
8.125000000000000000e+03 8.117990063646097042e+03
8.175000000000000000e+03 8.167990063646097042e+03
8.225000000000000000e+03 8.217990063646098861e+03
8.275000000000000000e+03 8.267990063646102499e+03
8.325000000000000000e+03 8.317990063646095223e+03
8.375000000000000000e+03 8.367990063646091585e+03
8.425000000000000000e+03 8.417990063646087947e+03
8.475000000000000000e+03 8.467990063646087947e+03
8.525000000000000000e+03 8.517990063646084309e+03
8.575000000000000000e+03 8.567990063646084309e+03
8.625000000000000000e+03 8.617990063646087947e+03
8.675000000000000000e+03 8.667990063646084309e+03
8.725000000000000000e+03 8.717990063646087947e+03
8.775000000000000000e+03 8.767990063646084309e+03
8.825000000000000000e+03 8.817990063646087947e+03
8.875000000000000000e+03 8.867990063646087947e+03
8.925000000000000000e+03 8.917990063646084309e+03
8.975000000000000000e+03 8.967990063646084309e+03
9.025000000000000000e+03 9.017990063646084309e+03
9.075000000000000000e+03 9.067990063646080671e+03
9.125000000000000000e+03 9.117990063646084309e+03
9.175000000000000000e+03 9.167990063646084309e+03
9.225000000000000000e+03 9.217990063646084309e+03
9.275000000000000000e+03 9.267990063646084309e+03
9.325000000000000000e+03 9.317990063646084309e+03
9.375000000000000000e+03 9.367990063646084309e+03
9.425000000000000000e+03 9.417990063646084309e+03
9.475000000000000000e+03 9.467990063646084309e+03
9.525000000000000000e+03 9.517990063646084309e+03
9.575000000000000000e+03 9.567990063646084309e+03
9.625000000000000000e+03 9.617990063646084309e+03
9.675000000000000000e+03 9.667990063646084309e+03
9.725000000000000000e+03 9.717990063646084309e+03
9.775000000000000000e+03 9.767990063646084309e+03
9.825000000000000000e+03 9.817990063646084309e+03
9.875000000000000000e+03 9.867990063646084309e+03
9.925000000000000000e+03 9.917990063646084309e+03
9.975000000000000000e+03 9.967990063646084309e+03
1.002500000000000000e+04 1.001799006364608431e+04
1.007500000000000000e+04 1.006799006364608431e+04
1.012500000000000000e+04 1.011799006364608431e+04
1.017500000000000000e+04 1.016799006364608431e+04
1.022500000000000000e+04 1.021799006364608431e+04
1.027500000000000000e+04 1.026799006364608431e+04
1.032500000000000000e+04 1.031799006364608431e+04
1.037500000000000000e+04 1.036799006364608431e+04
1.042500000000000000e+04 1.041799006364608431e+04
1.047500000000000000e+04 1.046799006364608431e+04
1.052500000000000000e+04 1.051799006364608431e+04
1.057500000000000000e+04 1.056799006364608431e+04
1.062500000000000000e+04 1.061799006364608431e+04
1.067500000000000000e+04 1.066799006364608431e+04
1.072500000000000000e+04 1.071799006364608431e+04
1.077500000000000000e+04 1.076799006364608431e+04
1.082500000000000000e+04 1.081799006364608431e+04
1.087500000000000000e+04 1.086799006364608431e+04
1.092500000000000000e+04 1.091799006364608431e+04
1.097500000000000000e+04 1.096799006364608431e+04
1.102500000000000000e+04 1.101799006364608431e+04
1.107500000000000000e+04 1.106799006364608431e+04
1.112500000000000000e+04 1.111799006364608431e+04
1.117500000000000000e+04 1.116799006364608431e+04
1.122500000000000000e+04 1.121799006364608431e+04
1.127500000000000000e+04 1.126799006364608431e+04
1.132500000000000000e+04 1.131799006364608431e+04
1.137500000000000000e+04 1.136799006364608431e+04
1.142500000000000000e+04 1.141799006364608431e+04
1.147500000000000000e+04 1.146799006364608431e+04
1.152500000000000000e+04 1.151799006364608431e+04
1.157500000000000000e+04 1.156799006364608431e+04
1.162500000000000000e+04 1.161799006364608431e+04
1.167500000000000000e+04 1.166799006364608431e+04
1.172500000000000000e+04 1.171799006364608431e+04
1.177500000000000000e+04 1.176799006364608431e+04
1.182500000000000000e+04 1.181799006364608431e+04
1.187500000000000000e+04 1.186799006364608431e+04
1.192500000000000000e+04 1.191799006364608431e+04
1.197500000000000000e+04 1.196799006364608431e+04
1.202500000000000000e+04 1.201799006364608431e+04
1.207500000000000000e+04 1.206799006364608431e+04
1.212500000000000000e+04 1.211799006364608431e+04
1.217500000000000000e+04 1.216799006364608431e+04
1.222500000000000000e+04 1.221799006364608431e+04
1.227500000000000000e+04 1.226799006364608431e+04
1.232500000000000000e+04 1.231799006364608431e+04
1.237500000000000000e+04 1.236799006364608431e+04
1.242500000000000000e+04 1.241799006364608431e+04
1.247500000000000000e+04 1.246799006364608431e+04
1.252500000000000000e+04 1.251799006364608431e+04
1.257500000000000000e+04 1.256799006364608431e+04
1.262500000000000000e+04 1.261799006364608431e+04
1.267500000000000000e+04 1.266799006364608431e+04
1.272500000000000000e+04 1.271799006364608431e+04
1.277500000000000000e+04 1.276799006364608431e+04
1.282500000000000000e+04 1.281799006364608431e+04
1.287500000000000000e+04 1.286799006364608431e+04
1.292500000000000000e+04 1.291799006364608431e+04
1.297500000000000000e+04 1.296799006364608431e+04
1.302500000000000000e+04 1.301799006364608431e+04
1.307500000000000000e+04 1.306799006364608431e+04
1.312500000000000000e+04 1.311799006364608431e+04
1.317500000000000000e+04 1.316799006364608431e+04
1.322500000000000000e+04 1.321799006364608431e+04
1.327500000000000000e+04 1.326799006364608431e+04
1.332500000000000000e+04 1.331799006364608431e+04
1.337500000000000000e+04 1.336799006364608431e+04
1.342500000000000000e+04 1.341799006364608431e+04
1.347500000000000000e+04 1.346799006364608431e+04
1.352500000000000000e+04 1.351799006364608431e+04
1.357500000000000000e+04 1.356799006364608431e+04
1.362500000000000000e+04 1.361799006364608431e+04
1.367500000000000000e+04 1.366799006364608431e+04
1.372500000000000000e+04 1.371799006364608431e+04
1.377500000000000000e+04 1.376799006364608431e+04
1.382500000000000000e+04 1.381799006364608431e+04
1.387500000000000000e+04 1.386799006364608431e+04
1.392500000000000000e+04 1.391799006364608431e+04
1.397500000000000000e+04 1.396799006364608431e+04
1.402500000000000000e+04 1.401799006364608431e+04
1.407500000000000000e+04 1.406799006364608431e+04
1.412500000000000000e+04 1.411799006364608431e+04
1.417500000000000000e+04 1.416799006364608431e+04
1.422500000000000000e+04 1.421799006364608431e+04
1.427500000000000000e+04 1.426799006364608431e+04
1.432500000000000000e+04 1.431799006364608431e+04
1.437500000000000000e+04 1.436799006364608431e+04
1.442500000000000000e+04 1.441799006364608431e+04
1.447500000000000000e+04 1.446799006364608431e+04
1.452500000000000000e+04 1.451799006364608431e+04
1.457500000000000000e+04 1.456799006364608431e+04
1.462500000000000000e+04 1.461799006364608431e+04
1.467500000000000000e+04 1.466799006364608431e+04
1.472500000000000000e+04 1.471799006364608431e+04
1.477500000000000000e+04 1.476799006364608431e+04
1.482500000000000000e+04 1.481799006364608431e+04
1.487500000000000000e+04 1.486799006364608431e+04
1.492500000000000000e+04 1.491799006364608431e+04
1.497500000000000000e+04 1.496799006364608431e+04
1.502500000000000000e+04 1.501799006364608431e+04
1.507500000000000000e+04 1.506799006364608431e+04
1.512500000000000000e+04 1.511799006364608431e+04
1.517500000000000000e+04 1.516799006364608431e+04
1.522500000000000000e+04 1.521799006364608431e+04
1.527500000000000000e+04 1.526799006364608431e+04
1.532500000000000000e+04 1.531799006364608431e+04
1.537500000000000000e+04 1.536799006364608431e+04
1.542500000000000000e+04 1.541799006364608431e+04
1.547500000000000000e+04 1.546799006364608431e+04
1.552500000000000000e+04 1.551799006364608431e+04
1.557500000000000000e+04 1.556799006364608431e+04
1.562500000000000000e+04 1.561799006364608431e+04
1.567500000000000000e+04 1.566799006364608431e+04
1.572500000000000000e+04 1.571799006364608431e+04
1.577500000000000000e+04 1.576799006364608431e+04
1.582500000000000000e+04 1.581799006364608431e+04
1.587500000000000000e+04 1.586799006364608431e+04
1.592500000000000000e+04 1.591799006364608431e+04
1.597500000000000000e+04 1.596799006364608431e+04
1.602500000000000000e+04 1.601799006364608431e+04
1.607500000000000000e+04 1.606799006364608431e+04
1.612500000000000000e+04 1.611799006364608431e+04
1.617500000000000000e+04 1.616799006364608431e+04
1.622500000000000000e+04 1.621799006364608431e+04
1.627500000000000000e+04 1.626799006364608431e+04
1.632500000000000000e+04 1.631799006364608431e+04
1.637500000000000000e+04 1.636799006364608431e+04
1.642500000000000000e+04 1.641799006364607703e+04
1.647500000000000000e+04 1.646799006364606976e+04
1.652500000000000000e+04 1.651799006364607339e+04
1.657500000000000000e+04 1.656799006364607703e+04
1.662500000000000000e+04 1.661799006364608067e+04
1.667500000000000000e+04 1.666799006364608067e+04
1.672500000000000000e+04 1.671799006364608431e+04
1.677500000000000000e+04 1.676799006364608431e+04
1.682500000000000000e+04 1.681799006364608431e+04
1.687500000000000000e+04 1.686799006364608067e+04
1.692500000000000000e+04 1.691799006364607339e+04
1.697500000000000000e+04 1.696799006364607339e+04
1.702500000000000000e+04 1.701799006364607339e+04
1.707500000000000000e+04 1.706799006364607339e+04
1.712500000000000000e+04 1.711799006364607339e+04
1.717500000000000000e+04 1.716799006364608067e+04
1.722500000000000000e+04 1.721799006364608067e+04
1.727500000000000000e+04 1.726799006364608067e+04
1.732500000000000000e+04 1.731799006364607339e+04
1.737500000000000000e+04 1.736799006364607339e+04
1.742500000000000000e+04 1.741799006364607339e+04
1.747500000000000000e+04 1.746799006364608067e+04
1.752500000000000000e+04 1.751799006364607339e+04
1.757500000000000000e+04 1.756799006364608067e+04
1.762500000000000000e+04 1.761799006364608067e+04
1.767500000000000000e+04 1.766799006364608067e+04
1.772500000000000000e+04 1.771799006364608067e+04
1.777500000000000000e+04 1.776799006364608067e+04
1.782500000000000000e+04 1.781799006364608067e+04
1.787500000000000000e+04 1.786799006364608067e+04
1.792500000000000000e+04 1.791799006364608067e+04
1.797500000000000000e+04 1.796799006364608067e+04
1.802500000000000000e+04 1.801799006364608067e+04
1.807500000000000000e+04 1.806799006364608067e+04
1.812500000000000000e+04 1.811799006364608067e+04
1.817500000000000000e+04 1.816799006364608067e+04
1.822500000000000000e+04 1.821799006364608067e+04
1.827500000000000000e+04 1.826799006364608067e+04
1.832500000000000000e+04 1.831799006364608067e+04
1.837500000000000000e+04 1.836799006364608067e+04
1.842500000000000000e+04 1.841799006364608067e+04
1.847500000000000000e+04 1.846799006364608067e+04
1.852500000000000000e+04 1.851799006364608067e+04
1.857500000000000000e+04 1.856799006364608067e+04
1.862500000000000000e+04 1.861799006364608067e+04
1.867500000000000000e+04 1.866799006364608067e+04
1.872500000000000000e+04 1.871799006364608067e+04
1.877500000000000000e+04 1.876799006364608067e+04
1.882500000000000000e+04 1.881799006364608067e+04
1.887500000000000000e+04 1.886799006364608067e+04
1.892500000000000000e+04 1.891799006364608067e+04
1.897500000000000000e+04 1.896799006364608067e+04
1.902500000000000000e+04 1.901799006364608067e+04
1.907500000000000000e+04 1.906799006364608067e+04
1.912500000000000000e+04 1.911799006364608067e+04
1.917500000000000000e+04 1.916799006364608067e+04
1.922500000000000000e+04 1.921799006364608067e+04
1.927500000000000000e+04 1.926799006364608067e+04
1.932500000000000000e+04 1.931799006364608067e+04
1.937500000000000000e+04 1.936799006364608067e+04
1.942500000000000000e+04 1.941799006364608067e+04
1.947500000000000000e+04 1.946799006364608067e+04
1.952500000000000000e+04 1.951799006364608067e+04
1.957500000000000000e+04 1.956799006364608067e+04
1.962500000000000000e+04 1.961799006364608067e+04
1.967500000000000000e+04 1.966799006364608067e+04
1.972500000000000000e+04 1.971799006364608067e+04
1.977500000000000000e+04 1.976799006364608067e+04
1.982500000000000000e+04 1.981799006364608067e+04
1.987500000000000000e+04 1.986799006364608067e+04
1.992500000000000000e+04 1.991799006364608067e+04
