2.250000000000000000e+02 2.197844985893097203e+02
2.750000000000000000e+02 2.697844985893100329e+02
3.250000000000000000e+02 3.197844985893098055e+02
3.750000000000000000e+02 3.697844985893096919e+02
4.250000000000000000e+02 4.197844985893094645e+02
4.750000000000000000e+02 4.697844985893095782e+02
5.250000000000000000e+02 5.197844985893096919e+02
5.750000000000000000e+02 5.697844985893095782e+02
6.250000000000000000e+02 6.197844985893086687e+02
6.750000000000000000e+02 6.697844985893082139e+02
7.250000000000000000e+02 7.197844985893077592e+02
7.750000000000000000e+02 7.697844985893077592e+02
8.250000000000000000e+02 8.197844985893077592e+02
8.750000000000000000e+02 8.697844985893077592e+02
9.250000000000000000e+02 9.197844985893077592e+02
9.750000000000000000e+02 9.697844985893077592e+02
1.025000000000000000e+03 1.019784498589307759e+03
1.075000000000000000e+03 1.069784498589308896e+03
1.125000000000000000e+03 1.119784498589309806e+03
1.175000000000000000e+03 1.169784498589310715e+03
1.225000000000000000e+03 1.219784498589310715e+03
1.275000000000000000e+03 1.269784498589310715e+03
1.325000000000000000e+03 1.319784498589310715e+03
1.375000000000000000e+03 1.369784498589310715e+03
1.425000000000000000e+03 1.419784498589310715e+03
1.475000000000000000e+03 1.469784498589310715e+03
1.525000000000000000e+03 1.519784498589310715e+03
1.575000000000000000e+03 1.569784498589310715e+03
1.625000000000000000e+03 1.619784498589310715e+03
1.675000000000000000e+03 1.669784498589310715e+03
1.725000000000000000e+03 1.719784498589310715e+03
1.775000000000000000e+03 1.769784498589310715e+03
1.825000000000000000e+03 1.819784498589310715e+03
1.875000000000000000e+03 1.869784498589310715e+03
1.925000000000000000e+03 1.919784498589310715e+03
1.975000000000000000e+03 1.969784498589310715e+03
2.025000000000000000e+03 2.019784498589310715e+03
2.075000000000000000e+03 2.069784498589310715e+03
2.125000000000000000e+03 2.119784498589309806e+03
2.175000000000000000e+03 2.169784498589308896e+03
2.225000000000000000e+03 2.219784498589309806e+03
2.275000000000000000e+03 2.269784498589308896e+03
2.325000000000000000e+03 2.319784498589308896e+03
2.375000000000000000e+03 2.369784498589308896e+03
2.425000000000000000e+03 2.419784498589308896e+03
2.475000000000000000e+03 2.469784498589308896e+03
2.525000000000000000e+03 2.519784498589308896e+03
2.575000000000000000e+03 2.569784498589308896e+03
2.625000000000000000e+03 2.619784498589308896e+03
2.675000000000000000e+03 2.669784498589308896e+03
2.725000000000000000e+03 2.719784498589308896e+03
2.775000000000000000e+03 2.769784498589308896e+03
2.825000000000000000e+03 2.819784498589308896e+03
2.875000000000000000e+03 2.869784498589308896e+03
2.925000000000000000e+03 2.919784498589308896e+03
2.975000000000000000e+03 2.969784498589308896e+03
3.025000000000000000e+03 3.019784498589308896e+03
3.075000000000000000e+03 3.069784498589308896e+03
3.125000000000000000e+03 3.119784498589308896e+03
3.175000000000000000e+03 3.169784498589308896e+03
3.225000000000000000e+03 3.219784498589308896e+03
3.275000000000000000e+03 3.269784498589308896e+03
3.325000000000000000e+03 3.319784498589308896e+03
3.375000000000000000e+03 3.369784498589308896e+03
3.425000000000000000e+03 3.419784498589308896e+03
3.475000000000000000e+03 3.469784498589308896e+03
3.525000000000000000e+03 3.519784498589308896e+03
3.575000000000000000e+03 3.569784498589308896e+03
3.625000000000000000e+03 3.619784498589308896e+03
3.675000000000000000e+03 3.669784498589308896e+03
3.725000000000000000e+03 3.719784498589308896e+03
3.775000000000000000e+03 3.769784498589308896e+03
3.825000000000000000e+03 3.819784498589308896e+03
3.875000000000000000e+03 3.869784498589308896e+03
3.925000000000000000e+03 3.919784498589308896e+03
3.975000000000000000e+03 3.969784498589308896e+03
4.025000000000000000e+03 4.019784498589308896e+03
4.075000000000000000e+03 4.069784498589308896e+03
4.125000000000000000e+03 4.119784498589308896e+03
4.175000000000000000e+03 4.169784498589308896e+03
4.225000000000000000e+03 4.219784498589308896e+03
4.275000000000000000e+03 4.269784498589307077e+03
4.325000000000000000e+03 4.319784498589308896e+03
4.375000000000000000e+03 4.369784498589308896e+03
4.425000000000000000e+03 4.419784498589308896e+03
4.475000000000000000e+03 4.469784498589308896e+03
4.525000000000000000e+03 4.519784498589308896e+03
4.575000000000000000e+03 4.569784498589308896e+03
4.625000000000000000e+03 4.619784498589308896e+03
4.675000000000000000e+03 4.669784498589308896e+03
4.725000000000000000e+03 4.719784498589308896e+03
4.775000000000000000e+03 4.769784498589308896e+03
4.825000000000000000e+03 4.819784498589308896e+03
4.875000000000000000e+03 4.869784498589308896e+03
4.925000000000000000e+03 4.919784498589308896e+03
4.975000000000000000e+03 4.969784498589308896e+03
5.025000000000000000e+03 5.019784498589308896e+03
5.075000000000000000e+03 5.069784498589308896e+03
5.125000000000000000e+03 5.119784498589308896e+03
5.175000000000000000e+03 5.169784498589308896e+03
5.225000000000000000e+03 5.219784498589308896e+03
5.275000000000000000e+03 5.269784498589308896e+03
5.325000000000000000e+03 5.319784498589308896e+03
5.375000000000000000e+03 5.369784498589308896e+03
5.425000000000000000e+03 5.419784498589308896e+03
5.475000000000000000e+03 5.469784498589308896e+03
5.525000000000000000e+03 5.519784498589308896e+03
5.575000000000000000e+03 5.569784498589308896e+03
5.625000000000000000e+03 5.619784498589308896e+03
5.675000000000000000e+03 5.669784498589308896e+03
5.725000000000000000e+03 5.719784498589308896e+03
5.775000000000000000e+03 5.769784498589308896e+03
5.825000000000000000e+03 5.819784498589308896e+03
5.875000000000000000e+03 5.869784498589308896e+03
5.925000000000000000e+03 5.919784498589308896e+03
5.975000000000000000e+03 5.969784498589308896e+03
6.025000000000000000e+03 6.019784498589308896e+03
6.075000000000000000e+03 6.069784498589308896e+03
6.125000000000000000e+03 6.119784498589308896e+03
6.175000000000000000e+03 6.169784498589308896e+03
6.225000000000000000e+03 6.219784498589308896e+03
6.275000000000000000e+03 6.269784498589308896e+03
6.325000000000000000e+03 6.319784498589308896e+03
6.375000000000000000e+03 6.369784498589308896e+03
6.425000000000000000e+03 6.419784498589308896e+03
6.475000000000000000e+03 6.469784498589308896e+03
6.525000000000000000e+03 6.519784498589308896e+03
6.575000000000000000e+03 6.569784498589308896e+03
6.625000000000000000e+03 6.619784498589308896e+03
6.675000000000000000e+03 6.669784498589308896e+03
6.725000000000000000e+03 6.719784498589308896e+03
6.775000000000000000e+03 6.769784498589308896e+03
6.825000000000000000e+03 6.819784498589308896e+03
6.875000000000000000e+03 6.869784498589308896e+03
6.925000000000000000e+03 6.919784498589308896e+03
6.975000000000000000e+03 6.969784498589308896e+03
7.025000000000000000e+03 7.019784498589308896e+03
7.075000000000000000e+03 7.069784498589308896e+03
7.125000000000000000e+03 7.119784498589308896e+03
7.175000000000000000e+03 7.169784498589308896e+03
7.225000000000000000e+03 7.219784498589308896e+03
7.275000000000000000e+03 7.269784498589308896e+03
7.325000000000000000e+03 7.319784498589308896e+03
7.375000000000000000e+03 7.369784498589308896e+03
7.425000000000000000e+03 7.419784498589308896e+03
7.475000000000000000e+03 7.469784498589308896e+03
7.525000000000000000e+03 7.519784498589308896e+03
7.575000000000000000e+03 7.569784498589308896e+03
7.625000000000000000e+03 7.619784498589308896e+03
7.675000000000000000e+03 7.669784498589308896e+03
7.725000000000000000e+03 7.719784498589308896e+03
7.775000000000000000e+03 7.769784498589308896e+03
7.825000000000000000e+03 7.819784498589308896e+03
7.875000000000000000e+03 7.869784498589308896e+03
7.925000000000000000e+03 7.919784498589308896e+03
7.975000000000000000e+03 7.969784498589308896e+03
8.025000000000000000e+03 8.019784498589308896e+03
8.075000000000000000e+03 8.069784498589308896e+03
8.125000000000000000e+03 8.119784498589308896e+03
8.175000000000000000e+03 8.169784498589308896e+03
8.225000000000000000e+03 8.219784498589307987e+03
8.275000000000000000e+03 8.269784498589306168e+03
8.325000000000000000e+03 8.319784498589306168e+03
8.375000000000000000e+03 8.369784498589306168e+03
8.425000000000000000e+03 8.419784498589306168e+03
8.475000000000000000e+03 8.469784498589306168e+03
8.525000000000000000e+03 8.519784498589306168e+03
8.575000000000000000e+03 8.569784498589306168e+03
8.625000000000000000e+03 8.619784498589306168e+03
8.675000000000000000e+03 8.669784498589306168e+03
8.725000000000000000e+03 8.719784498589306168e+03
8.775000000000000000e+03 8.769784498589306168e+03
8.825000000000000000e+03 8.819784498589306168e+03
8.875000000000000000e+03 8.869784498589306168e+03
8.925000000000000000e+03 8.919784498589306168e+03
8.975000000000000000e+03 8.969784498589306168e+03
9.025000000000000000e+03 9.019784498589306168e+03
9.075000000000000000e+03 9.069784498589306168e+03
9.125000000000000000e+03 9.119784498589306168e+03
9.175000000000000000e+03 9.169784498589306168e+03
9.225000000000000000e+03 9.219784498589306168e+03
9.275000000000000000e+03 9.269784498589306168e+03
9.325000000000000000e+03 9.319784498589306168e+03
9.375000000000000000e+03 9.369784498589306168e+03
9.425000000000000000e+03 9.419784498589306168e+03
9.475000000000000000e+03 9.469784498589306168e+03
9.525000000000000000e+03 9.519784498589306168e+03
9.575000000000000000e+03 9.569784498589306168e+03
9.625000000000000000e+03 9.619784498589306168e+03
9.675000000000000000e+03 9.669784498589306168e+03
9.725000000000000000e+03 9.719784498589306168e+03
9.775000000000000000e+03 9.769784498589306168e+03
9.825000000000000000e+03 9.819784498589306168e+03
9.875000000000000000e+03 9.869784498589306168e+03
9.925000000000000000e+03 9.919784498589306168e+03
9.975000000000000000e+03 9.969784498589306168e+03
1.002500000000000000e+04 1.001978449858930617e+04
1.007500000000000000e+04 1.006978449858930617e+04
1.012500000000000000e+04 1.011978449858930617e+04
1.017500000000000000e+04 1.016978449858930617e+04
1.022500000000000000e+04 1.021978449858930617e+04
1.027500000000000000e+04 1.026978449858930617e+04
1.032500000000000000e+04 1.031978449858930617e+04
1.037500000000000000e+04 1.036978449858930617e+04
1.042500000000000000e+04 1.041978449858930617e+04
1.047500000000000000e+04 1.046978449858930617e+04
1.052500000000000000e+04 1.051978449858930617e+04
1.057500000000000000e+04 1.056978449858930617e+04
1.062500000000000000e+04 1.061978449858930617e+04
1.067500000000000000e+04 1.066978449858930617e+04
1.072500000000000000e+04 1.071978449858930617e+04
1.077500000000000000e+04 1.076978449858930617e+04
1.082500000000000000e+04 1.081978449858930617e+04
1.087500000000000000e+04 1.086978449858930617e+04
1.092500000000000000e+04 1.091978449858930617e+04
1.097500000000000000e+04 1.096978449858930617e+04
1.102500000000000000e+04 1.101978449858930617e+04
1.107500000000000000e+04 1.106978449858930617e+04
1.112500000000000000e+04 1.111978449858930617e+04
1.117500000000000000e+04 1.116978449858930617e+04
1.122500000000000000e+04 1.121978449858930617e+04
1.127500000000000000e+04 1.126978449858930617e+04
1.132500000000000000e+04 1.131978449858930617e+04
1.137500000000000000e+04 1.136978449858930617e+04
1.142500000000000000e+04 1.141978449858930617e+04
1.147500000000000000e+04 1.146978449858930617e+04
1.152500000000000000e+04 1.151978449858930617e+04
1.157500000000000000e+04 1.156978449858930617e+04
1.162500000000000000e+04 1.161978449858930617e+04
1.167500000000000000e+04 1.166978449858930617e+04
1.172500000000000000e+04 1.171978449858930617e+04
1.177500000000000000e+04 1.176978449858930617e+04
1.182500000000000000e+04 1.181978449858930617e+04
1.187500000000000000e+04 1.186978449858930617e+04
1.192500000000000000e+04 1.191978449858930617e+04
1.197500000000000000e+04 1.196978449858930617e+04
1.202500000000000000e+04 1.201978449858930617e+04
1.207500000000000000e+04 1.206978449858930617e+04
1.212500000000000000e+04 1.211978449858930617e+04
1.217500000000000000e+04 1.216978449858930617e+04
1.222500000000000000e+04 1.221978449858930617e+04
1.227500000000000000e+04 1.226978449858930617e+04
1.232500000000000000e+04 1.231978449858930617e+04
1.237500000000000000e+04 1.236978449858930617e+04
1.242500000000000000e+04 1.241978449858930617e+04
1.247500000000000000e+04 1.246978449858930617e+04
1.252500000000000000e+04 1.251978449858930617e+04
1.257500000000000000e+04 1.256978449858930617e+04
1.262500000000000000e+04 1.261978449858930617e+04
1.267500000000000000e+04 1.266978449858930617e+04
1.272500000000000000e+04 1.271978449858930617e+04
1.277500000000000000e+04 1.276978449858930617e+04
1.282500000000000000e+04 1.281978449858930617e+04
1.287500000000000000e+04 1.286978449858930617e+04
1.292500000000000000e+04 1.291978449858930617e+04
1.297500000000000000e+04 1.296978449858930617e+04
1.302500000000000000e+04 1.301978449858930617e+04
1.307500000000000000e+04 1.306978449858930617e+04
1.312500000000000000e+04 1.311978449858930617e+04
1.317500000000000000e+04 1.316978449858930617e+04
1.322500000000000000e+04 1.321978449858930617e+04
1.327500000000000000e+04 1.326978449858930617e+04
1.332500000000000000e+04 1.331978449858930617e+04
1.337500000000000000e+04 1.336978449858930617e+04
1.342500000000000000e+04 1.341978449858930617e+04
1.347500000000000000e+04 1.346978449858930617e+04
1.352500000000000000e+04 1.351978449858930617e+04
1.357500000000000000e+04 1.356978449858930617e+04
1.362500000000000000e+04 1.361978449858930617e+04
1.367500000000000000e+04 1.366978449858930617e+04
1.372500000000000000e+04 1.371978449858930617e+04
1.377500000000000000e+04 1.376978449858930617e+04
1.382500000000000000e+04 1.381978449858930617e+04
1.387500000000000000e+04 1.386978449858930617e+04
1.392500000000000000e+04 1.391978449858930617e+04
1.397500000000000000e+04 1.396978449858930617e+04
1.402500000000000000e+04 1.401978449858930617e+04
1.407500000000000000e+04 1.406978449858930617e+04
1.412500000000000000e+04 1.411978449858930617e+04
1.417500000000000000e+04 1.416978449858930617e+04
1.422500000000000000e+04 1.421978449858930617e+04
1.427500000000000000e+04 1.426978449858930617e+04
1.432500000000000000e+04 1.431978449858930617e+04
1.437500000000000000e+04 1.436978449858930617e+04
1.442500000000000000e+04 1.441978449858930617e+04
1.447500000000000000e+04 1.446978449858930617e+04
1.452500000000000000e+04 1.451978449858930617e+04
1.457500000000000000e+04 1.456978449858930617e+04
1.462500000000000000e+04 1.461978449858930617e+04
1.467500000000000000e+04 1.466978449858930617e+04
1.472500000000000000e+04 1.471978449858930617e+04
1.477500000000000000e+04 1.476978449858930617e+04
1.482500000000000000e+04 1.481978449858930617e+04
1.487500000000000000e+04 1.486978449858930617e+04
1.492500000000000000e+04 1.491978449858930617e+04
1.497500000000000000e+04 1.496978449858930617e+04
1.502500000000000000e+04 1.501978449858930617e+04
1.507500000000000000e+04 1.506978449858930617e+04
1.512500000000000000e+04 1.511978449858930617e+04
1.517500000000000000e+04 1.516978449858930617e+04
1.522500000000000000e+04 1.521978449858930617e+04
1.527500000000000000e+04 1.526978449858930617e+04
1.532500000000000000e+04 1.531978449858930617e+04
1.537500000000000000e+04 1.536978449858930617e+04
1.542500000000000000e+04 1.541978449858930617e+04
1.547500000000000000e+04 1.546978449858930617e+04
1.552500000000000000e+04 1.551978449858930617e+04
1.557500000000000000e+04 1.556978449858930617e+04
1.562500000000000000e+04 1.561978449858930617e+04
1.567500000000000000e+04 1.566978449858930617e+04
1.572500000000000000e+04 1.571978449858930617e+04
1.577500000000000000e+04 1.576978449858930617e+04
1.582500000000000000e+04 1.581978449858930617e+04
1.587500000000000000e+04 1.586978449858930617e+04
1.592500000000000000e+04 1.591978449858930617e+04
1.597500000000000000e+04 1.596978449858930617e+04
1.602500000000000000e+04 1.601978449858930617e+04
1.607500000000000000e+04 1.606978449858930617e+04
1.612500000000000000e+04 1.611978449858930617e+04
1.617500000000000000e+04 1.616978449858930617e+04
1.622500000000000000e+04 1.621978449858930617e+04
1.627500000000000000e+04 1.626978449858930617e+04
1.632500000000000000e+04 1.631978449858930617e+04
1.637500000000000000e+04 1.636978449858930617e+04
1.642500000000000000e+04 1.641978449858930253e+04
1.647500000000000000e+04 1.646978449858930253e+04
1.652500000000000000e+04 1.651978449858930617e+04
1.657500000000000000e+04 1.656978449858930617e+04
1.662500000000000000e+04 1.661978449858930617e+04
1.667500000000000000e+04 1.666978449858930617e+04
1.672500000000000000e+04 1.671978449858930617e+04
1.677500000000000000e+04 1.676978449858930617e+04
1.682500000000000000e+04 1.681978449858930617e+04
1.687500000000000000e+04 1.686978449858930617e+04
1.692500000000000000e+04 1.691978449858930617e+04
1.697500000000000000e+04 1.696978449858930617e+04
1.702500000000000000e+04 1.701978449858930617e+04
1.707500000000000000e+04 1.706978449858930617e+04
1.712500000000000000e+04 1.711978449858930617e+04
1.717500000000000000e+04 1.716978449858930617e+04
1.722500000000000000e+04 1.721978449858930617e+04
1.727500000000000000e+04 1.726978449858930617e+04
1.732500000000000000e+04 1.731978449858930617e+04
1.737500000000000000e+04 1.736978449858930617e+04
1.742500000000000000e+04 1.741978449858930617e+04
1.747500000000000000e+04 1.746978449858930617e+04
1.752500000000000000e+04 1.751978449858930617e+04
1.757500000000000000e+04 1.756978449858930617e+04
1.762500000000000000e+04 1.761978449858930617e+04
1.767500000000000000e+04 1.766978449858930617e+04
1.772500000000000000e+04 1.771978449858930617e+04
1.777500000000000000e+04 1.776978449858930617e+04
1.782500000000000000e+04 1.781978449858930617e+04
1.787500000000000000e+04 1.786978449858930617e+04
1.792500000000000000e+04 1.791978449858930617e+04
1.797500000000000000e+04 1.796978449858930617e+04
1.802500000000000000e+04 1.801978449858930617e+04
1.807500000000000000e+04 1.806978449858930617e+04
1.812500000000000000e+04 1.811978449858930617e+04
1.817500000000000000e+04 1.816978449858930617e+04
1.822500000000000000e+04 1.821978449858930617e+04
1.827500000000000000e+04 1.826978449858930617e+04
1.832500000000000000e+04 1.831978449858930617e+04
1.837500000000000000e+04 1.836978449858930617e+04
1.842500000000000000e+04 1.841978449858930617e+04
1.847500000000000000e+04 1.846978449858930617e+04
1.852500000000000000e+04 1.851978449858930617e+04
1.857500000000000000e+04 1.856978449858930617e+04
1.862500000000000000e+04 1.861978449858930617e+04
1.867500000000000000e+04 1.866978449858930617e+04
1.872500000000000000e+04 1.871978449858930617e+04
1.877500000000000000e+04 1.876978449858930617e+04
1.882500000000000000e+04 1.881978449858930617e+04
1.887500000000000000e+04 1.886978449858930617e+04
1.892500000000000000e+04 1.891978449858930617e+04
1.897500000000000000e+04 1.896978449858930617e+04
1.902500000000000000e+04 1.901978449858930617e+04
1.907500000000000000e+04 1.906978449858930617e+04
1.912500000000000000e+04 1.911978449858930617e+04
1.917500000000000000e+04 1.916978449858930617e+04
1.922500000000000000e+04 1.921978449858930617e+04
1.927500000000000000e+04 1.926978449858930617e+04
1.932500000000000000e+04 1.931978449858930617e+04
1.937500000000000000e+04 1.936978449858930617e+04
1.942500000000000000e+04 1.941978449858930617e+04
1.947500000000000000e+04 1.946978449858930617e+04
1.952500000000000000e+04 1.951978449858930617e+04
1.957500000000000000e+04 1.956978449858930617e+04
1.962500000000000000e+04 1.961978449858930617e+04
1.967500000000000000e+04 1.966978449858930617e+04
1.972500000000000000e+04 1.971978449858930617e+04
1.977500000000000000e+04 1.976978449858930617e+04
1.982500000000000000e+04 1.981978449858930617e+04
1.987500000000000000e+04 1.986978449858930617e+04
1.992500000000000000e+04 1.991978449858930617e+04
