1.625000000000000000e+03 1.597489801055515272e+03
1.675000000000000000e+03 1.647489801055515272e+03
1.725000000000000000e+03 1.697489801055515272e+03
1.775000000000000000e+03 1.747489801055515272e+03
1.825000000000000000e+03 1.797489801055515272e+03
1.875000000000000000e+03 1.847489801055515727e+03
1.925000000000000000e+03 1.897489801055516182e+03
1.975000000000000000e+03 1.947489801055516182e+03
2.025000000000000000e+03 1.997489801055516637e+03
2.075000000000000000e+03 2.047489801055516637e+03
2.125000000000000000e+03 2.097489801055516637e+03
2.175000000000000000e+03 2.147489801055516637e+03
2.225000000000000000e+03 2.197489801055516637e+03
2.275000000000000000e+03 2.247489801055515727e+03
2.325000000000000000e+03 2.297489801055514818e+03
2.375000000000000000e+03 2.347489801055513908e+03
2.425000000000000000e+03 2.397489801055513908e+03
2.475000000000000000e+03 2.447489801055513908e+03
2.525000000000000000e+03 2.497489801055513908e+03
2.575000000000000000e+03 2.547489801055512999e+03
2.625000000000000000e+03 2.597489801055512999e+03
2.675000000000000000e+03 2.647489801055512999e+03
2.725000000000000000e+03 2.697489801055512089e+03
2.775000000000000000e+03 2.747489801055512089e+03
2.825000000000000000e+03 2.797489801055512089e+03
2.875000000000000000e+03 2.847489801055512999e+03
2.925000000000000000e+03 2.897489801055512089e+03
2.975000000000000000e+03 2.947489801055512089e+03
3.025000000000000000e+03 2.997489801055512089e+03
3.075000000000000000e+03 3.047489801055512089e+03
3.125000000000000000e+03 3.097489801055511180e+03
3.175000000000000000e+03 3.147489801055511180e+03
3.225000000000000000e+03 3.197489801055511180e+03
3.275000000000000000e+03 3.247489801055510270e+03
3.325000000000000000e+03 3.297489801055509361e+03
3.375000000000000000e+03 3.347489801055508451e+03
3.425000000000000000e+03 3.397489801055509361e+03
3.475000000000000000e+03 3.447489801055509361e+03
3.525000000000000000e+03 3.497489801055510270e+03
3.575000000000000000e+03 3.547489801055509361e+03
3.625000000000000000e+03 3.597489801055510270e+03
3.675000000000000000e+03 3.647489801055510270e+03
3.725000000000000000e+03 3.697489801055510270e+03
3.775000000000000000e+03 3.747489801055510270e+03
3.825000000000000000e+03 3.797489801055510270e+03
3.875000000000000000e+03 3.847489801055510270e+03
3.925000000000000000e+03 3.897489801055510270e+03
3.975000000000000000e+03 3.947489801055510270e+03
4.025000000000000000e+03 3.997489801055510270e+03
4.075000000000000000e+03 4.047489801055510270e+03
4.125000000000000000e+03 4.097489801055510725e+03
4.175000000000000000e+03 4.147489801055511634e+03
4.225000000000000000e+03 4.197489801055512544e+03
4.275000000000000000e+03 4.247489801055512544e+03
4.325000000000000000e+03 4.297489801055516182e+03
4.375000000000000000e+03 4.347489801055518001e+03
4.425000000000000000e+03 4.397489801055518001e+03
4.475000000000000000e+03 4.447489801055518001e+03
4.525000000000000000e+03 4.497489801055516182e+03
4.575000000000000000e+03 4.547489801055518001e+03
4.625000000000000000e+03 4.597489801055518001e+03
4.675000000000000000e+03 4.647489801055518001e+03
4.725000000000000000e+03 4.697489801055516182e+03
4.775000000000000000e+03 4.747489801055514363e+03
4.825000000000000000e+03 4.797489801055514363e+03
4.875000000000000000e+03 4.847489801055512544e+03
4.925000000000000000e+03 4.897489801055512544e+03
4.975000000000000000e+03 4.947489801055510725e+03
5.025000000000000000e+03 4.997489801055510725e+03
5.075000000000000000e+03 5.047489801055510725e+03
5.125000000000000000e+03 5.097489801055510725e+03
5.175000000000000000e+03 5.147489801055510725e+03
5.225000000000000000e+03 5.197489801055510725e+03
5.275000000000000000e+03 5.247489801055510725e+03
5.325000000000000000e+03 5.297489801055508906e+03
5.375000000000000000e+03 5.347489801055510725e+03
5.425000000000000000e+03 5.397489801055510725e+03
5.475000000000000000e+03 5.447489801055510725e+03
5.525000000000000000e+03 5.497489801055512544e+03
5.575000000000000000e+03 5.547489801055510725e+03
5.625000000000000000e+03 5.597489801055512544e+03
5.675000000000000000e+03 5.647489801055514363e+03
5.725000000000000000e+03 5.697489801055518001e+03
5.775000000000000000e+03 5.747489801055518001e+03
5.825000000000000000e+03 5.797489801055518001e+03
5.875000000000000000e+03 5.847489801055518001e+03
5.925000000000000000e+03 5.897489801055518001e+03
5.975000000000000000e+03 5.947489801055518001e+03
6.025000000000000000e+03 5.997489801055518001e+03
6.075000000000000000e+03 6.047489801055518001e+03
6.125000000000000000e+03 6.097489801055518001e+03
6.175000000000000000e+03 6.147489801055518001e+03
6.225000000000000000e+03 6.197489801055518001e+03
6.275000000000000000e+03 6.247489801055518001e+03
6.325000000000000000e+03 6.297489801055518001e+03
6.375000000000000000e+03 6.347489801055518001e+03
6.425000000000000000e+03 6.397489801055518001e+03
6.475000000000000000e+03 6.447489801055518001e+03
6.525000000000000000e+03 6.497489801055518001e+03
6.575000000000000000e+03 6.547489801055518001e+03
6.625000000000000000e+03 6.597489801055518001e+03
6.675000000000000000e+03 6.647489801055518001e+03
6.725000000000000000e+03 6.697489801055518001e+03
6.775000000000000000e+03 6.747489801055518001e+03
6.825000000000000000e+03 6.797489801055518001e+03
6.875000000000000000e+03 6.847489801055518001e+03
6.925000000000000000e+03 6.897489801055518001e+03
6.975000000000000000e+03 6.947489801055518001e+03
7.025000000000000000e+03 6.997489801055518001e+03
7.075000000000000000e+03 7.047489801055518001e+03
7.125000000000000000e+03 7.097489801055518001e+03
7.175000000000000000e+03 7.147489801055518001e+03
7.225000000000000000e+03 7.197489801055518001e+03
7.275000000000000000e+03 7.247489801055518001e+03
7.325000000000000000e+03 7.297489801055518001e+03
7.375000000000000000e+03 7.347489801055518001e+03
7.425000000000000000e+03 7.397489801055518001e+03
7.475000000000000000e+03 7.447489801055518001e+03
7.525000000000000000e+03 7.497489801055518001e+03
7.575000000000000000e+03 7.547489801055518001e+03
7.625000000000000000e+03 7.597489801055518001e+03
7.675000000000000000e+03 7.647489801055518001e+03
7.725000000000000000e+03 7.697489801055518001e+03
7.775000000000000000e+03 7.747489801055518001e+03
7.825000000000000000e+03 7.797489801055518001e+03
7.875000000000000000e+03 7.847489801055518001e+03
7.925000000000000000e+03 7.897489801055518001e+03
7.975000000000000000e+03 7.947489801055518001e+03
8.025000000000000000e+03 7.997489801055518001e+03
8.075000000000000000e+03 8.047489801055518001e+03
8.125000000000000000e+03 8.097489801055518001e+03
8.175000000000000000e+03 8.147489801055518001e+03
8.225000000000000000e+03 8.197489801055517091e+03
8.275000000000000000e+03 8.247489801055517091e+03
8.325000000000000000e+03 8.297489801055518910e+03
8.375000000000000000e+03 8.347489801055517091e+03
8.425000000000000000e+03 8.397489801055513453e+03
8.475000000000000000e+03 8.447489801055513453e+03
8.525000000000000000e+03 8.497489801055517091e+03
8.575000000000000000e+03 8.547489801055517091e+03
8.625000000000000000e+03 8.597489801055517091e+03
8.675000000000000000e+03 8.647489801055513453e+03
8.725000000000000000e+03 8.697489801055513453e+03
8.775000000000000000e+03 8.747489801055517091e+03
8.825000000000000000e+03 8.797489801055524367e+03
8.875000000000000000e+03 8.847489801055524367e+03
8.925000000000000000e+03 8.897489801055524367e+03
8.975000000000000000e+03 8.947489801055528005e+03
9.025000000000000000e+03 8.997489801055531643e+03
9.075000000000000000e+03 9.047489801055531643e+03
9.125000000000000000e+03 9.097489801055531643e+03
9.175000000000000000e+03 9.147489801055535281e+03
9.225000000000000000e+03 9.197489801055528005e+03
9.275000000000000000e+03 9.247489801055531643e+03
9.325000000000000000e+03 9.297489801055531643e+03
9.375000000000000000e+03 9.347489801055535281e+03
9.425000000000000000e+03 9.397489801055535281e+03
9.475000000000000000e+03 9.447489801055531643e+03
9.525000000000000000e+03 9.497489801055535281e+03
9.575000000000000000e+03 9.547489801055535281e+03
9.625000000000000000e+03 9.597489801055535281e+03
9.675000000000000000e+03 9.647489801055535281e+03
9.725000000000000000e+03 9.697489801055531643e+03
9.775000000000000000e+03 9.747489801055528005e+03
9.825000000000000000e+03 9.797489801055524367e+03
9.875000000000000000e+03 9.847489801055524367e+03
9.925000000000000000e+03 9.897489801055524367e+03
9.975000000000000000e+03 9.947489801055524367e+03
1.002500000000000000e+04 9.997489801055524367e+03
1.007500000000000000e+04 1.004748980105552437e+04
1.012500000000000000e+04 1.009748980105552437e+04
1.017500000000000000e+04 1.014748980105552437e+04
1.022500000000000000e+04 1.019748980105552437e+04
1.027500000000000000e+04 1.024748980105552437e+04
1.032500000000000000e+04 1.029748980105552437e+04
1.037500000000000000e+04 1.034748980105552437e+04
1.042500000000000000e+04 1.039748980105552437e+04
1.047500000000000000e+04 1.044748980105552437e+04
1.052500000000000000e+04 1.049748980105552437e+04
1.057500000000000000e+04 1.054748980105552437e+04
1.062500000000000000e+04 1.059748980105552437e+04
1.067500000000000000e+04 1.064748980105552437e+04
1.072500000000000000e+04 1.069748980105552437e+04
1.077500000000000000e+04 1.074748980105552437e+04
1.082500000000000000e+04 1.079748980105552437e+04
1.087500000000000000e+04 1.084748980105552437e+04
1.092500000000000000e+04 1.089748980105552437e+04
1.097500000000000000e+04 1.094748980105552437e+04
1.102500000000000000e+04 1.099748980105552437e+04
1.107500000000000000e+04 1.104748980105552437e+04
1.112500000000000000e+04 1.109748980105552437e+04
1.117500000000000000e+04 1.114748980105552437e+04
1.122500000000000000e+04 1.119748980105552437e+04
1.127500000000000000e+04 1.124748980105552437e+04
1.132500000000000000e+04 1.129748980105552437e+04
1.137500000000000000e+04 1.134748980105552437e+04
1.142500000000000000e+04 1.139748980105552437e+04
1.147500000000000000e+04 1.144748980105552437e+04
1.152500000000000000e+04 1.149748980105552437e+04
1.157500000000000000e+04 1.154748980105552437e+04
1.162500000000000000e+04 1.159748980105552437e+04
1.167500000000000000e+04 1.164748980105552437e+04
1.172500000000000000e+04 1.169748980105552437e+04
1.177500000000000000e+04 1.174748980105552437e+04
1.182500000000000000e+04 1.179748980105552437e+04
1.187500000000000000e+04 1.184748980105552437e+04
1.192500000000000000e+04 1.189748980105552437e+04
1.197500000000000000e+04 1.194748980105552437e+04
1.202500000000000000e+04 1.199748980105552437e+04
1.207500000000000000e+04 1.204748980105552437e+04
1.212500000000000000e+04 1.209748980105552437e+04
1.217500000000000000e+04 1.214748980105552437e+04
1.222500000000000000e+04 1.219748980105552437e+04
1.227500000000000000e+04 1.224748980105552437e+04
1.232500000000000000e+04 1.229748980105552437e+04
1.237500000000000000e+04 1.234748980105552437e+04
1.242500000000000000e+04 1.239748980105552437e+04
1.247500000000000000e+04 1.244748980105552437e+04
1.252500000000000000e+04 1.249748980105552437e+04
1.257500000000000000e+04 1.254748980105552437e+04
1.262500000000000000e+04 1.259748980105552437e+04
1.267500000000000000e+04 1.264748980105552437e+04
1.272500000000000000e+04 1.269748980105552437e+04
1.277500000000000000e+04 1.274748980105552437e+04
1.282500000000000000e+04 1.279748980105552437e+04
1.287500000000000000e+04 1.284748980105552437e+04
1.292500000000000000e+04 1.289748980105552437e+04
1.297500000000000000e+04 1.294748980105552437e+04
1.302500000000000000e+04 1.299748980105552437e+04
1.307500000000000000e+04 1.304748980105552437e+04
1.312500000000000000e+04 1.309748980105552437e+04
1.317500000000000000e+04 1.314748980105552437e+04
1.322500000000000000e+04 1.319748980105552437e+04
1.327500000000000000e+04 1.324748980105552437e+04
1.332500000000000000e+04 1.329748980105552437e+04
1.337500000000000000e+04 1.334748980105552437e+04
1.342500000000000000e+04 1.339748980105552437e+04
1.347500000000000000e+04 1.344748980105552437e+04
1.352500000000000000e+04 1.349748980105552437e+04
1.357500000000000000e+04 1.354748980105552437e+04
1.362500000000000000e+04 1.359748980105552437e+04
1.367500000000000000e+04 1.364748980105552437e+04
1.372500000000000000e+04 1.369748980105552437e+04
1.377500000000000000e+04 1.374748980105552437e+04
1.382500000000000000e+04 1.379748980105552437e+04
1.387500000000000000e+04 1.384748980105552437e+04
1.392500000000000000e+04 1.389748980105552437e+04
1.397500000000000000e+04 1.394748980105552437e+04
1.402500000000000000e+04 1.399748980105552437e+04
1.407500000000000000e+04 1.404748980105552437e+04
1.412500000000000000e+04 1.409748980105552437e+04
1.417500000000000000e+04 1.414748980105552437e+04
1.422500000000000000e+04 1.419748980105552437e+04
1.427500000000000000e+04 1.424748980105552437e+04
1.432500000000000000e+04 1.429748980105552437e+04
1.437500000000000000e+04 1.434748980105552437e+04
1.442500000000000000e+04 1.439748980105552437e+04
1.447500000000000000e+04 1.444748980105552437e+04
1.452500000000000000e+04 1.449748980105552437e+04
1.457500000000000000e+04 1.454748980105552437e+04
1.462500000000000000e+04 1.459748980105552437e+04
1.467500000000000000e+04 1.464748980105552437e+04
1.472500000000000000e+04 1.469748980105552437e+04
1.477500000000000000e+04 1.474748980105552437e+04
1.482500000000000000e+04 1.479748980105552437e+04
1.487500000000000000e+04 1.484748980105552437e+04
1.492500000000000000e+04 1.489748980105552437e+04
1.497500000000000000e+04 1.494748980105552437e+04
1.502500000000000000e+04 1.499748980105552437e+04
1.507500000000000000e+04 1.504748980105552437e+04
1.512500000000000000e+04 1.509748980105552437e+04
1.517500000000000000e+04 1.514748980105552437e+04
1.522500000000000000e+04 1.519748980105552437e+04
1.527500000000000000e+04 1.524748980105552437e+04
1.532500000000000000e+04 1.529748980105552437e+04
1.537500000000000000e+04 1.534748980105552437e+04
1.542500000000000000e+04 1.539748980105552437e+04
1.547500000000000000e+04 1.544748980105552437e+04
1.552500000000000000e+04 1.549748980105552437e+04
1.557500000000000000e+04 1.554748980105552437e+04
1.562500000000000000e+04 1.559748980105552437e+04
1.567500000000000000e+04 1.564748980105552437e+04
1.572500000000000000e+04 1.569748980105552437e+04
1.577500000000000000e+04 1.574748980105552437e+04
1.582500000000000000e+04 1.579748980105552437e+04
1.587500000000000000e+04 1.584748980105552437e+04
1.592500000000000000e+04 1.589748980105552437e+04
1.597500000000000000e+04 1.594748980105552437e+04
1.602500000000000000e+04 1.599748980105552437e+04
1.607500000000000000e+04 1.604748980105552437e+04
1.612500000000000000e+04 1.609748980105552437e+04
1.617500000000000000e+04 1.614748980105552437e+04
1.622500000000000000e+04 1.619748980105552437e+04
1.627500000000000000e+04 1.624748980105552437e+04
1.632500000000000000e+04 1.629748980105552437e+04
1.637500000000000000e+04 1.634748980105552437e+04
1.642500000000000000e+04 1.639748980105552619e+04
1.647500000000000000e+04 1.644748980105552619e+04
1.652500000000000000e+04 1.649748980105552982e+04
1.657500000000000000e+04 1.654748980105552982e+04
1.662500000000000000e+04 1.659748980105553710e+04
1.667500000000000000e+04 1.664748980105552982e+04
1.672500000000000000e+04 1.669748980105553346e+04
1.677500000000000000e+04 1.674748980105552982e+04
1.682500000000000000e+04 1.679748980105553710e+04
1.687500000000000000e+04 1.684748980105554438e+04
1.692500000000000000e+04 1.689748980105554438e+04
1.697500000000000000e+04 1.694748980105553710e+04
1.702500000000000000e+04 1.699748980105553710e+04
1.707500000000000000e+04 1.704748980105553710e+04
1.712500000000000000e+04 1.709748980105553710e+04
1.717500000000000000e+04 1.714748980105553710e+04
1.722500000000000000e+04 1.719748980105553710e+04
1.727500000000000000e+04 1.724748980105553710e+04
1.732500000000000000e+04 1.729748980105553710e+04
1.737500000000000000e+04 1.734748980105553710e+04
1.742500000000000000e+04 1.739748980105553710e+04
1.747500000000000000e+04 1.744748980105553710e+04
1.752500000000000000e+04 1.749748980105553710e+04
1.757500000000000000e+04 1.754748980105553710e+04
1.762500000000000000e+04 1.759748980105552982e+04
1.767500000000000000e+04 1.764748980105553710e+04
1.772500000000000000e+04 1.769748980105552982e+04
1.777500000000000000e+04 1.774748980105552982e+04
1.782500000000000000e+04 1.779748980105552255e+04
1.787500000000000000e+04 1.784748980105552982e+04
1.792500000000000000e+04 1.789748980105552982e+04
1.797500000000000000e+04 1.794748980105552982e+04
1.802500000000000000e+04 1.799748980105552982e+04
1.807500000000000000e+04 1.804748980105552982e+04
1.812500000000000000e+04 1.809748980105552982e+04
1.817500000000000000e+04 1.814748980105552982e+04
1.822500000000000000e+04 1.819748980105552982e+04
1.827500000000000000e+04 1.824748980105552982e+04
1.832500000000000000e+04 1.829748980105552982e+04
1.837500000000000000e+04 1.834748980105552982e+04
1.842500000000000000e+04 1.839748980105552982e+04
1.847500000000000000e+04 1.844748980105552982e+04
1.852500000000000000e+04 1.849748980105552982e+04
1.857500000000000000e+04 1.854748980105552982e+04
1.862500000000000000e+04 1.859748980105552982e+04
1.867500000000000000e+04 1.864748980105552982e+04
1.872500000000000000e+04 1.869748980105552982e+04
1.877500000000000000e+04 1.874748980105552982e+04
1.882500000000000000e+04 1.879748980105552982e+04
1.887500000000000000e+04 1.884748980105552982e+04
1.892500000000000000e+04 1.889748980105552982e+04
1.897500000000000000e+04 1.894748980105552982e+04
1.902500000000000000e+04 1.899748980105552982e+04
1.907500000000000000e+04 1.904748980105552982e+04
1.912500000000000000e+04 1.909748980105552982e+04
1.917500000000000000e+04 1.914748980105552982e+04
1.922500000000000000e+04 1.919748980105552982e+04
1.927500000000000000e+04 1.924748980105552982e+04
1.932500000000000000e+04 1.929748980105552982e+04
1.937500000000000000e+04 1.934748980105552982e+04
1.942500000000000000e+04 1.939748980105552982e+04
1.947500000000000000e+04 1.944748980105552982e+04
1.952500000000000000e+04 1.949748980105552982e+04
1.957500000000000000e+04 1.954748980105552982e+04
1.962500000000000000e+04 1.959748980105552982e+04
1.967500000000000000e+04 1.964748980105552982e+04
1.972500000000000000e+04 1.969748980105552982e+04
1.977500000000000000e+04 1.974748980105552982e+04
1.982500000000000000e+04 1.979748980105552982e+04
1.987500000000000000e+04 1.984748980105552982e+04
1.992500000000000000e+04 1.989748980105552982e+04
