8.250000000000000000e+02 8.203267090973922677e+02
8.750000000000000000e+02 8.703267090973920403e+02
9.250000000000000000e+02 9.203267090973920403e+02
9.750000000000000000e+02 9.703267090973918130e+02
1.025000000000000000e+03 1.020326709097391813e+03
1.075000000000000000e+03 1.070326709097391358e+03
1.125000000000000000e+03 1.120326709097391813e+03
1.175000000000000000e+03 1.170326709097391813e+03
1.225000000000000000e+03 1.220326709097391358e+03
1.275000000000000000e+03 1.270326709097391813e+03
1.325000000000000000e+03 1.320326709097391813e+03
1.375000000000000000e+03 1.370326709097391813e+03
1.425000000000000000e+03 1.420326709097391813e+03
1.475000000000000000e+03 1.470326709097390903e+03
1.525000000000000000e+03 1.520326709097390903e+03
1.575000000000000000e+03 1.570326709097390903e+03
1.625000000000000000e+03 1.620326709097390903e+03
1.675000000000000000e+03 1.670326709097390903e+03
1.725000000000000000e+03 1.720326709097390903e+03
1.775000000000000000e+03 1.770326709097390903e+03
1.825000000000000000e+03 1.820326709097390903e+03
1.875000000000000000e+03 1.870326709097390903e+03
1.925000000000000000e+03 1.920326709097390903e+03
1.975000000000000000e+03 1.970326709097390903e+03
2.025000000000000000e+03 2.020326709097390903e+03
2.075000000000000000e+03 2.070326709097390903e+03
2.125000000000000000e+03 2.120326709097390903e+03
2.175000000000000000e+03 2.170326709097391813e+03
2.225000000000000000e+03 2.220326709097391813e+03
2.275000000000000000e+03 2.270326709097393632e+03
2.325000000000000000e+03 2.320326709097393632e+03
2.375000000000000000e+03 2.370326709097393632e+03
2.425000000000000000e+03 2.420326709097393632e+03
2.475000000000000000e+03 2.470326709097392722e+03
2.525000000000000000e+03 2.520326709097393632e+03
2.575000000000000000e+03 2.570326709097393632e+03
2.625000000000000000e+03 2.620326709097393632e+03
2.675000000000000000e+03 2.670326709097392722e+03
2.725000000000000000e+03 2.720326709097393632e+03
2.775000000000000000e+03 2.770326709097394541e+03
2.825000000000000000e+03 2.820326709097393632e+03
2.875000000000000000e+03 2.870326709097393632e+03
2.925000000000000000e+03 2.920326709097393632e+03
2.975000000000000000e+03 2.970326709097393632e+03
3.025000000000000000e+03 3.020326709097393632e+03
3.075000000000000000e+03 3.070326709097393632e+03
3.125000000000000000e+03 3.120326709097393632e+03
3.175000000000000000e+03 3.170326709097393632e+03
3.225000000000000000e+03 3.220326709097393632e+03
3.275000000000000000e+03 3.270326709097393632e+03
3.325000000000000000e+03 3.320326709097393632e+03
3.375000000000000000e+03 3.370326709097393632e+03
3.425000000000000000e+03 3.420326709097393632e+03
3.475000000000000000e+03 3.470326709097393632e+03
3.525000000000000000e+03 3.520326709097393632e+03
3.575000000000000000e+03 3.570326709097393632e+03
3.625000000000000000e+03 3.620326709097393632e+03
3.675000000000000000e+03 3.670326709097393632e+03
3.725000000000000000e+03 3.720326709097393632e+03
3.775000000000000000e+03 3.770326709097393632e+03
3.825000000000000000e+03 3.820326709097393632e+03
3.875000000000000000e+03 3.870326709097393632e+03
3.925000000000000000e+03 3.920326709097393632e+03
3.975000000000000000e+03 3.970326709097393632e+03
4.025000000000000000e+03 4.020326709097393632e+03
4.075000000000000000e+03 4.070326709097393632e+03
4.125000000000000000e+03 4.120326709097394087e+03
4.175000000000000000e+03 4.170326709097394996e+03
4.225000000000000000e+03 4.220326709097396815e+03
4.275000000000000000e+03 4.270326709097394996e+03
4.325000000000000000e+03 4.320326709097393177e+03
4.375000000000000000e+03 4.370326709097393177e+03
4.425000000000000000e+03 4.420326709097394996e+03
4.475000000000000000e+03 4.470326709097396815e+03
4.525000000000000000e+03 4.520326709097396815e+03
4.575000000000000000e+03 4.570326709097394996e+03
4.625000000000000000e+03 4.620326709097394996e+03
4.675000000000000000e+03 4.670326709097396815e+03
4.725000000000000000e+03 4.720326709097394996e+03
4.775000000000000000e+03 4.770326709097396815e+03
4.825000000000000000e+03 4.820326709097394996e+03
4.875000000000000000e+03 4.870326709097393177e+03
4.925000000000000000e+03 4.920326709097396815e+03
4.975000000000000000e+03 4.970326709097396815e+03
5.025000000000000000e+03 5.020326709097396815e+03
5.075000000000000000e+03 5.070326709097396815e+03
5.125000000000000000e+03 5.120326709097396815e+03
5.175000000000000000e+03 5.170326709097396815e+03
5.225000000000000000e+03 5.220326709097396815e+03
5.275000000000000000e+03 5.270326709097396815e+03
5.325000000000000000e+03 5.320326709097396815e+03
5.375000000000000000e+03 5.370326709097396815e+03
5.425000000000000000e+03 5.420326709097396815e+03
5.475000000000000000e+03 5.470326709097396815e+03
5.525000000000000000e+03 5.520326709097396815e+03
5.575000000000000000e+03 5.570326709097396815e+03
5.625000000000000000e+03 5.620326709097396815e+03
5.675000000000000000e+03 5.670326709097396815e+03
5.725000000000000000e+03 5.720326709097396815e+03
5.775000000000000000e+03 5.770326709097396815e+03
5.825000000000000000e+03 5.820326709097396815e+03
5.875000000000000000e+03 5.870326709097396815e+03
5.925000000000000000e+03 5.920326709097396815e+03
5.975000000000000000e+03 5.970326709097396815e+03
6.025000000000000000e+03 6.020326709097396815e+03
6.075000000000000000e+03 6.070326709097396815e+03
6.125000000000000000e+03 6.120326709097396815e+03
6.175000000000000000e+03 6.170326709097396815e+03
6.225000000000000000e+03 6.220326709097396815e+03
6.275000000000000000e+03 6.270326709097396815e+03
6.325000000000000000e+03 6.320326709097396815e+03
6.375000000000000000e+03 6.370326709097396815e+03
6.425000000000000000e+03 6.420326709097396815e+03
6.475000000000000000e+03 6.470326709097396815e+03
6.525000000000000000e+03 6.520326709097396815e+03
6.575000000000000000e+03 6.570326709097396815e+03
6.625000000000000000e+03 6.620326709097396815e+03
6.675000000000000000e+03 6.670326709097396815e+03
6.725000000000000000e+03 6.720326709097396815e+03
6.775000000000000000e+03 6.770326709097396815e+03
6.825000000000000000e+03 6.820326709097396815e+03
6.875000000000000000e+03 6.870326709097396815e+03
6.925000000000000000e+03 6.920326709097396815e+03
6.975000000000000000e+03 6.970326709097396815e+03
7.025000000000000000e+03 7.020326709097396815e+03
7.075000000000000000e+03 7.070326709097396815e+03
7.125000000000000000e+03 7.120326709097396815e+03
7.175000000000000000e+03 7.170326709097396815e+03
7.225000000000000000e+03 7.220326709097396815e+03
7.275000000000000000e+03 7.270326709097396815e+03
7.325000000000000000e+03 7.320326709097396815e+03
7.375000000000000000e+03 7.370326709097396815e+03
7.425000000000000000e+03 7.420326709097396815e+03
7.475000000000000000e+03 7.470326709097396815e+03
7.525000000000000000e+03 7.520326709097396815e+03
7.575000000000000000e+03 7.570326709097396815e+03
7.625000000000000000e+03 7.620326709097396815e+03
7.675000000000000000e+03 7.670326709097396815e+03
7.725000000000000000e+03 7.720326709097396815e+03
7.775000000000000000e+03 7.770326709097396815e+03
7.825000000000000000e+03 7.820326709097396815e+03
7.875000000000000000e+03 7.870326709097396815e+03
7.925000000000000000e+03 7.920326709097396815e+03
7.975000000000000000e+03 7.970326709097396815e+03
8.025000000000000000e+03 8.020326709097396815e+03
8.075000000000000000e+03 8.070326709097396815e+03
8.125000000000000000e+03 8.120326709097396815e+03
8.175000000000000000e+03 8.170326709097396815e+03
8.225000000000000000e+03 8.220326709097398634e+03
8.275000000000000000e+03 8.270326709097394996e+03
8.325000000000000000e+03 8.320326709097394996e+03
8.375000000000000000e+03 8.370326709097398634e+03
8.425000000000000000e+03 8.420326709097398634e+03
8.475000000000000000e+03 8.470326709097398634e+03
8.525000000000000000e+03 8.520326709097398634e+03
8.575000000000000000e+03 8.570326709097398634e+03
8.625000000000000000e+03 8.620326709097402272e+03
8.675000000000000000e+03 8.670326709097405910e+03
8.725000000000000000e+03 8.720326709097398634e+03
8.775000000000000000e+03 8.770326709097398634e+03
8.825000000000000000e+03 8.820326709097398634e+03
8.875000000000000000e+03 8.870326709097398634e+03
8.925000000000000000e+03 8.920326709097398634e+03
8.975000000000000000e+03 8.970326709097398634e+03
9.025000000000000000e+03 9.020326709097394996e+03
9.075000000000000000e+03 9.070326709097394996e+03
9.125000000000000000e+03 9.120326709097394996e+03
9.175000000000000000e+03 9.170326709097394996e+03
9.225000000000000000e+03 9.220326709097394996e+03
9.275000000000000000e+03 9.270326709097394996e+03
9.325000000000000000e+03 9.320326709097394996e+03
9.375000000000000000e+03 9.370326709097394996e+03
9.425000000000000000e+03 9.420326709097394996e+03
9.475000000000000000e+03 9.470326709097394996e+03
9.525000000000000000e+03 9.520326709097394996e+03
9.575000000000000000e+03 9.570326709097394996e+03
9.625000000000000000e+03 9.620326709097394996e+03
9.675000000000000000e+03 9.670326709097394996e+03
9.725000000000000000e+03 9.720326709097394996e+03
9.775000000000000000e+03 9.770326709097394996e+03
9.825000000000000000e+03 9.820326709097394996e+03
9.875000000000000000e+03 9.870326709097394996e+03
9.925000000000000000e+03 9.920326709097394996e+03
9.975000000000000000e+03 9.970326709097394996e+03
1.002500000000000000e+04 1.002032670909739500e+04
1.007500000000000000e+04 1.007032670909739500e+04
1.012500000000000000e+04 1.012032670909739500e+04
1.017500000000000000e+04 1.017032670909739500e+04
1.022500000000000000e+04 1.022032670909739500e+04
1.027500000000000000e+04 1.027032670909739500e+04
1.032500000000000000e+04 1.032032670909739500e+04
1.037500000000000000e+04 1.037032670909739500e+04
1.042500000000000000e+04 1.042032670909739500e+04
1.047500000000000000e+04 1.047032670909739500e+04
1.052500000000000000e+04 1.052032670909739500e+04
1.057500000000000000e+04 1.057032670909739500e+04
1.062500000000000000e+04 1.062032670909739500e+04
1.067500000000000000e+04 1.067032670909739500e+04
1.072500000000000000e+04 1.072032670909739500e+04
1.077500000000000000e+04 1.077032670909739500e+04
1.082500000000000000e+04 1.082032670909739500e+04
1.087500000000000000e+04 1.087032670909739500e+04
1.092500000000000000e+04 1.092032670909739500e+04
1.097500000000000000e+04 1.097032670909739500e+04
1.102500000000000000e+04 1.102032670909739500e+04
1.107500000000000000e+04 1.107032670909739500e+04
1.112500000000000000e+04 1.112032670909739500e+04
1.117500000000000000e+04 1.117032670909739500e+04
1.122500000000000000e+04 1.122032670909739500e+04
1.127500000000000000e+04 1.127032670909739500e+04
1.132500000000000000e+04 1.132032670909739500e+04
1.137500000000000000e+04 1.137032670909739500e+04
1.142500000000000000e+04 1.142032670909739500e+04
1.147500000000000000e+04 1.147032670909739500e+04
1.152500000000000000e+04 1.152032670909739500e+04
1.157500000000000000e+04 1.157032670909739500e+04
1.162500000000000000e+04 1.162032670909739500e+04
1.167500000000000000e+04 1.167032670909739500e+04
1.172500000000000000e+04 1.172032670909739500e+04
1.177500000000000000e+04 1.177032670909739500e+04
1.182500000000000000e+04 1.182032670909739500e+04
1.187500000000000000e+04 1.187032670909739500e+04
1.192500000000000000e+04 1.192032670909739500e+04
1.197500000000000000e+04 1.197032670909739500e+04
1.202500000000000000e+04 1.202032670909739500e+04
1.207500000000000000e+04 1.207032670909739500e+04
1.212500000000000000e+04 1.212032670909739500e+04
1.217500000000000000e+04 1.217032670909739500e+04
1.222500000000000000e+04 1.222032670909739500e+04
1.227500000000000000e+04 1.227032670909739500e+04
1.232500000000000000e+04 1.232032670909739500e+04
1.237500000000000000e+04 1.237032670909739500e+04
1.242500000000000000e+04 1.242032670909739500e+04
1.247500000000000000e+04 1.247032670909739500e+04
1.252500000000000000e+04 1.252032670909739500e+04
1.257500000000000000e+04 1.257032670909739500e+04
1.262500000000000000e+04 1.262032670909739500e+04
1.267500000000000000e+04 1.267032670909739500e+04
1.272500000000000000e+04 1.272032670909739500e+04
1.277500000000000000e+04 1.277032670909739500e+04
1.282500000000000000e+04 1.282032670909739500e+04
1.287500000000000000e+04 1.287032670909739500e+04
1.292500000000000000e+04 1.292032670909739500e+04
1.297500000000000000e+04 1.297032670909739500e+04
1.302500000000000000e+04 1.302032670909739500e+04
1.307500000000000000e+04 1.307032670909739500e+04
1.312500000000000000e+04 1.312032670909739500e+04
1.317500000000000000e+04 1.317032670909739500e+04
1.322500000000000000e+04 1.322032670909739500e+04
1.327500000000000000e+04 1.327032670909739500e+04
1.332500000000000000e+04 1.332032670909739500e+04
1.337500000000000000e+04 1.337032670909739500e+04
1.342500000000000000e+04 1.342032670909739500e+04
1.347500000000000000e+04 1.347032670909739500e+04
1.352500000000000000e+04 1.352032670909739500e+04
1.357500000000000000e+04 1.357032670909739500e+04
1.362500000000000000e+04 1.362032670909739500e+04
1.367500000000000000e+04 1.367032670909739500e+04
1.372500000000000000e+04 1.372032670909739500e+04
1.377500000000000000e+04 1.377032670909739500e+04
1.382500000000000000e+04 1.382032670909739500e+04
1.387500000000000000e+04 1.387032670909739500e+04
1.392500000000000000e+04 1.392032670909739500e+04
1.397500000000000000e+04 1.397032670909739500e+04
1.402500000000000000e+04 1.402032670909739500e+04
1.407500000000000000e+04 1.407032670909739500e+04
1.412500000000000000e+04 1.412032670909739500e+04
1.417500000000000000e+04 1.417032670909739500e+04
1.422500000000000000e+04 1.422032670909739500e+04
1.427500000000000000e+04 1.427032670909739500e+04
1.432500000000000000e+04 1.432032670909739500e+04
1.437500000000000000e+04 1.437032670909739500e+04
1.442500000000000000e+04 1.442032670909739500e+04
1.447500000000000000e+04 1.447032670909739500e+04
1.452500000000000000e+04 1.452032670909739500e+04
1.457500000000000000e+04 1.457032670909739500e+04
1.462500000000000000e+04 1.462032670909739500e+04
1.467500000000000000e+04 1.467032670909739500e+04
1.472500000000000000e+04 1.472032670909739500e+04
1.477500000000000000e+04 1.477032670909739500e+04
1.482500000000000000e+04 1.482032670909739500e+04
1.487500000000000000e+04 1.487032670909739500e+04
1.492500000000000000e+04 1.492032670909739500e+04
1.497500000000000000e+04 1.497032670909739500e+04
1.502500000000000000e+04 1.502032670909739500e+04
1.507500000000000000e+04 1.507032670909739500e+04
1.512500000000000000e+04 1.512032670909739500e+04
1.517500000000000000e+04 1.517032670909739500e+04
1.522500000000000000e+04 1.522032670909739500e+04
1.527500000000000000e+04 1.527032670909739500e+04
1.532500000000000000e+04 1.532032670909739500e+04
1.537500000000000000e+04 1.537032670909739500e+04
1.542500000000000000e+04 1.542032670909739500e+04
1.547500000000000000e+04 1.547032670909739500e+04
1.552500000000000000e+04 1.552032670909739500e+04
1.557500000000000000e+04 1.557032670909739500e+04
1.562500000000000000e+04 1.562032670909739500e+04
1.567500000000000000e+04 1.567032670909739500e+04
1.572500000000000000e+04 1.572032670909739500e+04
1.577500000000000000e+04 1.577032670909739500e+04
1.582500000000000000e+04 1.582032670909739500e+04
1.587500000000000000e+04 1.587032670909739500e+04
1.592500000000000000e+04 1.592032670909739500e+04
1.597500000000000000e+04 1.597032670909739500e+04
1.602500000000000000e+04 1.602032670909739500e+04
1.607500000000000000e+04 1.607032670909739500e+04
1.612500000000000000e+04 1.612032670909739500e+04
1.617500000000000000e+04 1.617032670909739500e+04
1.622500000000000000e+04 1.622032670909739500e+04
1.627500000000000000e+04 1.627032670909739500e+04
1.632500000000000000e+04 1.632032670909739500e+04
1.637500000000000000e+04 1.637032670909739500e+04
1.642500000000000000e+04 1.642032670909739682e+04
1.647500000000000000e+04 1.647032670909738954e+04
1.652500000000000000e+04 1.652032670909737863e+04
1.657500000000000000e+04 1.657032670909737863e+04
1.662500000000000000e+04 1.662032670909737863e+04
1.667500000000000000e+04 1.667032670909738590e+04
1.672500000000000000e+04 1.672032670909738590e+04
1.677500000000000000e+04 1.677032670909738226e+04
1.682500000000000000e+04 1.682032670909738226e+04
1.687500000000000000e+04 1.687032670909737499e+04
1.692500000000000000e+04 1.692032670909737499e+04
1.697500000000000000e+04 1.697032670909737499e+04
1.702500000000000000e+04 1.702032670909738226e+04
1.707500000000000000e+04 1.707032670909738226e+04
1.712500000000000000e+04 1.712032670909738226e+04
1.717500000000000000e+04 1.717032670909738954e+04
1.722500000000000000e+04 1.722032670909738954e+04
1.727500000000000000e+04 1.727032670909738954e+04
1.732500000000000000e+04 1.732032670909738954e+04
1.737500000000000000e+04 1.737032670909738954e+04
1.742500000000000000e+04 1.742032670909738954e+04
1.747500000000000000e+04 1.747032670909738954e+04
1.752500000000000000e+04 1.752032670909738954e+04
1.757500000000000000e+04 1.757032670909738954e+04
1.762500000000000000e+04 1.762032670909738954e+04
1.767500000000000000e+04 1.767032670909738954e+04
1.772500000000000000e+04 1.772032670909738954e+04
1.777500000000000000e+04 1.777032670909738954e+04
1.782500000000000000e+04 1.782032670909738954e+04
1.787500000000000000e+04 1.787032670909738954e+04
1.792500000000000000e+04 1.792032670909738954e+04
1.797500000000000000e+04 1.797032670909738954e+04
1.802500000000000000e+04 1.802032670909738954e+04
1.807500000000000000e+04 1.807032670909738954e+04
1.812500000000000000e+04 1.812032670909738954e+04
1.817500000000000000e+04 1.817032670909738954e+04
1.822500000000000000e+04 1.822032670909738954e+04
1.827500000000000000e+04 1.827032670909738954e+04
1.832500000000000000e+04 1.832032670909738954e+04
1.837500000000000000e+04 1.837032670909738954e+04
1.842500000000000000e+04 1.842032670909738954e+04
1.847500000000000000e+04 1.847032670909738954e+04
1.852500000000000000e+04 1.852032670909738954e+04
1.857500000000000000e+04 1.857032670909738954e+04
1.862500000000000000e+04 1.862032670909738954e+04
1.867500000000000000e+04 1.867032670909738954e+04
1.872500000000000000e+04 1.872032670909738954e+04
1.877500000000000000e+04 1.877032670909738954e+04
1.882500000000000000e+04 1.882032670909738954e+04
1.887500000000000000e+04 1.887032670909738954e+04
1.892500000000000000e+04 1.892032670909738954e+04
1.897500000000000000e+04 1.897032670909738954e+04
1.902500000000000000e+04 1.902032670909738954e+04
1.907500000000000000e+04 1.907032670909738954e+04
1.912500000000000000e+04 1.912032670909738954e+04
1.917500000000000000e+04 1.917032670909738954e+04
1.922500000000000000e+04 1.922032670909738954e+04
1.927500000000000000e+04 1.927032670909738954e+04
1.932500000000000000e+04 1.932032670909738954e+04
1.937500000000000000e+04 1.937032670909738954e+04
1.942500000000000000e+04 1.942032670909738954e+04
1.947500000000000000e+04 1.947032670909738954e+04
1.952500000000000000e+04 1.952032670909738954e+04
1.957500000000000000e+04 1.957032670909738954e+04
1.962500000000000000e+04 1.962032670909738954e+04
1.967500000000000000e+04 1.967032670909738954e+04
1.972500000000000000e+04 1.972032670909738954e+04
1.977500000000000000e+04 1.977032670909738954e+04
1.982500000000000000e+04 1.982032670909738954e+04
1.987500000000000000e+04 1.987032670909738954e+04
1.992500000000000000e+04 1.992032670909738954e+04
