8.250000000000000000e+02 8.112449005277576362e+02
8.750000000000000000e+02 8.612449005277576362e+02
9.250000000000000000e+02 9.112449005277578635e+02
9.750000000000000000e+02 9.612449005277578635e+02
1.025000000000000000e+03 1.011244900527758318e+03
1.075000000000000000e+03 1.061244900527758773e+03
1.125000000000000000e+03 1.111244900527757864e+03
1.175000000000000000e+03 1.161244900527756954e+03
1.225000000000000000e+03 1.211244900527756499e+03
1.275000000000000000e+03 1.261244900527756954e+03
1.325000000000000000e+03 1.311244900527756499e+03
1.375000000000000000e+03 1.361244900527756045e+03
1.425000000000000000e+03 1.411244900527756045e+03
1.475000000000000000e+03 1.461244900527756499e+03
1.525000000000000000e+03 1.511244900527756045e+03
1.575000000000000000e+03 1.561244900527755590e+03
1.625000000000000000e+03 1.611244900527755135e+03
1.675000000000000000e+03 1.661244900527754680e+03
1.725000000000000000e+03 1.711244900527754680e+03
1.775000000000000000e+03 1.761244900527755135e+03
1.825000000000000000e+03 1.811244900527755135e+03
1.875000000000000000e+03 1.861244900527755135e+03
1.925000000000000000e+03 1.911244900527755135e+03
1.975000000000000000e+03 1.961244900527755135e+03
2.025000000000000000e+03 2.011244900527755135e+03
2.075000000000000000e+03 2.061244900527755362e+03
2.125000000000000000e+03 2.111244900527756272e+03
2.175000000000000000e+03 2.161244900527758091e+03
2.225000000000000000e+03 2.211244900527758091e+03
2.275000000000000000e+03 2.261244900527759000e+03
2.325000000000000000e+03 2.311244900527759000e+03
2.375000000000000000e+03 2.361244900527757181e+03
2.425000000000000000e+03 2.411244900527757181e+03
2.475000000000000000e+03 2.461244900527755362e+03
2.525000000000000000e+03 2.511244900527755362e+03
2.575000000000000000e+03 2.561244900527755362e+03
2.625000000000000000e+03 2.611244900527755362e+03
2.675000000000000000e+03 2.661244900527754453e+03
2.725000000000000000e+03 2.711244900527755362e+03
2.775000000000000000e+03 2.761244900527755362e+03
2.825000000000000000e+03 2.811244900527756272e+03
2.875000000000000000e+03 2.861244900527759000e+03
2.925000000000000000e+03 2.911244900527759000e+03
2.975000000000000000e+03 2.961244900527759000e+03
3.025000000000000000e+03 3.011244900527759000e+03
3.075000000000000000e+03 3.061244900527759000e+03
3.125000000000000000e+03 3.111244900527759000e+03
3.175000000000000000e+03 3.161244900527759000e+03
3.225000000000000000e+03 3.211244900527759000e+03
3.275000000000000000e+03 3.261244900527759000e+03
3.325000000000000000e+03 3.311244900527759000e+03
3.375000000000000000e+03 3.361244900527759000e+03
3.425000000000000000e+03 3.411244900527759000e+03
3.475000000000000000e+03 3.461244900527759000e+03
3.525000000000000000e+03 3.511244900527759000e+03
3.575000000000000000e+03 3.561244900527759000e+03
3.625000000000000000e+03 3.611244900527759000e+03
3.675000000000000000e+03 3.661244900527759000e+03
3.725000000000000000e+03 3.711244900527759000e+03
3.775000000000000000e+03 3.761244900527759000e+03
3.825000000000000000e+03 3.811244900527759000e+03
3.875000000000000000e+03 3.861244900527759000e+03
3.925000000000000000e+03 3.911244900527759000e+03
3.975000000000000000e+03 3.961244900527759000e+03
4.025000000000000000e+03 4.011244900527759000e+03
4.075000000000000000e+03 4.061244900527759000e+03
4.125000000000000000e+03 4.111244900527758546e+03
4.175000000000000000e+03 4.161244900527758546e+03
4.225000000000000000e+03 4.211244900527758546e+03
4.275000000000000000e+03 4.261244900527758546e+03
4.325000000000000000e+03 4.311244900527758546e+03
4.375000000000000000e+03 4.361244900527756727e+03
4.425000000000000000e+03 4.411244900527762184e+03
4.475000000000000000e+03 4.461244900527764003e+03
4.525000000000000000e+03 4.511244900527765822e+03
4.575000000000000000e+03 4.561244900527767641e+03
4.625000000000000000e+03 4.611244900527765822e+03
4.675000000000000000e+03 4.661244900527765822e+03
4.725000000000000000e+03 4.711244900527767641e+03
4.775000000000000000e+03 4.761244900527767641e+03
4.825000000000000000e+03 4.811244900527767641e+03
4.875000000000000000e+03 4.861244900527765822e+03
4.925000000000000000e+03 4.911244900527762184e+03
4.975000000000000000e+03 4.961244900527762184e+03
5.025000000000000000e+03 5.011244900527762184e+03
5.075000000000000000e+03 5.061244900527762184e+03
5.125000000000000000e+03 5.111244900527762184e+03
5.175000000000000000e+03 5.161244900527762184e+03
5.225000000000000000e+03 5.211244900527762184e+03
5.275000000000000000e+03 5.261244900527762184e+03
5.325000000000000000e+03 5.311244900527762184e+03
5.375000000000000000e+03 5.361244900527762184e+03
5.425000000000000000e+03 5.411244900527762184e+03
5.475000000000000000e+03 5.461244900527762184e+03
5.525000000000000000e+03 5.511244900527762184e+03
5.575000000000000000e+03 5.561244900527762184e+03
5.625000000000000000e+03 5.611244900527762184e+03
5.675000000000000000e+03 5.661244900527762184e+03
5.725000000000000000e+03 5.711244900527762184e+03
5.775000000000000000e+03 5.761244900527762184e+03
5.825000000000000000e+03 5.811244900527762184e+03
5.875000000000000000e+03 5.861244900527762184e+03
5.925000000000000000e+03 5.911244900527762184e+03
5.975000000000000000e+03 5.961244900527762184e+03
6.025000000000000000e+03 6.011244900527762184e+03
6.075000000000000000e+03 6.061244900527762184e+03
6.125000000000000000e+03 6.111244900527762184e+03
6.175000000000000000e+03 6.161244900527762184e+03
6.225000000000000000e+03 6.211244900527762184e+03
6.275000000000000000e+03 6.261244900527762184e+03
6.325000000000000000e+03 6.311244900527762184e+03
6.375000000000000000e+03 6.361244900527762184e+03
6.425000000000000000e+03 6.411244900527762184e+03
6.475000000000000000e+03 6.461244900527762184e+03
6.525000000000000000e+03 6.511244900527762184e+03
6.575000000000000000e+03 6.561244900527762184e+03
6.625000000000000000e+03 6.611244900527762184e+03
6.675000000000000000e+03 6.661244900527762184e+03
6.725000000000000000e+03 6.711244900527762184e+03
6.775000000000000000e+03 6.761244900527762184e+03
6.825000000000000000e+03 6.811244900527762184e+03
6.875000000000000000e+03 6.861244900527762184e+03
6.925000000000000000e+03 6.911244900527762184e+03
6.975000000000000000e+03 6.961244900527762184e+03
7.025000000000000000e+03 7.011244900527762184e+03
7.075000000000000000e+03 7.061244900527762184e+03
7.125000000000000000e+03 7.111244900527762184e+03
7.175000000000000000e+03 7.161244900527762184e+03
7.225000000000000000e+03 7.211244900527762184e+03
7.275000000000000000e+03 7.261244900527762184e+03
7.325000000000000000e+03 7.311244900527762184e+03
7.375000000000000000e+03 7.361244900527762184e+03
7.425000000000000000e+03 7.411244900527762184e+03
7.475000000000000000e+03 7.461244900527762184e+03
7.525000000000000000e+03 7.511244900527762184e+03
7.575000000000000000e+03 7.561244900527762184e+03
7.625000000000000000e+03 7.611244900527762184e+03
7.675000000000000000e+03 7.661244900527762184e+03
7.725000000000000000e+03 7.711244900527762184e+03
7.775000000000000000e+03 7.761244900527762184e+03
7.825000000000000000e+03 7.811244900527762184e+03
7.875000000000000000e+03 7.861244900527762184e+03
7.925000000000000000e+03 7.911244900527762184e+03
7.975000000000000000e+03 7.961244900527762184e+03
8.025000000000000000e+03 8.011244900527762184e+03
8.075000000000000000e+03 8.061244900527762184e+03
8.125000000000000000e+03 8.111244900527762184e+03
8.175000000000000000e+03 8.161244900527762184e+03
8.225000000000000000e+03 8.211244900527763093e+03
8.275000000000000000e+03 8.261244900527764912e+03
8.325000000000000000e+03 8.311244900527764912e+03
8.375000000000000000e+03 8.361244900527764912e+03
8.425000000000000000e+03 8.411244900527768550e+03
8.475000000000000000e+03 8.461244900527772188e+03
8.525000000000000000e+03 8.511244900527768550e+03
8.575000000000000000e+03 8.561244900527768550e+03
8.625000000000000000e+03 8.611244900527768550e+03
8.675000000000000000e+03 8.661244900527768550e+03
8.725000000000000000e+03 8.711244900527768550e+03
8.775000000000000000e+03 8.761244900527768550e+03
8.825000000000000000e+03 8.811244900527764912e+03
8.875000000000000000e+03 8.861244900527764912e+03
8.925000000000000000e+03 8.911244900527761274e+03
8.975000000000000000e+03 8.961244900527761274e+03
9.025000000000000000e+03 9.011244900527764912e+03
9.075000000000000000e+03 9.061244900527764912e+03
9.125000000000000000e+03 9.111244900527764912e+03
9.175000000000000000e+03 9.161244900527764912e+03
9.225000000000000000e+03 9.211244900527764912e+03
9.275000000000000000e+03 9.261244900527764912e+03
9.325000000000000000e+03 9.311244900527764912e+03
9.375000000000000000e+03 9.361244900527764912e+03
9.425000000000000000e+03 9.411244900527764912e+03
9.475000000000000000e+03 9.461244900527764912e+03
9.525000000000000000e+03 9.511244900527764912e+03
9.575000000000000000e+03 9.561244900527764912e+03
9.625000000000000000e+03 9.611244900527764912e+03
9.675000000000000000e+03 9.661244900527764912e+03
9.725000000000000000e+03 9.711244900527764912e+03
9.775000000000000000e+03 9.761244900527764912e+03
9.825000000000000000e+03 9.811244900527764912e+03
9.875000000000000000e+03 9.861244900527764912e+03
9.925000000000000000e+03 9.911244900527764912e+03
9.975000000000000000e+03 9.961244900527764912e+03
1.002500000000000000e+04 1.001124490052776491e+04
1.007500000000000000e+04 1.006124490052776491e+04
1.012500000000000000e+04 1.011124490052776491e+04
1.017500000000000000e+04 1.016124490052776491e+04
1.022500000000000000e+04 1.021124490052776491e+04
1.027500000000000000e+04 1.026124490052776491e+04
1.032500000000000000e+04 1.031124490052776491e+04
1.037500000000000000e+04 1.036124490052776491e+04
1.042500000000000000e+04 1.041124490052776491e+04
1.047500000000000000e+04 1.046124490052776491e+04
1.052500000000000000e+04 1.051124490052776491e+04
1.057500000000000000e+04 1.056124490052776491e+04
1.062500000000000000e+04 1.061124490052776491e+04
1.067500000000000000e+04 1.066124490052776491e+04
1.072500000000000000e+04 1.071124490052776491e+04
1.077500000000000000e+04 1.076124490052776491e+04
1.082500000000000000e+04 1.081124490052776491e+04
1.087500000000000000e+04 1.086124490052776491e+04
1.092500000000000000e+04 1.091124490052776491e+04
1.097500000000000000e+04 1.096124490052776491e+04
1.102500000000000000e+04 1.101124490052776491e+04
1.107500000000000000e+04 1.106124490052776491e+04
1.112500000000000000e+04 1.111124490052776491e+04
1.117500000000000000e+04 1.116124490052776491e+04
1.122500000000000000e+04 1.121124490052776491e+04
1.127500000000000000e+04 1.126124490052776491e+04
1.132500000000000000e+04 1.131124490052776491e+04
1.137500000000000000e+04 1.136124490052776491e+04
1.142500000000000000e+04 1.141124490052776491e+04
1.147500000000000000e+04 1.146124490052776491e+04
1.152500000000000000e+04 1.151124490052776491e+04
1.157500000000000000e+04 1.156124490052776491e+04
1.162500000000000000e+04 1.161124490052776491e+04
1.167500000000000000e+04 1.166124490052776491e+04
1.172500000000000000e+04 1.171124490052776491e+04
1.177500000000000000e+04 1.176124490052776491e+04
1.182500000000000000e+04 1.181124490052776491e+04
1.187500000000000000e+04 1.186124490052776491e+04
1.192500000000000000e+04 1.191124490052776491e+04
1.197500000000000000e+04 1.196124490052776491e+04
1.202500000000000000e+04 1.201124490052776491e+04
1.207500000000000000e+04 1.206124490052776491e+04
1.212500000000000000e+04 1.211124490052776491e+04
1.217500000000000000e+04 1.216124490052776491e+04
1.222500000000000000e+04 1.221124490052776491e+04
1.227500000000000000e+04 1.226124490052776491e+04
1.232500000000000000e+04 1.231124490052776491e+04
1.237500000000000000e+04 1.236124490052776491e+04
1.242500000000000000e+04 1.241124490052776491e+04
1.247500000000000000e+04 1.246124490052776491e+04
1.252500000000000000e+04 1.251124490052776491e+04
1.257500000000000000e+04 1.256124490052776491e+04
1.262500000000000000e+04 1.261124490052776491e+04
1.267500000000000000e+04 1.266124490052776491e+04
1.272500000000000000e+04 1.271124490052776491e+04
1.277500000000000000e+04 1.276124490052776491e+04
1.282500000000000000e+04 1.281124490052776491e+04
1.287500000000000000e+04 1.286124490052776491e+04
1.292500000000000000e+04 1.291124490052776491e+04
1.297500000000000000e+04 1.296124490052776491e+04
1.302500000000000000e+04 1.301124490052776491e+04
1.307500000000000000e+04 1.306124490052776491e+04
1.312500000000000000e+04 1.311124490052776491e+04
1.317500000000000000e+04 1.316124490052776491e+04
1.322500000000000000e+04 1.321124490052776491e+04
1.327500000000000000e+04 1.326124490052776491e+04
1.332500000000000000e+04 1.331124490052776491e+04
1.337500000000000000e+04 1.336124490052776491e+04
1.342500000000000000e+04 1.341124490052776491e+04
1.347500000000000000e+04 1.346124490052776491e+04
1.352500000000000000e+04 1.351124490052776491e+04
1.357500000000000000e+04 1.356124490052776491e+04
1.362500000000000000e+04 1.361124490052776491e+04
1.367500000000000000e+04 1.366124490052776491e+04
1.372500000000000000e+04 1.371124490052776491e+04
1.377500000000000000e+04 1.376124490052776491e+04
1.382500000000000000e+04 1.381124490052776491e+04
1.387500000000000000e+04 1.386124490052776491e+04
1.392500000000000000e+04 1.391124490052776491e+04
1.397500000000000000e+04 1.396124490052776491e+04
1.402500000000000000e+04 1.401124490052776491e+04
1.407500000000000000e+04 1.406124490052776491e+04
1.412500000000000000e+04 1.411124490052776491e+04
1.417500000000000000e+04 1.416124490052776491e+04
1.422500000000000000e+04 1.421124490052776491e+04
1.427500000000000000e+04 1.426124490052776491e+04
1.432500000000000000e+04 1.431124490052776491e+04
1.437500000000000000e+04 1.436124490052776491e+04
1.442500000000000000e+04 1.441124490052776491e+04
1.447500000000000000e+04 1.446124490052776491e+04
1.452500000000000000e+04 1.451124490052776491e+04
1.457500000000000000e+04 1.456124490052776491e+04
1.462500000000000000e+04 1.461124490052776491e+04
1.467500000000000000e+04 1.466124490052776491e+04
1.472500000000000000e+04 1.471124490052776491e+04
1.477500000000000000e+04 1.476124490052776491e+04
1.482500000000000000e+04 1.481124490052776491e+04
1.487500000000000000e+04 1.486124490052776491e+04
1.492500000000000000e+04 1.491124490052776491e+04
1.497500000000000000e+04 1.496124490052776491e+04
1.502500000000000000e+04 1.501124490052776491e+04
1.507500000000000000e+04 1.506124490052776491e+04
1.512500000000000000e+04 1.511124490052776491e+04
1.517500000000000000e+04 1.516124490052776491e+04
1.522500000000000000e+04 1.521124490052776491e+04
1.527500000000000000e+04 1.526124490052776491e+04
1.532500000000000000e+04 1.531124490052776491e+04
1.537500000000000000e+04 1.536124490052776491e+04
1.542500000000000000e+04 1.541124490052776491e+04
1.547500000000000000e+04 1.546124490052776491e+04
1.552500000000000000e+04 1.551124490052776491e+04
1.557500000000000000e+04 1.556124490052776491e+04
1.562500000000000000e+04 1.561124490052776491e+04
1.567500000000000000e+04 1.566124490052776491e+04
1.572500000000000000e+04 1.571124490052776491e+04
1.577500000000000000e+04 1.576124490052776491e+04
1.582500000000000000e+04 1.581124490052776491e+04
1.587500000000000000e+04 1.586124490052776491e+04
1.592500000000000000e+04 1.591124490052776491e+04
1.597500000000000000e+04 1.596124490052776491e+04
1.602500000000000000e+04 1.601124490052776491e+04
1.607500000000000000e+04 1.606124490052776491e+04
1.612500000000000000e+04 1.611124490052776491e+04
1.617500000000000000e+04 1.616124490052776491e+04
1.622500000000000000e+04 1.621124490052776491e+04
1.627500000000000000e+04 1.626124490052776491e+04
1.632500000000000000e+04 1.631124490052776491e+04
1.637500000000000000e+04 1.636124490052776491e+04
1.642500000000000000e+04 1.641124490052775946e+04
1.647500000000000000e+04 1.646124490052775582e+04
1.652500000000000000e+04 1.651124490052775218e+04
1.657500000000000000e+04 1.656124490052775582e+04
1.662500000000000000e+04 1.661124490052774854e+04
1.667500000000000000e+04 1.666124490052775218e+04
1.672500000000000000e+04 1.671124490052775582e+04
1.677500000000000000e+04 1.676124490052775582e+04
1.682500000000000000e+04 1.681124490052775582e+04
1.687500000000000000e+04 1.686124490052776309e+04
1.692500000000000000e+04 1.691124490052776309e+04
1.697500000000000000e+04 1.696124490052776673e+04
1.702500000000000000e+04 1.701124490052777037e+04
1.707500000000000000e+04 1.706124490052777037e+04
1.712500000000000000e+04 1.711124490052777037e+04
1.717500000000000000e+04 1.716124490052777037e+04
1.722500000000000000e+04 1.721124490052777037e+04
1.727500000000000000e+04 1.726124490052777037e+04
1.732500000000000000e+04 1.731124490052777037e+04
1.737500000000000000e+04 1.736124490052777037e+04
1.742500000000000000e+04 1.741124490052777037e+04
1.747500000000000000e+04 1.746124490052777037e+04
1.752500000000000000e+04 1.751124490052777037e+04
1.757500000000000000e+04 1.756124490052777037e+04
1.762500000000000000e+04 1.761124490052777037e+04
1.767500000000000000e+04 1.766124490052777037e+04
1.772500000000000000e+04 1.771124490052777037e+04
1.777500000000000000e+04 1.776124490052777037e+04
1.782500000000000000e+04 1.781124490052777037e+04
1.787500000000000000e+04 1.786124490052777037e+04
1.792500000000000000e+04 1.791124490052777037e+04
1.797500000000000000e+04 1.796124490052777037e+04
1.802500000000000000e+04 1.801124490052777037e+04
1.807500000000000000e+04 1.806124490052777037e+04
1.812500000000000000e+04 1.811124490052777037e+04
1.817500000000000000e+04 1.816124490052777037e+04
1.822500000000000000e+04 1.821124490052777037e+04
1.827500000000000000e+04 1.826124490052777037e+04
1.832500000000000000e+04 1.831124490052777037e+04
1.837500000000000000e+04 1.836124490052777037e+04
1.842500000000000000e+04 1.841124490052777037e+04
1.847500000000000000e+04 1.846124490052777037e+04
1.852500000000000000e+04 1.851124490052777037e+04
1.857500000000000000e+04 1.856124490052777037e+04
1.862500000000000000e+04 1.861124490052777037e+04
1.867500000000000000e+04 1.866124490052777037e+04
1.872500000000000000e+04 1.871124490052777037e+04
1.877500000000000000e+04 1.876124490052777037e+04
1.882500000000000000e+04 1.881124490052777037e+04
1.887500000000000000e+04 1.886124490052777037e+04
1.892500000000000000e+04 1.891124490052777037e+04
1.897500000000000000e+04 1.896124490052777037e+04
1.902500000000000000e+04 1.901124490052777037e+04
1.907500000000000000e+04 1.906124490052777037e+04
1.912500000000000000e+04 1.911124490052777037e+04
1.917500000000000000e+04 1.916124490052777037e+04
1.922500000000000000e+04 1.921124490052777037e+04
1.927500000000000000e+04 1.926124490052777037e+04
1.932500000000000000e+04 1.931124490052777037e+04
1.937500000000000000e+04 1.936124490052777037e+04
1.942500000000000000e+04 1.941124490052777037e+04
1.947500000000000000e+04 1.946124490052777037e+04
1.952500000000000000e+04 1.951124490052777037e+04
1.957500000000000000e+04 1.956124490052777037e+04
1.962500000000000000e+04 1.961124490052777037e+04
1.967500000000000000e+04 1.966124490052777037e+04
1.972500000000000000e+04 1.971124490052777037e+04
1.977500000000000000e+04 1.976124490052777037e+04
1.982500000000000000e+04 1.981124490052777037e+04
1.987500000000000000e+04 1.986124490052777037e+04
1.992500000000000000e+04 1.991124490052777037e+04
