4.250000000000000000e+02 4.238497667171626517e+02
4.750000000000000000e+02 4.738497667171626517e+02
5.250000000000000000e+02 5.238497667171626517e+02
5.750000000000000000e+02 5.738497667171627654e+02
6.250000000000000000e+02 6.238497667171632202e+02
6.750000000000000000e+02 6.738497667171632202e+02
7.250000000000000000e+02 7.238497667171632202e+02
7.750000000000000000e+02 7.738497667171632202e+02
8.250000000000000000e+02 8.238497667171629928e+02
8.750000000000000000e+02 8.738497667171629928e+02
9.250000000000000000e+02 9.238497667171632202e+02
9.750000000000000000e+02 9.738497667171632202e+02
1.025000000000000000e+03 1.023849766717163220e+03
1.075000000000000000e+03 1.073849766717163220e+03
1.125000000000000000e+03 1.123849766717161629e+03
1.175000000000000000e+03 1.173849766717161629e+03
1.225000000000000000e+03 1.223849766717161174e+03
1.275000000000000000e+03 1.273849766717161629e+03
1.325000000000000000e+03 1.323849766717161174e+03
1.375000000000000000e+03 1.373849766717161629e+03
1.425000000000000000e+03 1.423849766717161174e+03
1.475000000000000000e+03 1.473849766717161174e+03
1.525000000000000000e+03 1.523849766717161174e+03
1.575000000000000000e+03 1.573849766717161174e+03
1.625000000000000000e+03 1.623849766717161174e+03
1.675000000000000000e+03 1.673849766717161174e+03
1.725000000000000000e+03 1.723849766717161174e+03
1.775000000000000000e+03 1.773849766717161174e+03
1.825000000000000000e+03 1.823849766717161174e+03
1.875000000000000000e+03 1.873849766717161174e+03
1.925000000000000000e+03 1.923849766717161174e+03
1.975000000000000000e+03 1.973849766717161174e+03
2.025000000000000000e+03 2.023849766717161174e+03
2.075000000000000000e+03 2.073849766717161401e+03
2.125000000000000000e+03 2.123849766717162311e+03
2.175000000000000000e+03 2.173849766717162311e+03
2.225000000000000000e+03 2.223849766717163220e+03
2.275000000000000000e+03 2.273849766717164584e+03
2.325000000000000000e+03 2.323849766717165494e+03
2.375000000000000000e+03 2.373849766717165494e+03
2.425000000000000000e+03 2.423849766717165494e+03
2.475000000000000000e+03 2.473849766717164584e+03
2.525000000000000000e+03 2.523849766717164584e+03
2.575000000000000000e+03 2.573849766717164584e+03
2.625000000000000000e+03 2.623849766717164584e+03
2.675000000000000000e+03 2.673849766717164584e+03
2.725000000000000000e+03 2.723849766717164584e+03
2.775000000000000000e+03 2.773849766717164584e+03
2.825000000000000000e+03 2.823849766717164584e+03
2.875000000000000000e+03 2.873849766717164584e+03
2.925000000000000000e+03 2.923849766717164584e+03
2.975000000000000000e+03 2.973849766717164584e+03
3.025000000000000000e+03 3.023849766717164584e+03
3.075000000000000000e+03 3.073849766717164584e+03
3.125000000000000000e+03 3.123849766717164584e+03
3.175000000000000000e+03 3.173849766717164584e+03
3.225000000000000000e+03 3.223849766717164584e+03
3.275000000000000000e+03 3.273849766717164584e+03
3.325000000000000000e+03 3.323849766717164584e+03
3.375000000000000000e+03 3.373849766717164584e+03
3.425000000000000000e+03 3.423849766717164584e+03
3.475000000000000000e+03 3.473849766717164584e+03
3.525000000000000000e+03 3.523849766717164584e+03
3.575000000000000000e+03 3.573849766717164584e+03
3.625000000000000000e+03 3.623849766717164584e+03
3.675000000000000000e+03 3.673849766717164584e+03
3.725000000000000000e+03 3.723849766717164584e+03
3.775000000000000000e+03 3.773849766717164584e+03
3.825000000000000000e+03 3.823849766717164584e+03
3.875000000000000000e+03 3.873849766717164584e+03
3.925000000000000000e+03 3.923849766717164584e+03
3.975000000000000000e+03 3.973849766717164584e+03
4.025000000000000000e+03 4.023849766717164584e+03
4.075000000000000000e+03 4.073849766717164584e+03
4.125000000000000000e+03 4.123849766717163220e+03
4.175000000000000000e+03 4.173849766717163220e+03
4.225000000000000000e+03 4.223849766717163220e+03
4.275000000000000000e+03 4.273849766717163220e+03
4.325000000000000000e+03 4.323849766717159582e+03
4.375000000000000000e+03 4.373849766717161401e+03
4.425000000000000000e+03 4.423849766717159582e+03
4.475000000000000000e+03 4.473849766717159582e+03
4.525000000000000000e+03 4.523849766717161401e+03
4.575000000000000000e+03 4.573849766717161401e+03
4.625000000000000000e+03 4.623849766717161401e+03
4.675000000000000000e+03 4.673849766717161401e+03
4.725000000000000000e+03 4.723849766717161401e+03
4.775000000000000000e+03 4.773849766717161401e+03
4.825000000000000000e+03 4.823849766717161401e+03
4.875000000000000000e+03 4.873849766717161401e+03
4.925000000000000000e+03 4.923849766717161401e+03
4.975000000000000000e+03 4.973849766717161401e+03
5.025000000000000000e+03 5.023849766717161401e+03
5.075000000000000000e+03 5.073849766717161401e+03
5.125000000000000000e+03 5.123849766717161401e+03
5.175000000000000000e+03 5.173849766717161401e+03
5.225000000000000000e+03 5.223849766717161401e+03
5.275000000000000000e+03 5.273849766717161401e+03
5.325000000000000000e+03 5.323849766717161401e+03
5.375000000000000000e+03 5.373849766717161401e+03
5.425000000000000000e+03 5.423849766717161401e+03
5.475000000000000000e+03 5.473849766717161401e+03
5.525000000000000000e+03 5.523849766717161401e+03
5.575000000000000000e+03 5.573849766717161401e+03
5.625000000000000000e+03 5.623849766717161401e+03
5.675000000000000000e+03 5.673849766717161401e+03
5.725000000000000000e+03 5.723849766717161401e+03
5.775000000000000000e+03 5.773849766717161401e+03
5.825000000000000000e+03 5.823849766717161401e+03
5.875000000000000000e+03 5.873849766717161401e+03
5.925000000000000000e+03 5.923849766717161401e+03
5.975000000000000000e+03 5.973849766717161401e+03
6.025000000000000000e+03 6.023849766717161401e+03
6.075000000000000000e+03 6.073849766717161401e+03
6.125000000000000000e+03 6.123849766717161401e+03
6.175000000000000000e+03 6.173849766717161401e+03
6.225000000000000000e+03 6.223849766717161401e+03
6.275000000000000000e+03 6.273849766717161401e+03
6.325000000000000000e+03 6.323849766717161401e+03
6.375000000000000000e+03 6.373849766717161401e+03
6.425000000000000000e+03 6.423849766717161401e+03
6.475000000000000000e+03 6.473849766717161401e+03
6.525000000000000000e+03 6.523849766717161401e+03
6.575000000000000000e+03 6.573849766717161401e+03
6.625000000000000000e+03 6.623849766717161401e+03
6.675000000000000000e+03 6.673849766717161401e+03
6.725000000000000000e+03 6.723849766717161401e+03
6.775000000000000000e+03 6.773849766717161401e+03
6.825000000000000000e+03 6.823849766717161401e+03
6.875000000000000000e+03 6.873849766717161401e+03
6.925000000000000000e+03 6.923849766717161401e+03
6.975000000000000000e+03 6.973849766717161401e+03
7.025000000000000000e+03 7.023849766717161401e+03
7.075000000000000000e+03 7.073849766717161401e+03
7.125000000000000000e+03 7.123849766717161401e+03
7.175000000000000000e+03 7.173849766717161401e+03
7.225000000000000000e+03 7.223849766717161401e+03
7.275000000000000000e+03 7.273849766717161401e+03
7.325000000000000000e+03 7.323849766717161401e+03
7.375000000000000000e+03 7.373849766717161401e+03
7.425000000000000000e+03 7.423849766717161401e+03
7.475000000000000000e+03 7.473849766717161401e+03
7.525000000000000000e+03 7.523849766717161401e+03
7.575000000000000000e+03 7.573849766717161401e+03
7.625000000000000000e+03 7.623849766717161401e+03
7.675000000000000000e+03 7.673849766717161401e+03
7.725000000000000000e+03 7.723849766717161401e+03
7.775000000000000000e+03 7.773849766717161401e+03
7.825000000000000000e+03 7.823849766717161401e+03
7.875000000000000000e+03 7.873849766717161401e+03
7.925000000000000000e+03 7.923849766717161401e+03
7.975000000000000000e+03 7.973849766717161401e+03
8.025000000000000000e+03 8.023849766717161401e+03
8.075000000000000000e+03 8.073849766717161401e+03
8.125000000000000000e+03 8.123849766717161401e+03
8.175000000000000000e+03 8.173849766717161401e+03
8.225000000000000000e+03 8.223849766717159582e+03
8.275000000000000000e+03 8.273849766717159582e+03
8.325000000000000000e+03 8.323849766717155944e+03
8.375000000000000000e+03 8.373849766717157763e+03
8.425000000000000000e+03 8.423849766717161401e+03
8.475000000000000000e+03 8.473849766717159582e+03
8.525000000000000000e+03 8.523849766717155944e+03
8.575000000000000000e+03 8.573849766717155944e+03
8.625000000000000000e+03 8.623849766717155944e+03
8.675000000000000000e+03 8.673849766717155944e+03
8.725000000000000000e+03 8.723849766717155944e+03
8.775000000000000000e+03 8.773849766717155944e+03
8.825000000000000000e+03 8.823849766717155944e+03
8.875000000000000000e+03 8.873849766717155944e+03
8.925000000000000000e+03 8.923849766717155944e+03
8.975000000000000000e+03 8.973849766717155944e+03
9.025000000000000000e+03 9.023849766717155944e+03
9.075000000000000000e+03 9.073849766717155944e+03
9.125000000000000000e+03 9.123849766717155944e+03
9.175000000000000000e+03 9.173849766717155944e+03
9.225000000000000000e+03 9.223849766717155944e+03
9.275000000000000000e+03 9.273849766717155944e+03
9.325000000000000000e+03 9.323849766717155944e+03
9.375000000000000000e+03 9.373849766717155944e+03
9.425000000000000000e+03 9.423849766717155944e+03
9.475000000000000000e+03 9.473849766717155944e+03
9.525000000000000000e+03 9.523849766717155944e+03
9.575000000000000000e+03 9.573849766717155944e+03
9.625000000000000000e+03 9.623849766717155944e+03
9.675000000000000000e+03 9.673849766717155944e+03
9.725000000000000000e+03 9.723849766717155944e+03
9.775000000000000000e+03 9.773849766717155944e+03
9.825000000000000000e+03 9.823849766717155944e+03
9.875000000000000000e+03 9.873849766717155944e+03
9.925000000000000000e+03 9.923849766717155944e+03
9.975000000000000000e+03 9.973849766717155944e+03
1.002500000000000000e+04 1.002384976671715594e+04
1.007500000000000000e+04 1.007384976671715594e+04
1.012500000000000000e+04 1.012384976671715594e+04
1.017500000000000000e+04 1.017384976671715594e+04
1.022500000000000000e+04 1.022384976671715594e+04
1.027500000000000000e+04 1.027384976671715594e+04
1.032500000000000000e+04 1.032384976671715594e+04
1.037500000000000000e+04 1.037384976671715594e+04
1.042500000000000000e+04 1.042384976671715594e+04
1.047500000000000000e+04 1.047384976671715594e+04
1.052500000000000000e+04 1.052384976671715594e+04
1.057500000000000000e+04 1.057384976671715594e+04
1.062500000000000000e+04 1.062384976671715594e+04
1.067500000000000000e+04 1.067384976671715594e+04
1.072500000000000000e+04 1.072384976671715594e+04
1.077500000000000000e+04 1.077384976671715594e+04
1.082500000000000000e+04 1.082384976671715594e+04
1.087500000000000000e+04 1.087384976671715594e+04
1.092500000000000000e+04 1.092384976671715594e+04
1.097500000000000000e+04 1.097384976671715594e+04
1.102500000000000000e+04 1.102384976671715594e+04
1.107500000000000000e+04 1.107384976671715594e+04
1.112500000000000000e+04 1.112384976671715594e+04
1.117500000000000000e+04 1.117384976671715594e+04
1.122500000000000000e+04 1.122384976671715594e+04
1.127500000000000000e+04 1.127384976671715594e+04
1.132500000000000000e+04 1.132384976671715594e+04
1.137500000000000000e+04 1.137384976671715594e+04
1.142500000000000000e+04 1.142384976671715594e+04
1.147500000000000000e+04 1.147384976671715594e+04
1.152500000000000000e+04 1.152384976671715594e+04
1.157500000000000000e+04 1.157384976671715594e+04
1.162500000000000000e+04 1.162384976671715594e+04
1.167500000000000000e+04 1.167384976671715594e+04
1.172500000000000000e+04 1.172384976671715594e+04
1.177500000000000000e+04 1.177384976671715594e+04
1.182500000000000000e+04 1.182384976671715594e+04
1.187500000000000000e+04 1.187384976671715594e+04
1.192500000000000000e+04 1.192384976671715594e+04
1.197500000000000000e+04 1.197384976671715594e+04
1.202500000000000000e+04 1.202384976671715594e+04
1.207500000000000000e+04 1.207384976671715594e+04
1.212500000000000000e+04 1.212384976671715594e+04
1.217500000000000000e+04 1.217384976671715594e+04
1.222500000000000000e+04 1.222384976671715594e+04
1.227500000000000000e+04 1.227384976671715594e+04
1.232500000000000000e+04 1.232384976671715594e+04
1.237500000000000000e+04 1.237384976671715594e+04
1.242500000000000000e+04 1.242384976671715594e+04
1.247500000000000000e+04 1.247384976671715594e+04
1.252500000000000000e+04 1.252384976671715594e+04
1.257500000000000000e+04 1.257384976671715594e+04
1.262500000000000000e+04 1.262384976671715594e+04
1.267500000000000000e+04 1.267384976671715594e+04
1.272500000000000000e+04 1.272384976671715594e+04
1.277500000000000000e+04 1.277384976671715594e+04
1.282500000000000000e+04 1.282384976671715594e+04
1.287500000000000000e+04 1.287384976671715594e+04
1.292500000000000000e+04 1.292384976671715594e+04
1.297500000000000000e+04 1.297384976671715594e+04
1.302500000000000000e+04 1.302384976671715594e+04
1.307500000000000000e+04 1.307384976671715594e+04
1.312500000000000000e+04 1.312384976671715594e+04
1.317500000000000000e+04 1.317384976671715594e+04
1.322500000000000000e+04 1.322384976671715594e+04
1.327500000000000000e+04 1.327384976671715594e+04
1.332500000000000000e+04 1.332384976671715594e+04
1.337500000000000000e+04 1.337384976671715594e+04
1.342500000000000000e+04 1.342384976671715594e+04
1.347500000000000000e+04 1.347384976671715594e+04
1.352500000000000000e+04 1.352384976671715594e+04
1.357500000000000000e+04 1.357384976671715594e+04
1.362500000000000000e+04 1.362384976671715594e+04
1.367500000000000000e+04 1.367384976671715594e+04
1.372500000000000000e+04 1.372384976671715594e+04
1.377500000000000000e+04 1.377384976671715594e+04
1.382500000000000000e+04 1.382384976671715594e+04
1.387500000000000000e+04 1.387384976671715594e+04
1.392500000000000000e+04 1.392384976671715594e+04
1.397500000000000000e+04 1.397384976671715594e+04
1.402500000000000000e+04 1.402384976671715594e+04
1.407500000000000000e+04 1.407384976671715594e+04
1.412500000000000000e+04 1.412384976671715594e+04
1.417500000000000000e+04 1.417384976671715594e+04
1.422500000000000000e+04 1.422384976671715594e+04
1.427500000000000000e+04 1.427384976671715594e+04
1.432500000000000000e+04 1.432384976671715594e+04
1.437500000000000000e+04 1.437384976671715594e+04
1.442500000000000000e+04 1.442384976671715594e+04
1.447500000000000000e+04 1.447384976671715594e+04
1.452500000000000000e+04 1.452384976671715594e+04
1.457500000000000000e+04 1.457384976671715594e+04
1.462500000000000000e+04 1.462384976671715594e+04
1.467500000000000000e+04 1.467384976671715594e+04
1.472500000000000000e+04 1.472384976671715594e+04
1.477500000000000000e+04 1.477384976671715594e+04
1.482500000000000000e+04 1.482384976671715594e+04
1.487500000000000000e+04 1.487384976671715594e+04
1.492500000000000000e+04 1.492384976671715594e+04
1.497500000000000000e+04 1.497384976671715594e+04
1.502500000000000000e+04 1.502384976671715594e+04
1.507500000000000000e+04 1.507384976671715594e+04
1.512500000000000000e+04 1.512384976671715594e+04
1.517500000000000000e+04 1.517384976671715594e+04
1.522500000000000000e+04 1.522384976671715594e+04
1.527500000000000000e+04 1.527384976671715594e+04
1.532500000000000000e+04 1.532384976671715594e+04
1.537500000000000000e+04 1.537384976671715594e+04
1.542500000000000000e+04 1.542384976671715594e+04
1.547500000000000000e+04 1.547384976671715594e+04
1.552500000000000000e+04 1.552384976671715594e+04
1.557500000000000000e+04 1.557384976671715594e+04
1.562500000000000000e+04 1.562384976671715594e+04
1.567500000000000000e+04 1.567384976671715594e+04
1.572500000000000000e+04 1.572384976671715594e+04
1.577500000000000000e+04 1.577384976671715594e+04
1.582500000000000000e+04 1.582384976671715594e+04
1.587500000000000000e+04 1.587384976671715594e+04
1.592500000000000000e+04 1.592384976671715594e+04
1.597500000000000000e+04 1.597384976671715594e+04
1.602500000000000000e+04 1.602384976671715594e+04
1.607500000000000000e+04 1.607384976671715594e+04
1.612500000000000000e+04 1.612384976671715594e+04
1.617500000000000000e+04 1.617384976671715594e+04
1.622500000000000000e+04 1.622384976671715594e+04
1.627500000000000000e+04 1.627384976671715594e+04
1.632500000000000000e+04 1.632384976671715594e+04
1.637500000000000000e+04 1.637384976671715594e+04
1.642500000000000000e+04 1.642384976671715776e+04
1.647500000000000000e+04 1.647384976671715413e+04
1.652500000000000000e+04 1.652384976671716504e+04
1.657500000000000000e+04 1.657384976671716140e+04
1.662500000000000000e+04 1.662384976671716140e+04
1.667500000000000000e+04 1.667384976671716868e+04
1.672500000000000000e+04 1.672384976671716504e+04
1.677500000000000000e+04 1.677384976671716868e+04
1.682500000000000000e+04 1.682384976671716868e+04
1.687500000000000000e+04 1.687384976671716868e+04
1.692500000000000000e+04 1.692384976671716868e+04
1.697500000000000000e+04 1.697384976671716868e+04
1.702500000000000000e+04 1.702384976671716868e+04
1.707500000000000000e+04 1.707384976671716868e+04
1.712500000000000000e+04 1.712384976671716868e+04
1.717500000000000000e+04 1.717384976671716868e+04
1.722500000000000000e+04 1.722384976671716868e+04
1.727500000000000000e+04 1.727384976671716868e+04
1.732500000000000000e+04 1.732384976671716868e+04
1.737500000000000000e+04 1.737384976671716868e+04
1.742500000000000000e+04 1.742384976671716868e+04
1.747500000000000000e+04 1.747384976671716868e+04
1.752500000000000000e+04 1.752384976671716868e+04
1.757500000000000000e+04 1.757384976671716868e+04
1.762500000000000000e+04 1.762384976671716868e+04
1.767500000000000000e+04 1.767384976671716868e+04
1.772500000000000000e+04 1.772384976671716868e+04
1.777500000000000000e+04 1.777384976671716868e+04
1.782500000000000000e+04 1.782384976671716868e+04
1.787500000000000000e+04 1.787384976671716868e+04
1.792500000000000000e+04 1.792384976671716868e+04
1.797500000000000000e+04 1.797384976671716868e+04
1.802500000000000000e+04 1.802384976671716868e+04
1.807500000000000000e+04 1.807384976671716868e+04
1.812500000000000000e+04 1.812384976671716868e+04
1.817500000000000000e+04 1.817384976671716868e+04
1.822500000000000000e+04 1.822384976671716868e+04
1.827500000000000000e+04 1.827384976671716868e+04
1.832500000000000000e+04 1.832384976671716868e+04
1.837500000000000000e+04 1.837384976671716868e+04
1.842500000000000000e+04 1.842384976671716868e+04
1.847500000000000000e+04 1.847384976671716868e+04
1.852500000000000000e+04 1.852384976671716868e+04
1.857500000000000000e+04 1.857384976671716868e+04
1.862500000000000000e+04 1.862384976671716868e+04
1.867500000000000000e+04 1.867384976671716868e+04
1.872500000000000000e+04 1.872384976671716868e+04
1.877500000000000000e+04 1.877384976671716868e+04
1.882500000000000000e+04 1.882384976671716868e+04
1.887500000000000000e+04 1.887384976671716868e+04
1.892500000000000000e+04 1.892384976671716868e+04
1.897500000000000000e+04 1.897384976671716868e+04
1.902500000000000000e+04 1.902384976671716868e+04
1.907500000000000000e+04 1.907384976671716868e+04
1.912500000000000000e+04 1.912384976671716868e+04
1.917500000000000000e+04 1.917384976671716868e+04
1.922500000000000000e+04 1.922384976671716868e+04
1.927500000000000000e+04 1.927384976671716868e+04
1.932500000000000000e+04 1.932384976671716868e+04
1.937500000000000000e+04 1.937384976671716868e+04
1.942500000000000000e+04 1.942384976671716868e+04
1.947500000000000000e+04 1.947384976671716868e+04
1.952500000000000000e+04 1.952384976671716868e+04
1.957500000000000000e+04 1.957384976671716868e+04
1.962500000000000000e+04 1.962384976671716868e+04
1.967500000000000000e+04 1.967384976671716868e+04
1.972500000000000000e+04 1.972384976671716868e+04
1.977500000000000000e+04 1.977384976671716868e+04
1.982500000000000000e+04 1.982384976671716868e+04
1.987500000000000000e+04 1.987384976671716868e+04
1.992500000000000000e+04 1.992384976671716868e+04
