1.025000000000000000e+03 9.877862535092702956e+02
1.075000000000000000e+03 1.037786253509270637e+03
1.125000000000000000e+03 1.087786253509271091e+03
1.175000000000000000e+03 1.137786253509271546e+03
1.225000000000000000e+03 1.187786253509271091e+03
1.275000000000000000e+03 1.237786253509271546e+03
1.325000000000000000e+03 1.287786253509271546e+03
1.375000000000000000e+03 1.337786253509271546e+03
1.425000000000000000e+03 1.387786253509271546e+03
1.475000000000000000e+03 1.437786253509271546e+03
1.525000000000000000e+03 1.487786253509271546e+03
1.575000000000000000e+03 1.537786253509271546e+03
1.625000000000000000e+03 1.587786253509270637e+03
1.675000000000000000e+03 1.637786253509270637e+03
1.725000000000000000e+03 1.687786253509270637e+03
1.775000000000000000e+03 1.737786253509271091e+03
1.825000000000000000e+03 1.787786253509271091e+03
1.875000000000000000e+03 1.837786253509271091e+03
1.925000000000000000e+03 1.887786253509271546e+03
1.975000000000000000e+03 1.937786253509271546e+03
2.025000000000000000e+03 1.987786253509271546e+03
2.075000000000000000e+03 2.037786253509271546e+03
2.125000000000000000e+03 2.087786253509269045e+03
2.175000000000000000e+03 2.137786253509269500e+03
2.225000000000000000e+03 2.187786253509269955e+03
2.275000000000000000e+03 2.237786253509270864e+03
2.325000000000000000e+03 2.287786253509269955e+03
2.375000000000000000e+03 2.337786253509271774e+03
2.425000000000000000e+03 2.387786253509272683e+03
2.475000000000000000e+03 2.437786253509271774e+03
2.525000000000000000e+03 2.487786253509272683e+03
2.575000000000000000e+03 2.537786253509273592e+03
2.625000000000000000e+03 2.587786253509274502e+03
2.675000000000000000e+03 2.637786253509273592e+03
2.725000000000000000e+03 2.687786253509275411e+03
2.775000000000000000e+03 2.737786253509274502e+03
2.825000000000000000e+03 2.787786253509274502e+03
2.875000000000000000e+03 2.837786253509274502e+03
2.925000000000000000e+03 2.887786253509273592e+03
2.975000000000000000e+03 2.937786253509273592e+03
3.025000000000000000e+03 2.987786253509275411e+03
3.075000000000000000e+03 3.037786253509274502e+03
3.125000000000000000e+03 3.087786253509274502e+03
3.175000000000000000e+03 3.137786253509274502e+03
3.225000000000000000e+03 3.187786253509274502e+03
3.275000000000000000e+03 3.237786253509274502e+03
3.325000000000000000e+03 3.287786253509274502e+03
3.375000000000000000e+03 3.337786253509274502e+03
3.425000000000000000e+03 3.387786253509274502e+03
3.475000000000000000e+03 3.437786253509274502e+03
3.525000000000000000e+03 3.487786253509274502e+03
3.575000000000000000e+03 3.537786253509274502e+03
3.625000000000000000e+03 3.587786253509274502e+03
3.675000000000000000e+03 3.637786253509274502e+03
3.725000000000000000e+03 3.687786253509274502e+03
3.775000000000000000e+03 3.737786253509274502e+03
3.825000000000000000e+03 3.787786253509274502e+03
3.875000000000000000e+03 3.837786253509274502e+03
3.925000000000000000e+03 3.887786253509274502e+03
3.975000000000000000e+03 3.937786253509274502e+03
4.025000000000000000e+03 3.987786253509274502e+03
4.075000000000000000e+03 4.037786253509274502e+03
4.125000000000000000e+03 4.087786253509274502e+03
4.175000000000000000e+03 4.137786253509274502e+03
4.225000000000000000e+03 4.187786253509276321e+03
4.275000000000000000e+03 4.237786253509276321e+03
4.325000000000000000e+03 4.287786253509274502e+03
4.375000000000000000e+03 4.337786253509274502e+03
4.425000000000000000e+03 4.387786253509270864e+03
4.475000000000000000e+03 4.437786253509267226e+03
4.525000000000000000e+03 4.487786253509269045e+03
4.575000000000000000e+03 4.537786253509270864e+03
4.625000000000000000e+03 4.587786253509270864e+03
4.675000000000000000e+03 4.637786253509270864e+03
4.725000000000000000e+03 4.687786253509270864e+03
4.775000000000000000e+03 4.737786253509269045e+03
4.825000000000000000e+03 4.787786253509270864e+03
4.875000000000000000e+03 4.837786253509272683e+03
4.925000000000000000e+03 4.887786253509269045e+03
4.975000000000000000e+03 4.937786253509267226e+03
5.025000000000000000e+03 4.987786253509269045e+03
5.075000000000000000e+03 5.037786253509269045e+03
5.125000000000000000e+03 5.087786253509269045e+03
5.175000000000000000e+03 5.137786253509269045e+03
5.225000000000000000e+03 5.187786253509269045e+03
5.275000000000000000e+03 5.237786253509269045e+03
5.325000000000000000e+03 5.287786253509269045e+03
5.375000000000000000e+03 5.337786253509269045e+03
5.425000000000000000e+03 5.387786253509269045e+03
5.475000000000000000e+03 5.437786253509269045e+03
5.525000000000000000e+03 5.487786253509269045e+03
5.575000000000000000e+03 5.537786253509269045e+03
5.625000000000000000e+03 5.587786253509269045e+03
5.675000000000000000e+03 5.637786253509269045e+03
5.725000000000000000e+03 5.687786253509269045e+03
5.775000000000000000e+03 5.737786253509269045e+03
5.825000000000000000e+03 5.787786253509269045e+03
5.875000000000000000e+03 5.837786253509269045e+03
5.925000000000000000e+03 5.887786253509269045e+03
5.975000000000000000e+03 5.937786253509269045e+03
6.025000000000000000e+03 5.987786253509269045e+03
6.075000000000000000e+03 6.037786253509269045e+03
6.125000000000000000e+03 6.087786253509269045e+03
6.175000000000000000e+03 6.137786253509269045e+03
6.225000000000000000e+03 6.187786253509269045e+03
6.275000000000000000e+03 6.237786253509269045e+03
6.325000000000000000e+03 6.287786253509269045e+03
6.375000000000000000e+03 6.337786253509269045e+03
6.425000000000000000e+03 6.387786253509269045e+03
6.475000000000000000e+03 6.437786253509269045e+03
6.525000000000000000e+03 6.487786253509269045e+03
6.575000000000000000e+03 6.537786253509269045e+03
6.625000000000000000e+03 6.587786253509269045e+03
6.675000000000000000e+03 6.637786253509269045e+03
6.725000000000000000e+03 6.687786253509269045e+03
6.775000000000000000e+03 6.737786253509269045e+03
6.825000000000000000e+03 6.787786253509269045e+03
6.875000000000000000e+03 6.837786253509269045e+03
6.925000000000000000e+03 6.887786253509269045e+03
6.975000000000000000e+03 6.937786253509269045e+03
7.025000000000000000e+03 6.987786253509269045e+03
7.075000000000000000e+03 7.037786253509269045e+03
7.125000000000000000e+03 7.087786253509269045e+03
7.175000000000000000e+03 7.137786253509269045e+03
7.225000000000000000e+03 7.187786253509269045e+03
7.275000000000000000e+03 7.237786253509269045e+03
7.325000000000000000e+03 7.287786253509269045e+03
7.375000000000000000e+03 7.337786253509269045e+03
7.425000000000000000e+03 7.387786253509269045e+03
7.475000000000000000e+03 7.437786253509269045e+03
7.525000000000000000e+03 7.487786253509269045e+03
7.575000000000000000e+03 7.537786253509269045e+03
7.625000000000000000e+03 7.587786253509269045e+03
7.675000000000000000e+03 7.637786253509269045e+03
7.725000000000000000e+03 7.687786253509269045e+03
7.775000000000000000e+03 7.737786253509269045e+03
7.825000000000000000e+03 7.787786253509269045e+03
7.875000000000000000e+03 7.837786253509269045e+03
7.925000000000000000e+03 7.887786253509269045e+03
7.975000000000000000e+03 7.937786253509269045e+03
8.025000000000000000e+03 7.987786253509269045e+03
8.075000000000000000e+03 8.037786253509269045e+03
8.125000000000000000e+03 8.087786253509269045e+03
8.175000000000000000e+03 8.137786253509269045e+03
8.225000000000000000e+03 8.187786253509269045e+03
8.275000000000000000e+03 8.237786253509269955e+03
8.325000000000000000e+03 8.287786253509266317e+03
8.375000000000000000e+03 8.337786253509268136e+03
8.425000000000000000e+03 8.387786253509271774e+03
8.475000000000000000e+03 8.437786253509275411e+03
8.525000000000000000e+03 8.487786253509279049e+03
8.575000000000000000e+03 8.537786253509279049e+03
8.625000000000000000e+03 8.587786253509275411e+03
8.675000000000000000e+03 8.637786253509279049e+03
8.725000000000000000e+03 8.687786253509279049e+03
8.775000000000000000e+03 8.737786253509275411e+03
8.825000000000000000e+03 8.787786253509279049e+03
8.875000000000000000e+03 8.837786253509279049e+03
8.925000000000000000e+03 8.887786253509275411e+03
8.975000000000000000e+03 8.937786253509271774e+03
9.025000000000000000e+03 8.987786253509271774e+03
9.075000000000000000e+03 9.037786253509275411e+03
9.125000000000000000e+03 9.087786253509271774e+03
9.175000000000000000e+03 9.137786253509271774e+03
9.225000000000000000e+03 9.187786253509271774e+03
9.275000000000000000e+03 9.237786253509271774e+03
9.325000000000000000e+03 9.287786253509271774e+03
9.375000000000000000e+03 9.337786253509271774e+03
9.425000000000000000e+03 9.387786253509271774e+03
9.475000000000000000e+03 9.437786253509271774e+03
9.525000000000000000e+03 9.487786253509271774e+03
9.575000000000000000e+03 9.537786253509271774e+03
9.625000000000000000e+03 9.587786253509271774e+03
9.675000000000000000e+03 9.637786253509271774e+03
9.725000000000000000e+03 9.687786253509271774e+03
9.775000000000000000e+03 9.737786253509271774e+03
9.825000000000000000e+03 9.787786253509271774e+03
9.875000000000000000e+03 9.837786253509271774e+03
9.925000000000000000e+03 9.887786253509271774e+03
9.975000000000000000e+03 9.937786253509271774e+03
1.002500000000000000e+04 9.987786253509271774e+03
1.007500000000000000e+04 1.003778625350927177e+04
1.012500000000000000e+04 1.008778625350927177e+04
1.017500000000000000e+04 1.013778625350927177e+04
1.022500000000000000e+04 1.018778625350927177e+04
1.027500000000000000e+04 1.023778625350927177e+04
1.032500000000000000e+04 1.028778625350927177e+04
1.037500000000000000e+04 1.033778625350927177e+04
1.042500000000000000e+04 1.038778625350927177e+04
1.047500000000000000e+04 1.043778625350927177e+04
1.052500000000000000e+04 1.048778625350927177e+04
1.057500000000000000e+04 1.053778625350927177e+04
1.062500000000000000e+04 1.058778625350927177e+04
1.067500000000000000e+04 1.063778625350927177e+04
1.072500000000000000e+04 1.068778625350927177e+04
1.077500000000000000e+04 1.073778625350927177e+04
1.082500000000000000e+04 1.078778625350927177e+04
1.087500000000000000e+04 1.083778625350927177e+04
1.092500000000000000e+04 1.088778625350927177e+04
1.097500000000000000e+04 1.093778625350927177e+04
1.102500000000000000e+04 1.098778625350927177e+04
1.107500000000000000e+04 1.103778625350927177e+04
1.112500000000000000e+04 1.108778625350927177e+04
1.117500000000000000e+04 1.113778625350927177e+04
1.122500000000000000e+04 1.118778625350927177e+04
1.127500000000000000e+04 1.123778625350927177e+04
1.132500000000000000e+04 1.128778625350927177e+04
1.137500000000000000e+04 1.133778625350927177e+04
1.142500000000000000e+04 1.138778625350927177e+04
1.147500000000000000e+04 1.143778625350927177e+04
1.152500000000000000e+04 1.148778625350927177e+04
1.157500000000000000e+04 1.153778625350927177e+04
1.162500000000000000e+04 1.158778625350927177e+04
1.167500000000000000e+04 1.163778625350927177e+04
1.172500000000000000e+04 1.168778625350927177e+04
1.177500000000000000e+04 1.173778625350927177e+04
1.182500000000000000e+04 1.178778625350927177e+04
1.187500000000000000e+04 1.183778625350927177e+04
1.192500000000000000e+04 1.188778625350927177e+04
1.197500000000000000e+04 1.193778625350927177e+04
1.202500000000000000e+04 1.198778625350927177e+04
1.207500000000000000e+04 1.203778625350927177e+04
1.212500000000000000e+04 1.208778625350927177e+04
1.217500000000000000e+04 1.213778625350927177e+04
1.222500000000000000e+04 1.218778625350927177e+04
1.227500000000000000e+04 1.223778625350927177e+04
1.232500000000000000e+04 1.228778625350927177e+04
1.237500000000000000e+04 1.233778625350927177e+04
1.242500000000000000e+04 1.238778625350927177e+04
1.247500000000000000e+04 1.243778625350927177e+04
1.252500000000000000e+04 1.248778625350927177e+04
1.257500000000000000e+04 1.253778625350927177e+04
1.262500000000000000e+04 1.258778625350927177e+04
1.267500000000000000e+04 1.263778625350927177e+04
1.272500000000000000e+04 1.268778625350927177e+04
1.277500000000000000e+04 1.273778625350927177e+04
1.282500000000000000e+04 1.278778625350927177e+04
1.287500000000000000e+04 1.283778625350927177e+04
1.292500000000000000e+04 1.288778625350927177e+04
1.297500000000000000e+04 1.293778625350927177e+04
1.302500000000000000e+04 1.298778625350927177e+04
1.307500000000000000e+04 1.303778625350927177e+04
1.312500000000000000e+04 1.308778625350927177e+04
1.317500000000000000e+04 1.313778625350927177e+04
1.322500000000000000e+04 1.318778625350927177e+04
1.327500000000000000e+04 1.323778625350927177e+04
1.332500000000000000e+04 1.328778625350927177e+04
1.337500000000000000e+04 1.333778625350927177e+04
1.342500000000000000e+04 1.338778625350927177e+04
1.347500000000000000e+04 1.343778625350927177e+04
1.352500000000000000e+04 1.348778625350927177e+04
1.357500000000000000e+04 1.353778625350927177e+04
1.362500000000000000e+04 1.358778625350927177e+04
1.367500000000000000e+04 1.363778625350927177e+04
1.372500000000000000e+04 1.368778625350927177e+04
1.377500000000000000e+04 1.373778625350927177e+04
1.382500000000000000e+04 1.378778625350927177e+04
1.387500000000000000e+04 1.383778625350927177e+04
1.392500000000000000e+04 1.388778625350927177e+04
1.397500000000000000e+04 1.393778625350927177e+04
1.402500000000000000e+04 1.398778625350927177e+04
1.407500000000000000e+04 1.403778625350927177e+04
1.412500000000000000e+04 1.408778625350927177e+04
1.417500000000000000e+04 1.413778625350927177e+04
1.422500000000000000e+04 1.418778625350927177e+04
1.427500000000000000e+04 1.423778625350927177e+04
1.432500000000000000e+04 1.428778625350927177e+04
1.437500000000000000e+04 1.433778625350927177e+04
1.442500000000000000e+04 1.438778625350927177e+04
1.447500000000000000e+04 1.443778625350927177e+04
1.452500000000000000e+04 1.448778625350927177e+04
1.457500000000000000e+04 1.453778625350927177e+04
1.462500000000000000e+04 1.458778625350927177e+04
1.467500000000000000e+04 1.463778625350927177e+04
1.472500000000000000e+04 1.468778625350927177e+04
1.477500000000000000e+04 1.473778625350927177e+04
1.482500000000000000e+04 1.478778625350927177e+04
1.487500000000000000e+04 1.483778625350927177e+04
1.492500000000000000e+04 1.488778625350927177e+04
1.497500000000000000e+04 1.493778625350927177e+04
1.502500000000000000e+04 1.498778625350927177e+04
1.507500000000000000e+04 1.503778625350927177e+04
1.512500000000000000e+04 1.508778625350927177e+04
1.517500000000000000e+04 1.513778625350927177e+04
1.522500000000000000e+04 1.518778625350927177e+04
1.527500000000000000e+04 1.523778625350927177e+04
1.532500000000000000e+04 1.528778625350927177e+04
1.537500000000000000e+04 1.533778625350927177e+04
1.542500000000000000e+04 1.538778625350927177e+04
1.547500000000000000e+04 1.543778625350927177e+04
1.552500000000000000e+04 1.548778625350927177e+04
1.557500000000000000e+04 1.553778625350927177e+04
1.562500000000000000e+04 1.558778625350927177e+04
1.567500000000000000e+04 1.563778625350927177e+04
1.572500000000000000e+04 1.568778625350927177e+04
1.577500000000000000e+04 1.573778625350927177e+04
1.582500000000000000e+04 1.578778625350927177e+04
1.587500000000000000e+04 1.583778625350927177e+04
1.592500000000000000e+04 1.588778625350927177e+04
1.597500000000000000e+04 1.593778625350927177e+04
1.602500000000000000e+04 1.598778625350927177e+04
1.607500000000000000e+04 1.603778625350927177e+04
1.612500000000000000e+04 1.608778625350927177e+04
1.617500000000000000e+04 1.613778625350927177e+04
1.622500000000000000e+04 1.618778625350927177e+04
1.627500000000000000e+04 1.623778625350927177e+04
1.632500000000000000e+04 1.628778625350927177e+04
1.637500000000000000e+04 1.633778625350927177e+04
1.642500000000000000e+04 1.638778625350926814e+04
1.647500000000000000e+04 1.643778625350926814e+04
1.652500000000000000e+04 1.648778625350926814e+04
1.657500000000000000e+04 1.653778625350926814e+04
1.662500000000000000e+04 1.658778625350926086e+04
1.667500000000000000e+04 1.663778625350926086e+04
1.672500000000000000e+04 1.668778625350925722e+04
1.677500000000000000e+04 1.673778625350925358e+04
1.682500000000000000e+04 1.678778625350924995e+04
1.687500000000000000e+04 1.683778625350924267e+04
1.692500000000000000e+04 1.688778625350924267e+04
1.697500000000000000e+04 1.693778625350924267e+04
1.702500000000000000e+04 1.698778625350924631e+04
1.707500000000000000e+04 1.703778625350924631e+04
1.712500000000000000e+04 1.708778625350924631e+04
1.717500000000000000e+04 1.713778625350924631e+04
1.722500000000000000e+04 1.718778625350925358e+04
1.727500000000000000e+04 1.723778625350925358e+04
1.732500000000000000e+04 1.728778625350925358e+04
1.737500000000000000e+04 1.733778625350925358e+04
1.742500000000000000e+04 1.738778625350925358e+04
1.747500000000000000e+04 1.743778625350925358e+04
1.752500000000000000e+04 1.748778625350925358e+04
1.757500000000000000e+04 1.753778625350925358e+04
1.762500000000000000e+04 1.758778625350925358e+04
1.767500000000000000e+04 1.763778625350925358e+04
1.772500000000000000e+04 1.768778625350925358e+04
1.777500000000000000e+04 1.773778625350925358e+04
1.782500000000000000e+04 1.778778625350925358e+04
1.787500000000000000e+04 1.783778625350925358e+04
1.792500000000000000e+04 1.788778625350925358e+04
1.797500000000000000e+04 1.793778625350925358e+04
1.802500000000000000e+04 1.798778625350925358e+04
1.807500000000000000e+04 1.803778625350925358e+04
1.812500000000000000e+04 1.808778625350925358e+04
1.817500000000000000e+04 1.813778625350925358e+04
1.822500000000000000e+04 1.818778625350925358e+04
1.827500000000000000e+04 1.823778625350925358e+04
1.832500000000000000e+04 1.828778625350925358e+04
1.837500000000000000e+04 1.833778625350925358e+04
1.842500000000000000e+04 1.838778625350925358e+04
1.847500000000000000e+04 1.843778625350925358e+04
1.852500000000000000e+04 1.848778625350925358e+04
1.857500000000000000e+04 1.853778625350925358e+04
1.862500000000000000e+04 1.858778625350925358e+04
1.867500000000000000e+04 1.863778625350925358e+04
1.872500000000000000e+04 1.868778625350925358e+04
1.877500000000000000e+04 1.873778625350925358e+04
1.882500000000000000e+04 1.878778625350925358e+04
1.887500000000000000e+04 1.883778625350925358e+04
1.892500000000000000e+04 1.888778625350925358e+04
1.897500000000000000e+04 1.893778625350925358e+04
1.902500000000000000e+04 1.898778625350925358e+04
1.907500000000000000e+04 1.903778625350925358e+04
1.912500000000000000e+04 1.908778625350925358e+04
1.917500000000000000e+04 1.913778625350925358e+04
1.922500000000000000e+04 1.918778625350925358e+04
1.927500000000000000e+04 1.923778625350925358e+04
1.932500000000000000e+04 1.928778625350925358e+04
1.937500000000000000e+04 1.933778625350925358e+04
1.942500000000000000e+04 1.938778625350925358e+04
1.947500000000000000e+04 1.943778625350925358e+04
1.952500000000000000e+04 1.948778625350925358e+04
1.957500000000000000e+04 1.953778625350925358e+04
1.962500000000000000e+04 1.958778625350925358e+04
1.967500000000000000e+04 1.963778625350925358e+04
1.972500000000000000e+04 1.968778625350925358e+04
1.977500000000000000e+04 1.973778625350925358e+04
1.982500000000000000e+04 1.978778625350925358e+04
1.987500000000000000e+04 1.983778625350925358e+04
1.992500000000000000e+04 1.988778625350925358e+04
