6.250000000000000000e+02 6.214950318230449966e+02
6.750000000000000000e+02 6.714950318230452240e+02
7.250000000000000000e+02 7.214950318230452240e+02
7.750000000000000000e+02 7.714950318230452240e+02
8.250000000000000000e+02 8.214950318230454513e+02
8.750000000000000000e+02 8.714950318230452240e+02
9.250000000000000000e+02 9.214950318230456787e+02
9.750000000000000000e+02 9.714950318230454513e+02
1.025000000000000000e+03 1.021495031823045451e+03
1.075000000000000000e+03 1.071495031823044656e+03
1.125000000000000000e+03 1.121495031823044201e+03
1.175000000000000000e+03 1.171495031823043291e+03
1.225000000000000000e+03 1.221495031823042837e+03
1.275000000000000000e+03 1.271495031823042837e+03
1.325000000000000000e+03 1.321495031823042837e+03
1.375000000000000000e+03 1.371495031823043291e+03
1.425000000000000000e+03 1.421495031823043291e+03
1.475000000000000000e+03 1.471495031823043291e+03
1.525000000000000000e+03 1.521495031823043291e+03
1.575000000000000000e+03 1.571495031823043291e+03
1.625000000000000000e+03 1.621495031823042837e+03
1.675000000000000000e+03 1.671495031823042837e+03
1.725000000000000000e+03 1.721495031823042837e+03
1.775000000000000000e+03 1.771495031823042837e+03
1.825000000000000000e+03 1.821495031823042837e+03
1.875000000000000000e+03 1.871495031823042837e+03
1.925000000000000000e+03 1.921495031823042837e+03
1.975000000000000000e+03 1.971495031823042837e+03
2.025000000000000000e+03 2.021495031823042837e+03
2.075000000000000000e+03 2.071495031823043519e+03
2.125000000000000000e+03 2.121495031823044883e+03
2.175000000000000000e+03 2.171495031823047611e+03
2.225000000000000000e+03 2.221495031823047611e+03
2.275000000000000000e+03 2.271495031823048521e+03
2.325000000000000000e+03 2.321495031823048521e+03
2.375000000000000000e+03 2.371495031823048521e+03
2.425000000000000000e+03 2.421495031823047611e+03
2.475000000000000000e+03 2.471495031823047611e+03
2.525000000000000000e+03 2.521495031823047611e+03
2.575000000000000000e+03 2.571495031823048521e+03
2.625000000000000000e+03 2.621495031823047611e+03
2.675000000000000000e+03 2.671495031823048521e+03
2.725000000000000000e+03 2.721495031823048521e+03
2.775000000000000000e+03 2.771495031823048521e+03
2.825000000000000000e+03 2.821495031823048521e+03
2.875000000000000000e+03 2.871495031823048521e+03
2.925000000000000000e+03 2.921495031823048521e+03
2.975000000000000000e+03 2.971495031823048521e+03
3.025000000000000000e+03 3.021495031823048521e+03
3.075000000000000000e+03 3.071495031823048521e+03
3.125000000000000000e+03 3.121495031823048521e+03
3.175000000000000000e+03 3.171495031823048521e+03
3.225000000000000000e+03 3.221495031823048521e+03
3.275000000000000000e+03 3.271495031823048521e+03
3.325000000000000000e+03 3.321495031823048521e+03
3.375000000000000000e+03 3.371495031823048521e+03
3.425000000000000000e+03 3.421495031823048521e+03
3.475000000000000000e+03 3.471495031823048521e+03
3.525000000000000000e+03 3.521495031823048521e+03
3.575000000000000000e+03 3.571495031823048521e+03
3.625000000000000000e+03 3.621495031823048521e+03
3.675000000000000000e+03 3.671495031823048521e+03
3.725000000000000000e+03 3.721495031823048521e+03
3.775000000000000000e+03 3.771495031823048521e+03
3.825000000000000000e+03 3.821495031823048521e+03
3.875000000000000000e+03 3.871495031823048521e+03
3.925000000000000000e+03 3.921495031823048521e+03
3.975000000000000000e+03 3.971495031823048521e+03
4.025000000000000000e+03 4.021495031823048521e+03
4.075000000000000000e+03 4.071495031823048521e+03
4.125000000000000000e+03 4.121495031823049430e+03
4.175000000000000000e+03 4.171495031823047611e+03
4.225000000000000000e+03 4.221495031823045792e+03
4.275000000000000000e+03 4.271495031823042154e+03
4.325000000000000000e+03 4.321495031823043973e+03
4.375000000000000000e+03 4.371495031823043973e+03
4.425000000000000000e+03 4.421495031823043973e+03
4.475000000000000000e+03 4.471495031823042154e+03
4.525000000000000000e+03 4.521495031823040335e+03
4.575000000000000000e+03 4.571495031823042154e+03
4.625000000000000000e+03 4.621495031823042154e+03
4.675000000000000000e+03 4.671495031823042154e+03
4.725000000000000000e+03 4.721495031823042154e+03
4.775000000000000000e+03 4.771495031823042154e+03
4.825000000000000000e+03 4.821495031823042154e+03
4.875000000000000000e+03 4.871495031823042154e+03
4.925000000000000000e+03 4.921495031823042154e+03
4.975000000000000000e+03 4.971495031823042154e+03
5.025000000000000000e+03 5.021495031823042154e+03
5.075000000000000000e+03 5.071495031823042154e+03
5.125000000000000000e+03 5.121495031823042154e+03
5.175000000000000000e+03 5.171495031823042154e+03
5.225000000000000000e+03 5.221495031823042154e+03
5.275000000000000000e+03 5.271495031823042154e+03
5.325000000000000000e+03 5.321495031823042154e+03
5.375000000000000000e+03 5.371495031823042154e+03
5.425000000000000000e+03 5.421495031823042154e+03
5.475000000000000000e+03 5.471495031823042154e+03
5.525000000000000000e+03 5.521495031823042154e+03
5.575000000000000000e+03 5.571495031823042154e+03
5.625000000000000000e+03 5.621495031823042154e+03
5.675000000000000000e+03 5.671495031823042154e+03
5.725000000000000000e+03 5.721495031823042154e+03
5.775000000000000000e+03 5.771495031823042154e+03
5.825000000000000000e+03 5.821495031823042154e+03
5.875000000000000000e+03 5.871495031823042154e+03
5.925000000000000000e+03 5.921495031823042154e+03
5.975000000000000000e+03 5.971495031823042154e+03
6.025000000000000000e+03 6.021495031823042154e+03
6.075000000000000000e+03 6.071495031823042154e+03
6.125000000000000000e+03 6.121495031823042154e+03
6.175000000000000000e+03 6.171495031823042154e+03
6.225000000000000000e+03 6.221495031823042154e+03
6.275000000000000000e+03 6.271495031823042154e+03
6.325000000000000000e+03 6.321495031823042154e+03
6.375000000000000000e+03 6.371495031823042154e+03
6.425000000000000000e+03 6.421495031823042154e+03
6.475000000000000000e+03 6.471495031823042154e+03
6.525000000000000000e+03 6.521495031823042154e+03
6.575000000000000000e+03 6.571495031823042154e+03
6.625000000000000000e+03 6.621495031823042154e+03
6.675000000000000000e+03 6.671495031823042154e+03
6.725000000000000000e+03 6.721495031823042154e+03
6.775000000000000000e+03 6.771495031823042154e+03
6.825000000000000000e+03 6.821495031823042154e+03
6.875000000000000000e+03 6.871495031823042154e+03
6.925000000000000000e+03 6.921495031823042154e+03
6.975000000000000000e+03 6.971495031823042154e+03
7.025000000000000000e+03 7.021495031823042154e+03
7.075000000000000000e+03 7.071495031823042154e+03
7.125000000000000000e+03 7.121495031823042154e+03
7.175000000000000000e+03 7.171495031823042154e+03
7.225000000000000000e+03 7.221495031823042154e+03
7.275000000000000000e+03 7.271495031823042154e+03
7.325000000000000000e+03 7.321495031823042154e+03
7.375000000000000000e+03 7.371495031823042154e+03
7.425000000000000000e+03 7.421495031823042154e+03
7.475000000000000000e+03 7.471495031823042154e+03
7.525000000000000000e+03 7.521495031823042154e+03
7.575000000000000000e+03 7.571495031823042154e+03
7.625000000000000000e+03 7.621495031823042154e+03
7.675000000000000000e+03 7.671495031823042154e+03
7.725000000000000000e+03 7.721495031823042154e+03
7.775000000000000000e+03 7.771495031823042154e+03
7.825000000000000000e+03 7.821495031823042154e+03
7.875000000000000000e+03 7.871495031823042154e+03
7.925000000000000000e+03 7.921495031823042154e+03
7.975000000000000000e+03 7.971495031823042154e+03
8.025000000000000000e+03 8.021495031823042154e+03
8.075000000000000000e+03 8.071495031823042154e+03
8.125000000000000000e+03 8.121495031823042154e+03
8.175000000000000000e+03 8.171495031823042154e+03
8.225000000000000000e+03 8.221495031823036697e+03
8.275000000000000000e+03 8.271495031823036697e+03
8.325000000000000000e+03 8.321495031823038516e+03
8.375000000000000000e+03 8.371495031823040335e+03
8.425000000000000000e+03 8.421495031823040335e+03
8.475000000000000000e+03 8.471495031823036697e+03
8.525000000000000000e+03 8.521495031823036697e+03
8.575000000000000000e+03 8.571495031823036697e+03
8.625000000000000000e+03 8.621495031823040335e+03
8.675000000000000000e+03 8.671495031823036697e+03
8.725000000000000000e+03 8.721495031823036697e+03
8.775000000000000000e+03 8.771495031823036697e+03
8.825000000000000000e+03 8.821495031823040335e+03
8.875000000000000000e+03 8.871495031823040335e+03
8.925000000000000000e+03 8.921495031823040335e+03
8.975000000000000000e+03 8.971495031823040335e+03
9.025000000000000000e+03 9.021495031823040335e+03
9.075000000000000000e+03 9.071495031823040335e+03
9.125000000000000000e+03 9.121495031823040335e+03
9.175000000000000000e+03 9.171495031823040335e+03
9.225000000000000000e+03 9.221495031823040335e+03
9.275000000000000000e+03 9.271495031823040335e+03
9.325000000000000000e+03 9.321495031823040335e+03
9.375000000000000000e+03 9.371495031823040335e+03
9.425000000000000000e+03 9.421495031823040335e+03
9.475000000000000000e+03 9.471495031823040335e+03
9.525000000000000000e+03 9.521495031823040335e+03
9.575000000000000000e+03 9.571495031823040335e+03
9.625000000000000000e+03 9.621495031823040335e+03
9.675000000000000000e+03 9.671495031823040335e+03
9.725000000000000000e+03 9.721495031823040335e+03
9.775000000000000000e+03 9.771495031823040335e+03
9.825000000000000000e+03 9.821495031823040335e+03
9.875000000000000000e+03 9.871495031823040335e+03
9.925000000000000000e+03 9.921495031823040335e+03
9.975000000000000000e+03 9.971495031823040335e+03
1.002500000000000000e+04 1.002149503182304034e+04
1.007500000000000000e+04 1.007149503182304034e+04
1.012500000000000000e+04 1.012149503182304034e+04
1.017500000000000000e+04 1.017149503182304034e+04
1.022500000000000000e+04 1.022149503182304034e+04
1.027500000000000000e+04 1.027149503182304034e+04
1.032500000000000000e+04 1.032149503182304034e+04
1.037500000000000000e+04 1.037149503182304034e+04
1.042500000000000000e+04 1.042149503182304034e+04
1.047500000000000000e+04 1.047149503182304034e+04
1.052500000000000000e+04 1.052149503182304034e+04
1.057500000000000000e+04 1.057149503182304034e+04
1.062500000000000000e+04 1.062149503182304034e+04
1.067500000000000000e+04 1.067149503182304034e+04
1.072500000000000000e+04 1.072149503182304034e+04
1.077500000000000000e+04 1.077149503182304034e+04
1.082500000000000000e+04 1.082149503182304034e+04
1.087500000000000000e+04 1.087149503182304034e+04
1.092500000000000000e+04 1.092149503182304034e+04
1.097500000000000000e+04 1.097149503182304034e+04
1.102500000000000000e+04 1.102149503182304034e+04
1.107500000000000000e+04 1.107149503182304034e+04
1.112500000000000000e+04 1.112149503182304034e+04
1.117500000000000000e+04 1.117149503182304034e+04
1.122500000000000000e+04 1.122149503182304034e+04
1.127500000000000000e+04 1.127149503182304034e+04
1.132500000000000000e+04 1.132149503182304034e+04
1.137500000000000000e+04 1.137149503182304034e+04
1.142500000000000000e+04 1.142149503182304034e+04
1.147500000000000000e+04 1.147149503182304034e+04
1.152500000000000000e+04 1.152149503182304034e+04
1.157500000000000000e+04 1.157149503182304034e+04
1.162500000000000000e+04 1.162149503182304034e+04
1.167500000000000000e+04 1.167149503182304034e+04
1.172500000000000000e+04 1.172149503182304034e+04
1.177500000000000000e+04 1.177149503182304034e+04
1.182500000000000000e+04 1.182149503182304034e+04
1.187500000000000000e+04 1.187149503182304034e+04
1.192500000000000000e+04 1.192149503182304034e+04
1.197500000000000000e+04 1.197149503182304034e+04
1.202500000000000000e+04 1.202149503182304034e+04
1.207500000000000000e+04 1.207149503182304034e+04
1.212500000000000000e+04 1.212149503182304034e+04
1.217500000000000000e+04 1.217149503182304034e+04
1.222500000000000000e+04 1.222149503182304034e+04
1.227500000000000000e+04 1.227149503182304034e+04
1.232500000000000000e+04 1.232149503182304034e+04
1.237500000000000000e+04 1.237149503182304034e+04
1.242500000000000000e+04 1.242149503182304034e+04
1.247500000000000000e+04 1.247149503182304034e+04
1.252500000000000000e+04 1.252149503182304034e+04
1.257500000000000000e+04 1.257149503182304034e+04
1.262500000000000000e+04 1.262149503182304034e+04
1.267500000000000000e+04 1.267149503182304034e+04
1.272500000000000000e+04 1.272149503182304034e+04
1.277500000000000000e+04 1.277149503182304034e+04
1.282500000000000000e+04 1.282149503182304034e+04
1.287500000000000000e+04 1.287149503182304034e+04
1.292500000000000000e+04 1.292149503182304034e+04
1.297500000000000000e+04 1.297149503182304034e+04
1.302500000000000000e+04 1.302149503182304034e+04
1.307500000000000000e+04 1.307149503182304034e+04
1.312500000000000000e+04 1.312149503182304034e+04
1.317500000000000000e+04 1.317149503182304034e+04
1.322500000000000000e+04 1.322149503182304034e+04
1.327500000000000000e+04 1.327149503182304034e+04
1.332500000000000000e+04 1.332149503182304034e+04
1.337500000000000000e+04 1.337149503182304034e+04
1.342500000000000000e+04 1.342149503182304034e+04
1.347500000000000000e+04 1.347149503182304034e+04
1.352500000000000000e+04 1.352149503182304034e+04
1.357500000000000000e+04 1.357149503182304034e+04
1.362500000000000000e+04 1.362149503182304034e+04
1.367500000000000000e+04 1.367149503182304034e+04
1.372500000000000000e+04 1.372149503182304034e+04
1.377500000000000000e+04 1.377149503182304034e+04
1.382500000000000000e+04 1.382149503182304034e+04
1.387500000000000000e+04 1.387149503182304034e+04
1.392500000000000000e+04 1.392149503182304034e+04
1.397500000000000000e+04 1.397149503182304034e+04
1.402500000000000000e+04 1.402149503182304034e+04
1.407500000000000000e+04 1.407149503182304034e+04
1.412500000000000000e+04 1.412149503182304034e+04
1.417500000000000000e+04 1.417149503182304034e+04
1.422500000000000000e+04 1.422149503182304034e+04
1.427500000000000000e+04 1.427149503182304034e+04
1.432500000000000000e+04 1.432149503182304034e+04
1.437500000000000000e+04 1.437149503182304034e+04
1.442500000000000000e+04 1.442149503182304034e+04
1.447500000000000000e+04 1.447149503182304034e+04
1.452500000000000000e+04 1.452149503182304034e+04
1.457500000000000000e+04 1.457149503182304034e+04
1.462500000000000000e+04 1.462149503182304034e+04
1.467500000000000000e+04 1.467149503182304034e+04
1.472500000000000000e+04 1.472149503182304034e+04
1.477500000000000000e+04 1.477149503182304034e+04
1.482500000000000000e+04 1.482149503182304034e+04
1.487500000000000000e+04 1.487149503182304034e+04
1.492500000000000000e+04 1.492149503182304034e+04
1.497500000000000000e+04 1.497149503182304034e+04
1.502500000000000000e+04 1.502149503182304034e+04
1.507500000000000000e+04 1.507149503182304034e+04
1.512500000000000000e+04 1.512149503182304034e+04
1.517500000000000000e+04 1.517149503182304034e+04
1.522500000000000000e+04 1.522149503182304034e+04
1.527500000000000000e+04 1.527149503182304034e+04
1.532500000000000000e+04 1.532149503182304034e+04
1.537500000000000000e+04 1.537149503182304034e+04
1.542500000000000000e+04 1.542149503182304034e+04
1.547500000000000000e+04 1.547149503182304034e+04
1.552500000000000000e+04 1.552149503182304034e+04
1.557500000000000000e+04 1.557149503182304034e+04
1.562500000000000000e+04 1.562149503182304034e+04
1.567500000000000000e+04 1.567149503182304034e+04
1.572500000000000000e+04 1.572149503182304034e+04
1.577500000000000000e+04 1.577149503182304034e+04
1.582500000000000000e+04 1.582149503182304034e+04
1.587500000000000000e+04 1.587149503182304034e+04
1.592500000000000000e+04 1.592149503182304034e+04
1.597500000000000000e+04 1.597149503182304034e+04
1.602500000000000000e+04 1.602149503182304034e+04
1.607500000000000000e+04 1.607149503182304034e+04
1.612500000000000000e+04 1.612149503182304034e+04
1.617500000000000000e+04 1.617149503182304034e+04
1.622500000000000000e+04 1.622149503182304034e+04
1.627500000000000000e+04 1.627149503182304034e+04
1.632500000000000000e+04 1.632149503182304034e+04
1.637500000000000000e+04 1.637149503182304034e+04
1.642500000000000000e+04 1.642149503182304034e+04
1.647500000000000000e+04 1.647149503182304397e+04
1.652500000000000000e+04 1.652149503182304397e+04
1.657500000000000000e+04 1.657149503182304034e+04
1.662500000000000000e+04 1.662149503182304034e+04
1.667500000000000000e+04 1.667149503182304397e+04
1.672500000000000000e+04 1.672149503182304034e+04
1.677500000000000000e+04 1.677149503182304034e+04
1.682500000000000000e+04 1.682149503182304034e+04
1.687500000000000000e+04 1.687149503182303306e+04
1.692500000000000000e+04 1.692149503182303306e+04
1.697500000000000000e+04 1.697149503182304034e+04
1.702500000000000000e+04 1.702149503182304034e+04
1.707500000000000000e+04 1.707149503182304034e+04
1.712500000000000000e+04 1.712149503182304034e+04
1.717500000000000000e+04 1.717149503182304034e+04
1.722500000000000000e+04 1.722149503182304034e+04
1.727500000000000000e+04 1.727149503182304034e+04
1.732500000000000000e+04 1.732149503182304034e+04
1.737500000000000000e+04 1.737149503182304034e+04
1.742500000000000000e+04 1.742149503182304034e+04
1.747500000000000000e+04 1.747149503182304034e+04
1.752500000000000000e+04 1.752149503182304034e+04
1.757500000000000000e+04 1.757149503182304034e+04
1.762500000000000000e+04 1.762149503182304034e+04
1.767500000000000000e+04 1.767149503182304034e+04
1.772500000000000000e+04 1.772149503182304034e+04
1.777500000000000000e+04 1.777149503182304034e+04
1.782500000000000000e+04 1.782149503182304034e+04
1.787500000000000000e+04 1.787149503182304034e+04
1.792500000000000000e+04 1.792149503182304034e+04
1.797500000000000000e+04 1.797149503182304034e+04
1.802500000000000000e+04 1.802149503182304034e+04
1.807500000000000000e+04 1.807149503182304034e+04
1.812500000000000000e+04 1.812149503182304034e+04
1.817500000000000000e+04 1.817149503182304034e+04
1.822500000000000000e+04 1.822149503182304034e+04
1.827500000000000000e+04 1.827149503182304034e+04
1.832500000000000000e+04 1.832149503182304034e+04
1.837500000000000000e+04 1.837149503182304034e+04
1.842500000000000000e+04 1.842149503182304034e+04
1.847500000000000000e+04 1.847149503182304034e+04
1.852500000000000000e+04 1.852149503182304034e+04
1.857500000000000000e+04 1.857149503182304034e+04
1.862500000000000000e+04 1.862149503182304034e+04
1.867500000000000000e+04 1.867149503182304034e+04
1.872500000000000000e+04 1.872149503182304034e+04
1.877500000000000000e+04 1.877149503182304034e+04
1.882500000000000000e+04 1.882149503182304034e+04
1.887500000000000000e+04 1.887149503182304034e+04
1.892500000000000000e+04 1.892149503182304034e+04
1.897500000000000000e+04 1.897149503182304034e+04
1.902500000000000000e+04 1.902149503182304034e+04
1.907500000000000000e+04 1.907149503182304034e+04
1.912500000000000000e+04 1.912149503182304034e+04
1.917500000000000000e+04 1.917149503182304034e+04
1.922500000000000000e+04 1.922149503182304034e+04
1.927500000000000000e+04 1.927149503182304034e+04
1.932500000000000000e+04 1.932149503182304034e+04
1.937500000000000000e+04 1.937149503182304034e+04
1.942500000000000000e+04 1.942149503182304034e+04
1.947500000000000000e+04 1.947149503182304034e+04
1.952500000000000000e+04 1.952149503182304034e+04
1.957500000000000000e+04 1.957149503182304034e+04
1.962500000000000000e+04 1.962149503182304034e+04
1.967500000000000000e+04 1.967149503182304034e+04
1.972500000000000000e+04 1.972149503182304034e+04
1.977500000000000000e+04 1.977149503182304034e+04
1.982500000000000000e+04 1.982149503182304034e+04
1.987500000000000000e+04 1.987149503182304034e+04
1.992500000000000000e+04 1.992149503182304034e+04
