1.225000000000000000e+03 1.223548616531502375e+03
1.275000000000000000e+03 1.273548616531502375e+03
1.325000000000000000e+03 1.323548616531502375e+03
1.375000000000000000e+03 1.373548616531502375e+03
1.425000000000000000e+03 1.423548616531502375e+03
1.475000000000000000e+03 1.473548616531502830e+03
1.525000000000000000e+03 1.523548616531503285e+03
1.575000000000000000e+03 1.573548616531503285e+03
1.625000000000000000e+03 1.623548616531503285e+03
1.675000000000000000e+03 1.673548616531503285e+03
1.725000000000000000e+03 1.723548616531503285e+03
1.775000000000000000e+03 1.773548616531503285e+03
1.825000000000000000e+03 1.823548616531502830e+03
1.875000000000000000e+03 1.873548616531503285e+03
1.925000000000000000e+03 1.923548616531503285e+03
1.975000000000000000e+03 1.973548616531503285e+03
2.025000000000000000e+03 2.023548616531503285e+03
2.075000000000000000e+03 2.073548616531502375e+03
2.125000000000000000e+03 2.123548616531503740e+03
2.175000000000000000e+03 2.173548616531503740e+03
2.225000000000000000e+03 2.223548616531505559e+03
2.275000000000000000e+03 2.273548616531503740e+03
2.325000000000000000e+03 2.323548616531502830e+03
2.375000000000000000e+03 2.373548616531502830e+03
2.425000000000000000e+03 2.423548616531502830e+03
2.475000000000000000e+03 2.473548616531502830e+03
2.525000000000000000e+03 2.523548616531501921e+03
2.575000000000000000e+03 2.573548616531501011e+03
2.625000000000000000e+03 2.623548616531500102e+03
2.675000000000000000e+03 2.673548616531500102e+03
2.725000000000000000e+03 2.723548616531501011e+03
2.775000000000000000e+03 2.773548616531501011e+03
2.825000000000000000e+03 2.823548616531501011e+03
2.875000000000000000e+03 2.873548616531501011e+03
2.925000000000000000e+03 2.923548616531501921e+03
2.975000000000000000e+03 2.973548616531501011e+03
3.025000000000000000e+03 3.023548616531501011e+03
3.075000000000000000e+03 3.073548616531501011e+03
3.125000000000000000e+03 3.123548616531501011e+03
3.175000000000000000e+03 3.173548616531500102e+03
3.225000000000000000e+03 3.223548616531500102e+03
3.275000000000000000e+03 3.273548616531500102e+03
3.325000000000000000e+03 3.323548616531500102e+03
3.375000000000000000e+03 3.373548616531500102e+03
3.425000000000000000e+03 3.423548616531500102e+03
3.475000000000000000e+03 3.473548616531500102e+03
3.525000000000000000e+03 3.523548616531500102e+03
3.575000000000000000e+03 3.573548616531500102e+03
3.625000000000000000e+03 3.623548616531500102e+03
3.675000000000000000e+03 3.673548616531500102e+03
3.725000000000000000e+03 3.723548616531500102e+03
3.775000000000000000e+03 3.773548616531500102e+03
3.825000000000000000e+03 3.823548616531500102e+03
3.875000000000000000e+03 3.873548616531500102e+03
3.925000000000000000e+03 3.923548616531500102e+03
3.975000000000000000e+03 3.973548616531500102e+03
4.025000000000000000e+03 4.023548616531500102e+03
4.075000000000000000e+03 4.073548616531500102e+03
4.125000000000000000e+03 4.123548616531501466e+03
4.175000000000000000e+03 4.173548616531499647e+03
4.225000000000000000e+03 4.223548616531500556e+03
4.275000000000000000e+03 4.273548616531499647e+03
4.325000000000000000e+03 4.323548616531499647e+03
4.375000000000000000e+03 4.373548616531503285e+03
4.425000000000000000e+03 4.423548616531501466e+03
4.475000000000000000e+03 4.473548616531497828e+03
4.525000000000000000e+03 4.523548616531497828e+03
4.575000000000000000e+03 4.573548616531497828e+03
4.625000000000000000e+03 4.623548616531497828e+03
4.675000000000000000e+03 4.673548616531497828e+03
4.725000000000000000e+03 4.723548616531497828e+03
4.775000000000000000e+03 4.773548616531497828e+03
4.825000000000000000e+03 4.823548616531499647e+03
4.875000000000000000e+03 4.873548616531499647e+03
4.925000000000000000e+03 4.923548616531499647e+03
4.975000000000000000e+03 4.973548616531501466e+03
5.025000000000000000e+03 5.023548616531503285e+03
5.075000000000000000e+03 5.073548616531503285e+03
5.125000000000000000e+03 5.123548616531503285e+03
5.175000000000000000e+03 5.173548616531505104e+03
5.225000000000000000e+03 5.223548616531506923e+03
5.275000000000000000e+03 5.273548616531505104e+03
5.325000000000000000e+03 5.323548616531505104e+03
5.375000000000000000e+03 5.373548616531505104e+03
5.425000000000000000e+03 5.423548616531505104e+03
5.475000000000000000e+03 5.473548616531505104e+03
5.525000000000000000e+03 5.523548616531505104e+03
5.575000000000000000e+03 5.573548616531505104e+03
5.625000000000000000e+03 5.623548616531505104e+03
5.675000000000000000e+03 5.673548616531505104e+03
5.725000000000000000e+03 5.723548616531505104e+03
5.775000000000000000e+03 5.773548616531505104e+03
5.825000000000000000e+03 5.823548616531505104e+03
5.875000000000000000e+03 5.873548616531505104e+03
5.925000000000000000e+03 5.923548616531505104e+03
5.975000000000000000e+03 5.973548616531505104e+03
6.025000000000000000e+03 6.023548616531505104e+03
6.075000000000000000e+03 6.073548616531505104e+03
6.125000000000000000e+03 6.123548616531505104e+03
6.175000000000000000e+03 6.173548616531505104e+03
6.225000000000000000e+03 6.223548616531505104e+03
6.275000000000000000e+03 6.273548616531505104e+03
6.325000000000000000e+03 6.323548616531505104e+03
6.375000000000000000e+03 6.373548616531505104e+03
6.425000000000000000e+03 6.423548616531505104e+03
6.475000000000000000e+03 6.473548616531505104e+03
6.525000000000000000e+03 6.523548616531505104e+03
6.575000000000000000e+03 6.573548616531505104e+03
6.625000000000000000e+03 6.623548616531505104e+03
6.675000000000000000e+03 6.673548616531505104e+03
6.725000000000000000e+03 6.723548616531505104e+03
6.775000000000000000e+03 6.773548616531505104e+03
6.825000000000000000e+03 6.823548616531505104e+03
6.875000000000000000e+03 6.873548616531505104e+03
6.925000000000000000e+03 6.923548616531505104e+03
6.975000000000000000e+03 6.973548616531505104e+03
7.025000000000000000e+03 7.023548616531505104e+03
7.075000000000000000e+03 7.073548616531505104e+03
7.125000000000000000e+03 7.123548616531505104e+03
7.175000000000000000e+03 7.173548616531505104e+03
7.225000000000000000e+03 7.223548616531505104e+03
7.275000000000000000e+03 7.273548616531505104e+03
7.325000000000000000e+03 7.323548616531505104e+03
7.375000000000000000e+03 7.373548616531505104e+03
7.425000000000000000e+03 7.423548616531505104e+03
7.475000000000000000e+03 7.473548616531505104e+03
7.525000000000000000e+03 7.523548616531505104e+03
7.575000000000000000e+03 7.573548616531505104e+03
7.625000000000000000e+03 7.623548616531505104e+03
7.675000000000000000e+03 7.673548616531505104e+03
7.725000000000000000e+03 7.723548616531505104e+03
7.775000000000000000e+03 7.773548616531505104e+03
7.825000000000000000e+03 7.823548616531505104e+03
7.875000000000000000e+03 7.873548616531505104e+03
7.925000000000000000e+03 7.923548616531505104e+03
7.975000000000000000e+03 7.973548616531505104e+03
8.025000000000000000e+03 8.023548616531505104e+03
8.075000000000000000e+03 8.073548616531505104e+03
8.125000000000000000e+03 8.123548616531505104e+03
8.175000000000000000e+03 8.173548616531505104e+03
8.225000000000000000e+03 8.223548616531503285e+03
8.275000000000000000e+03 8.273548616531503285e+03
8.325000000000000000e+03 8.323548616531503285e+03
8.375000000000000000e+03 8.373548616531506923e+03
8.425000000000000000e+03 8.423548616531506923e+03
8.475000000000000000e+03 8.473548616531506923e+03
8.525000000000000000e+03 8.523548616531510561e+03
8.575000000000000000e+03 8.573548616531510561e+03
8.625000000000000000e+03 8.623548616531514199e+03
8.675000000000000000e+03 8.673548616531510561e+03
8.725000000000000000e+03 8.723548616531510561e+03
8.775000000000000000e+03 8.773548616531510561e+03
8.825000000000000000e+03 8.823548616531510561e+03
8.875000000000000000e+03 8.873548616531506923e+03
8.925000000000000000e+03 8.923548616531506923e+03
8.975000000000000000e+03 8.973548616531510561e+03
9.025000000000000000e+03 9.023548616531510561e+03
9.075000000000000000e+03 9.073548616531506923e+03
9.125000000000000000e+03 9.123548616531503285e+03
9.175000000000000000e+03 9.173548616531506923e+03
9.225000000000000000e+03 9.223548616531506923e+03
9.275000000000000000e+03 9.273548616531503285e+03
9.325000000000000000e+03 9.323548616531503285e+03
9.375000000000000000e+03 9.373548616531503285e+03
9.425000000000000000e+03 9.423548616531503285e+03
9.475000000000000000e+03 9.473548616531503285e+03
9.525000000000000000e+03 9.523548616531503285e+03
9.575000000000000000e+03 9.573548616531503285e+03
9.625000000000000000e+03 9.623548616531503285e+03
9.675000000000000000e+03 9.673548616531503285e+03
9.725000000000000000e+03 9.723548616531503285e+03
9.775000000000000000e+03 9.773548616531503285e+03
9.825000000000000000e+03 9.823548616531503285e+03
9.875000000000000000e+03 9.873548616531503285e+03
9.925000000000000000e+03 9.923548616531503285e+03
9.975000000000000000e+03 9.973548616531503285e+03
1.002500000000000000e+04 1.002354861653150328e+04
1.007500000000000000e+04 1.007354861653150328e+04
1.012500000000000000e+04 1.012354861653150328e+04
1.017500000000000000e+04 1.017354861653150328e+04
1.022500000000000000e+04 1.022354861653150328e+04
1.027500000000000000e+04 1.027354861653150328e+04
1.032500000000000000e+04 1.032354861653150328e+04
1.037500000000000000e+04 1.037354861653150328e+04
1.042500000000000000e+04 1.042354861653150328e+04
1.047500000000000000e+04 1.047354861653150328e+04
1.052500000000000000e+04 1.052354861653150328e+04
1.057500000000000000e+04 1.057354861653150328e+04
1.062500000000000000e+04 1.062354861653150328e+04
1.067500000000000000e+04 1.067354861653150328e+04
1.072500000000000000e+04 1.072354861653150328e+04
1.077500000000000000e+04 1.077354861653150328e+04
1.082500000000000000e+04 1.082354861653150328e+04
1.087500000000000000e+04 1.087354861653150328e+04
1.092500000000000000e+04 1.092354861653150328e+04
1.097500000000000000e+04 1.097354861653150328e+04
1.102500000000000000e+04 1.102354861653150328e+04
1.107500000000000000e+04 1.107354861653150328e+04
1.112500000000000000e+04 1.112354861653150328e+04
1.117500000000000000e+04 1.117354861653150328e+04
1.122500000000000000e+04 1.122354861653150328e+04
1.127500000000000000e+04 1.127354861653150328e+04
1.132500000000000000e+04 1.132354861653150328e+04
1.137500000000000000e+04 1.137354861653150328e+04
1.142500000000000000e+04 1.142354861653150328e+04
1.147500000000000000e+04 1.147354861653150328e+04
1.152500000000000000e+04 1.152354861653150328e+04
1.157500000000000000e+04 1.157354861653150328e+04
1.162500000000000000e+04 1.162354861653150328e+04
1.167500000000000000e+04 1.167354861653150328e+04
1.172500000000000000e+04 1.172354861653150328e+04
1.177500000000000000e+04 1.177354861653150328e+04
1.182500000000000000e+04 1.182354861653150328e+04
1.187500000000000000e+04 1.187354861653150328e+04
1.192500000000000000e+04 1.192354861653150328e+04
1.197500000000000000e+04 1.197354861653150328e+04
1.202500000000000000e+04 1.202354861653150328e+04
1.207500000000000000e+04 1.207354861653150328e+04
1.212500000000000000e+04 1.212354861653150328e+04
1.217500000000000000e+04 1.217354861653150328e+04
1.222500000000000000e+04 1.222354861653150328e+04
1.227500000000000000e+04 1.227354861653150328e+04
1.232500000000000000e+04 1.232354861653150328e+04
1.237500000000000000e+04 1.237354861653150328e+04
1.242500000000000000e+04 1.242354861653150328e+04
1.247500000000000000e+04 1.247354861653150328e+04
1.252500000000000000e+04 1.252354861653150328e+04
1.257500000000000000e+04 1.257354861653150328e+04
1.262500000000000000e+04 1.262354861653150328e+04
1.267500000000000000e+04 1.267354861653150328e+04
1.272500000000000000e+04 1.272354861653150328e+04
1.277500000000000000e+04 1.277354861653150328e+04
1.282500000000000000e+04 1.282354861653150328e+04
1.287500000000000000e+04 1.287354861653150328e+04
1.292500000000000000e+04 1.292354861653150328e+04
1.297500000000000000e+04 1.297354861653150328e+04
1.302500000000000000e+04 1.302354861653150328e+04
1.307500000000000000e+04 1.307354861653150328e+04
1.312500000000000000e+04 1.312354861653150328e+04
1.317500000000000000e+04 1.317354861653150328e+04
1.322500000000000000e+04 1.322354861653150328e+04
1.327500000000000000e+04 1.327354861653150328e+04
1.332500000000000000e+04 1.332354861653150328e+04
1.337500000000000000e+04 1.337354861653150328e+04
1.342500000000000000e+04 1.342354861653150328e+04
1.347500000000000000e+04 1.347354861653150328e+04
1.352500000000000000e+04 1.352354861653150328e+04
1.357500000000000000e+04 1.357354861653150328e+04
1.362500000000000000e+04 1.362354861653150328e+04
1.367500000000000000e+04 1.367354861653150328e+04
1.372500000000000000e+04 1.372354861653150328e+04
1.377500000000000000e+04 1.377354861653150328e+04
1.382500000000000000e+04 1.382354861653150328e+04
1.387500000000000000e+04 1.387354861653150328e+04
1.392500000000000000e+04 1.392354861653150328e+04
1.397500000000000000e+04 1.397354861653150328e+04
1.402500000000000000e+04 1.402354861653150328e+04
1.407500000000000000e+04 1.407354861653150328e+04
1.412500000000000000e+04 1.412354861653150328e+04
1.417500000000000000e+04 1.417354861653150328e+04
1.422500000000000000e+04 1.422354861653150328e+04
1.427500000000000000e+04 1.427354861653150328e+04
1.432500000000000000e+04 1.432354861653150328e+04
1.437500000000000000e+04 1.437354861653150328e+04
1.442500000000000000e+04 1.442354861653150328e+04
1.447500000000000000e+04 1.447354861653150328e+04
1.452500000000000000e+04 1.452354861653150328e+04
1.457500000000000000e+04 1.457354861653150328e+04
1.462500000000000000e+04 1.462354861653150328e+04
1.467500000000000000e+04 1.467354861653150328e+04
1.472500000000000000e+04 1.472354861653150328e+04
1.477500000000000000e+04 1.477354861653150328e+04
1.482500000000000000e+04 1.482354861653150328e+04
1.487500000000000000e+04 1.487354861653150328e+04
1.492500000000000000e+04 1.492354861653150328e+04
1.497500000000000000e+04 1.497354861653150328e+04
1.502500000000000000e+04 1.502354861653150328e+04
1.507500000000000000e+04 1.507354861653150328e+04
1.512500000000000000e+04 1.512354861653150328e+04
1.517500000000000000e+04 1.517354861653150328e+04
1.522500000000000000e+04 1.522354861653150328e+04
1.527500000000000000e+04 1.527354861653150328e+04
1.532500000000000000e+04 1.532354861653150328e+04
1.537500000000000000e+04 1.537354861653150328e+04
1.542500000000000000e+04 1.542354861653150328e+04
1.547500000000000000e+04 1.547354861653150328e+04
1.552500000000000000e+04 1.552354861653150328e+04
1.557500000000000000e+04 1.557354861653150328e+04
1.562500000000000000e+04 1.562354861653150328e+04
1.567500000000000000e+04 1.567354861653150328e+04
1.572500000000000000e+04 1.572354861653150328e+04
1.577500000000000000e+04 1.577354861653150328e+04
1.582500000000000000e+04 1.582354861653150328e+04
1.587500000000000000e+04 1.587354861653150328e+04
1.592500000000000000e+04 1.592354861653150328e+04
1.597500000000000000e+04 1.597354861653150328e+04
1.602500000000000000e+04 1.602354861653150328e+04
1.607500000000000000e+04 1.607354861653150328e+04
1.612500000000000000e+04 1.612354861653150328e+04
1.617500000000000000e+04 1.617354861653150328e+04
1.622500000000000000e+04 1.622354861653150328e+04
1.627500000000000000e+04 1.627354861653150328e+04
1.632500000000000000e+04 1.632354861653150328e+04
1.637500000000000000e+04 1.637354861653150328e+04
1.642500000000000000e+04 1.642354861653150510e+04
1.647500000000000000e+04 1.647354861653150147e+04
1.652500000000000000e+04 1.652354861653150510e+04
1.657500000000000000e+04 1.657354861653150147e+04
1.662500000000000000e+04 1.662354861653149783e+04
1.667500000000000000e+04 1.667354861653149055e+04
1.672500000000000000e+04 1.672354861653148691e+04
1.677500000000000000e+04 1.677354861653148691e+04
1.682500000000000000e+04 1.682354861653148691e+04
1.687500000000000000e+04 1.687354861653148691e+04
1.692500000000000000e+04 1.692354861653148691e+04
1.697500000000000000e+04 1.697354861653148691e+04
1.702500000000000000e+04 1.702354861653148691e+04
1.707500000000000000e+04 1.707354861653148691e+04
1.712500000000000000e+04 1.712354861653147964e+04
1.717500000000000000e+04 1.717354861653147964e+04
1.722500000000000000e+04 1.722354861653147964e+04
1.727500000000000000e+04 1.727354861653147964e+04
1.732500000000000000e+04 1.732354861653147964e+04
1.737500000000000000e+04 1.737354861653147964e+04
1.742500000000000000e+04 1.742354861653147964e+04
1.747500000000000000e+04 1.747354861653147964e+04
1.752500000000000000e+04 1.752354861653147964e+04
1.757500000000000000e+04 1.757354861653147964e+04
1.762500000000000000e+04 1.762354861653147964e+04
1.767500000000000000e+04 1.767354861653147964e+04
1.772500000000000000e+04 1.772354861653147964e+04
1.777500000000000000e+04 1.777354861653147964e+04
1.782500000000000000e+04 1.782354861653147964e+04
1.787500000000000000e+04 1.787354861653147964e+04
1.792500000000000000e+04 1.792354861653147964e+04
1.797500000000000000e+04 1.797354861653147964e+04
1.802500000000000000e+04 1.802354861653147964e+04
1.807500000000000000e+04 1.807354861653147964e+04
1.812500000000000000e+04 1.812354861653147964e+04
1.817500000000000000e+04 1.817354861653147964e+04
1.822500000000000000e+04 1.822354861653147964e+04
1.827500000000000000e+04 1.827354861653147964e+04
1.832500000000000000e+04 1.832354861653147964e+04
1.837500000000000000e+04 1.837354861653147964e+04
1.842500000000000000e+04 1.842354861653147964e+04
1.847500000000000000e+04 1.847354861653147964e+04
1.852500000000000000e+04 1.852354861653147964e+04
1.857500000000000000e+04 1.857354861653147964e+04
1.862500000000000000e+04 1.862354861653147964e+04
1.867500000000000000e+04 1.867354861653147964e+04
1.872500000000000000e+04 1.872354861653147964e+04
1.877500000000000000e+04 1.877354861653147964e+04
1.882500000000000000e+04 1.882354861653147964e+04
1.887500000000000000e+04 1.887354861653147964e+04
1.892500000000000000e+04 1.892354861653147964e+04
1.897500000000000000e+04 1.897354861653147964e+04
1.902500000000000000e+04 1.902354861653147964e+04
1.907500000000000000e+04 1.907354861653147964e+04
1.912500000000000000e+04 1.912354861653147964e+04
1.917500000000000000e+04 1.917354861653147964e+04
1.922500000000000000e+04 1.922354861653147964e+04
1.927500000000000000e+04 1.927354861653147964e+04
1.932500000000000000e+04 1.932354861653147964e+04
1.937500000000000000e+04 1.937354861653147964e+04
1.942500000000000000e+04 1.942354861653147964e+04
1.947500000000000000e+04 1.947354861653147964e+04
1.952500000000000000e+04 1.952354861653147964e+04
1.957500000000000000e+04 1.957354861653147964e+04
1.962500000000000000e+04 1.962354861653147964e+04
1.967500000000000000e+04 1.967354861653147964e+04
1.972500000000000000e+04 1.972354861653147964e+04
1.977500000000000000e+04 1.977354861653147964e+04
1.982500000000000000e+04 1.982354861653147964e+04
1.987500000000000000e+04 1.987354861653147964e+04
1.992500000000000000e+04 1.992354861653147964e+04
