1.225000000000000000e+03 1.221549300151487842e+03
1.275000000000000000e+03 1.271549300151487387e+03
1.325000000000000000e+03 1.321549300151487387e+03
1.375000000000000000e+03 1.371549300151486932e+03
1.425000000000000000e+03 1.421549300151487387e+03
1.475000000000000000e+03 1.471549300151487387e+03
1.525000000000000000e+03 1.521549300151487387e+03
1.575000000000000000e+03 1.571549300151487387e+03
1.625000000000000000e+03 1.621549300151486932e+03
1.675000000000000000e+03 1.671549300151486932e+03
1.725000000000000000e+03 1.721549300151486932e+03
1.775000000000000000e+03 1.771549300151486932e+03
1.825000000000000000e+03 1.821549300151486932e+03
1.875000000000000000e+03 1.871549300151486932e+03
1.925000000000000000e+03 1.921549300151486932e+03
1.975000000000000000e+03 1.971549300151486932e+03
2.025000000000000000e+03 2.021549300151486932e+03
2.075000000000000000e+03 2.071549300151488296e+03
2.125000000000000000e+03 2.121549300151488296e+03
2.175000000000000000e+03 2.171549300151489206e+03
2.225000000000000000e+03 2.221549300151489206e+03
2.275000000000000000e+03 2.271549300151489206e+03
2.325000000000000000e+03 2.321549300151489206e+03
2.375000000000000000e+03 2.371549300151491025e+03
2.425000000000000000e+03 2.421549300151491025e+03
2.475000000000000000e+03 2.471549300151490115e+03
2.525000000000000000e+03 2.521549300151490115e+03
2.575000000000000000e+03 2.571549300151488296e+03
2.625000000000000000e+03 2.621549300151489206e+03
2.675000000000000000e+03 2.671549300151489206e+03
2.725000000000000000e+03 2.721549300151489206e+03
2.775000000000000000e+03 2.771549300151489206e+03
2.825000000000000000e+03 2.821549300151490115e+03
2.875000000000000000e+03 2.871549300151490115e+03
2.925000000000000000e+03 2.921549300151491025e+03
2.975000000000000000e+03 2.971549300151491025e+03
3.025000000000000000e+03 3.021549300151491025e+03
3.075000000000000000e+03 3.071549300151491025e+03
3.125000000000000000e+03 3.121549300151491934e+03
3.175000000000000000e+03 3.171549300151491934e+03
3.225000000000000000e+03 3.221549300151491934e+03
3.275000000000000000e+03 3.271549300151490115e+03
3.325000000000000000e+03 3.321549300151490115e+03
3.375000000000000000e+03 3.371549300151490115e+03
3.425000000000000000e+03 3.421549300151490115e+03
3.475000000000000000e+03 3.471549300151490115e+03
3.525000000000000000e+03 3.521549300151490115e+03
3.575000000000000000e+03 3.571549300151490115e+03
3.625000000000000000e+03 3.621549300151490115e+03
3.675000000000000000e+03 3.671549300151490115e+03
3.725000000000000000e+03 3.721549300151490115e+03
3.775000000000000000e+03 3.771549300151490115e+03
3.825000000000000000e+03 3.821549300151490115e+03
3.875000000000000000e+03 3.871549300151490115e+03
3.925000000000000000e+03 3.921549300151490115e+03
3.975000000000000000e+03 3.971549300151490115e+03
4.025000000000000000e+03 4.021549300151490115e+03
4.075000000000000000e+03 4.071549300151490115e+03
4.125000000000000000e+03 4.121549300151487842e+03
4.175000000000000000e+03 4.171549300151487842e+03
4.225000000000000000e+03 4.221549300151488751e+03
4.275000000000000000e+03 4.271549300151489660e+03
4.325000000000000000e+03 4.321549300151489660e+03
4.375000000000000000e+03 4.371549300151489660e+03
4.425000000000000000e+03 4.421549300151486023e+03
4.475000000000000000e+03 4.471549300151487842e+03
4.525000000000000000e+03 4.521549300151487842e+03
4.575000000000000000e+03 4.571549300151486023e+03
4.625000000000000000e+03 4.621549300151486023e+03
4.675000000000000000e+03 4.671549300151487842e+03
4.725000000000000000e+03 4.721549300151487842e+03
4.775000000000000000e+03 4.771549300151486023e+03
4.825000000000000000e+03 4.821549300151486023e+03
4.875000000000000000e+03 4.871549300151486023e+03
4.925000000000000000e+03 4.921549300151484204e+03
4.975000000000000000e+03 4.971549300151482385e+03
5.025000000000000000e+03 5.021549300151480566e+03
5.075000000000000000e+03 5.071549300151480566e+03
5.125000000000000000e+03 5.121549300151480566e+03
5.175000000000000000e+03 5.171549300151480566e+03
5.225000000000000000e+03 5.221549300151480566e+03
5.275000000000000000e+03 5.271549300151480566e+03
5.325000000000000000e+03 5.321549300151480566e+03
5.375000000000000000e+03 5.371549300151480566e+03
5.425000000000000000e+03 5.421549300151480566e+03
5.475000000000000000e+03 5.471549300151480566e+03
5.525000000000000000e+03 5.521549300151480566e+03
5.575000000000000000e+03 5.571549300151480566e+03
5.625000000000000000e+03 5.621549300151480566e+03
5.675000000000000000e+03 5.671549300151480566e+03
5.725000000000000000e+03 5.721549300151480566e+03
5.775000000000000000e+03 5.771549300151480566e+03
5.825000000000000000e+03 5.821549300151480566e+03
5.875000000000000000e+03 5.871549300151480566e+03
5.925000000000000000e+03 5.921549300151480566e+03
5.975000000000000000e+03 5.971549300151480566e+03
6.025000000000000000e+03 6.021549300151480566e+03
6.075000000000000000e+03 6.071549300151480566e+03
6.125000000000000000e+03 6.121549300151480566e+03
6.175000000000000000e+03 6.171549300151480566e+03
6.225000000000000000e+03 6.221549300151480566e+03
6.275000000000000000e+03 6.271549300151480566e+03
6.325000000000000000e+03 6.321549300151480566e+03
6.375000000000000000e+03 6.371549300151480566e+03
6.425000000000000000e+03 6.421549300151480566e+03
6.475000000000000000e+03 6.471549300151480566e+03
6.525000000000000000e+03 6.521549300151480566e+03
6.575000000000000000e+03 6.571549300151480566e+03
6.625000000000000000e+03 6.621549300151480566e+03
6.675000000000000000e+03 6.671549300151480566e+03
6.725000000000000000e+03 6.721549300151480566e+03
6.775000000000000000e+03 6.771549300151480566e+03
6.825000000000000000e+03 6.821549300151480566e+03
6.875000000000000000e+03 6.871549300151480566e+03
6.925000000000000000e+03 6.921549300151480566e+03
6.975000000000000000e+03 6.971549300151480566e+03
7.025000000000000000e+03 7.021549300151480566e+03
7.075000000000000000e+03 7.071549300151480566e+03
7.125000000000000000e+03 7.121549300151480566e+03
7.175000000000000000e+03 7.171549300151480566e+03
7.225000000000000000e+03 7.221549300151480566e+03
7.275000000000000000e+03 7.271549300151480566e+03
7.325000000000000000e+03 7.321549300151480566e+03
7.375000000000000000e+03 7.371549300151480566e+03
7.425000000000000000e+03 7.421549300151480566e+03
7.475000000000000000e+03 7.471549300151480566e+03
7.525000000000000000e+03 7.521549300151480566e+03
7.575000000000000000e+03 7.571549300151480566e+03
7.625000000000000000e+03 7.621549300151480566e+03
7.675000000000000000e+03 7.671549300151480566e+03
7.725000000000000000e+03 7.721549300151480566e+03
7.775000000000000000e+03 7.771549300151480566e+03
7.825000000000000000e+03 7.821549300151480566e+03
7.875000000000000000e+03 7.871549300151480566e+03
7.925000000000000000e+03 7.921549300151480566e+03
7.975000000000000000e+03 7.971549300151480566e+03
8.025000000000000000e+03 8.021549300151480566e+03
8.075000000000000000e+03 8.071549300151480566e+03
8.125000000000000000e+03 8.121549300151480566e+03
8.175000000000000000e+03 8.171549300151480566e+03
8.225000000000000000e+03 8.221549300151482385e+03
8.275000000000000000e+03 8.271549300151480566e+03
8.325000000000000000e+03 8.321549300151478747e+03
8.375000000000000000e+03 8.371549300151482385e+03
8.425000000000000000e+03 8.421549300151478747e+03
8.475000000000000000e+03 8.471549300151482385e+03
8.525000000000000000e+03 8.521549300151478747e+03
8.575000000000000000e+03 8.571549300151475109e+03
8.625000000000000000e+03 8.621549300151478747e+03
8.675000000000000000e+03 8.671549300151482385e+03
8.725000000000000000e+03 8.721549300151486023e+03
8.775000000000000000e+03 8.771549300151482385e+03
8.825000000000000000e+03 8.821549300151482385e+03
8.875000000000000000e+03 8.871549300151486023e+03
8.925000000000000000e+03 8.921549300151486023e+03
8.975000000000000000e+03 8.971549300151486023e+03
9.025000000000000000e+03 9.021549300151486023e+03
9.075000000000000000e+03 9.071549300151486023e+03
9.125000000000000000e+03 9.121549300151489660e+03
9.175000000000000000e+03 9.171549300151489660e+03
9.225000000000000000e+03 9.221549300151489660e+03
9.275000000000000000e+03 9.271549300151489660e+03
9.325000000000000000e+03 9.321549300151489660e+03
9.375000000000000000e+03 9.371549300151493298e+03
9.425000000000000000e+03 9.421549300151493298e+03
9.475000000000000000e+03 9.471549300151493298e+03
9.525000000000000000e+03 9.521549300151493298e+03
9.575000000000000000e+03 9.571549300151493298e+03
9.625000000000000000e+03 9.621549300151493298e+03
9.675000000000000000e+03 9.671549300151493298e+03
9.725000000000000000e+03 9.721549300151493298e+03
9.775000000000000000e+03 9.771549300151493298e+03
9.825000000000000000e+03 9.821549300151493298e+03
9.875000000000000000e+03 9.871549300151493298e+03
9.925000000000000000e+03 9.921549300151493298e+03
9.975000000000000000e+03 9.971549300151493298e+03
1.002500000000000000e+04 1.002154930015149330e+04
1.007500000000000000e+04 1.007154930015149330e+04
1.012500000000000000e+04 1.012154930015149330e+04
1.017500000000000000e+04 1.017154930015149330e+04
1.022500000000000000e+04 1.022154930015149330e+04
1.027500000000000000e+04 1.027154930015149330e+04
1.032500000000000000e+04 1.032154930015149330e+04
1.037500000000000000e+04 1.037154930015149330e+04
1.042500000000000000e+04 1.042154930015149330e+04
1.047500000000000000e+04 1.047154930015149330e+04
1.052500000000000000e+04 1.052154930015149330e+04
1.057500000000000000e+04 1.057154930015149330e+04
1.062500000000000000e+04 1.062154930015149330e+04
1.067500000000000000e+04 1.067154930015149330e+04
1.072500000000000000e+04 1.072154930015149330e+04
1.077500000000000000e+04 1.077154930015149330e+04
1.082500000000000000e+04 1.082154930015149330e+04
1.087500000000000000e+04 1.087154930015149330e+04
1.092500000000000000e+04 1.092154930015149330e+04
1.097500000000000000e+04 1.097154930015149330e+04
1.102500000000000000e+04 1.102154930015149330e+04
1.107500000000000000e+04 1.107154930015149330e+04
1.112500000000000000e+04 1.112154930015149330e+04
1.117500000000000000e+04 1.117154930015149330e+04
1.122500000000000000e+04 1.122154930015149330e+04
1.127500000000000000e+04 1.127154930015149330e+04
1.132500000000000000e+04 1.132154930015149330e+04
1.137500000000000000e+04 1.137154930015149330e+04
1.142500000000000000e+04 1.142154930015149330e+04
1.147500000000000000e+04 1.147154930015149330e+04
1.152500000000000000e+04 1.152154930015149330e+04
1.157500000000000000e+04 1.157154930015149330e+04
1.162500000000000000e+04 1.162154930015149330e+04
1.167500000000000000e+04 1.167154930015149330e+04
1.172500000000000000e+04 1.172154930015149330e+04
1.177500000000000000e+04 1.177154930015149330e+04
1.182500000000000000e+04 1.182154930015149330e+04
1.187500000000000000e+04 1.187154930015149330e+04
1.192500000000000000e+04 1.192154930015149330e+04
1.197500000000000000e+04 1.197154930015149330e+04
1.202500000000000000e+04 1.202154930015149330e+04
1.207500000000000000e+04 1.207154930015149330e+04
1.212500000000000000e+04 1.212154930015149330e+04
1.217500000000000000e+04 1.217154930015149330e+04
1.222500000000000000e+04 1.222154930015149330e+04
1.227500000000000000e+04 1.227154930015149330e+04
1.232500000000000000e+04 1.232154930015149330e+04
1.237500000000000000e+04 1.237154930015149330e+04
1.242500000000000000e+04 1.242154930015149330e+04
1.247500000000000000e+04 1.247154930015149330e+04
1.252500000000000000e+04 1.252154930015149330e+04
1.257500000000000000e+04 1.257154930015149330e+04
1.262500000000000000e+04 1.262154930015149330e+04
1.267500000000000000e+04 1.267154930015149330e+04
1.272500000000000000e+04 1.272154930015149330e+04
1.277500000000000000e+04 1.277154930015149330e+04
1.282500000000000000e+04 1.282154930015149330e+04
1.287500000000000000e+04 1.287154930015149330e+04
1.292500000000000000e+04 1.292154930015149330e+04
1.297500000000000000e+04 1.297154930015149330e+04
1.302500000000000000e+04 1.302154930015149330e+04
1.307500000000000000e+04 1.307154930015149330e+04
1.312500000000000000e+04 1.312154930015149330e+04
1.317500000000000000e+04 1.317154930015149330e+04
1.322500000000000000e+04 1.322154930015149330e+04
1.327500000000000000e+04 1.327154930015149330e+04
1.332500000000000000e+04 1.332154930015149330e+04
1.337500000000000000e+04 1.337154930015149330e+04
1.342500000000000000e+04 1.342154930015149330e+04
1.347500000000000000e+04 1.347154930015149330e+04
1.352500000000000000e+04 1.352154930015149330e+04
1.357500000000000000e+04 1.357154930015149330e+04
1.362500000000000000e+04 1.362154930015149330e+04
1.367500000000000000e+04 1.367154930015149330e+04
1.372500000000000000e+04 1.372154930015149330e+04
1.377500000000000000e+04 1.377154930015149330e+04
1.382500000000000000e+04 1.382154930015149330e+04
1.387500000000000000e+04 1.387154930015149330e+04
1.392500000000000000e+04 1.392154930015149330e+04
1.397500000000000000e+04 1.397154930015149330e+04
1.402500000000000000e+04 1.402154930015149330e+04
1.407500000000000000e+04 1.407154930015149330e+04
1.412500000000000000e+04 1.412154930015149330e+04
1.417500000000000000e+04 1.417154930015149330e+04
1.422500000000000000e+04 1.422154930015149330e+04
1.427500000000000000e+04 1.427154930015149330e+04
1.432500000000000000e+04 1.432154930015149330e+04
1.437500000000000000e+04 1.437154930015149330e+04
1.442500000000000000e+04 1.442154930015149330e+04
1.447500000000000000e+04 1.447154930015149330e+04
1.452500000000000000e+04 1.452154930015149330e+04
1.457500000000000000e+04 1.457154930015149330e+04
1.462500000000000000e+04 1.462154930015149330e+04
1.467500000000000000e+04 1.467154930015149330e+04
1.472500000000000000e+04 1.472154930015149330e+04
1.477500000000000000e+04 1.477154930015149330e+04
1.482500000000000000e+04 1.482154930015149330e+04
1.487500000000000000e+04 1.487154930015149330e+04
1.492500000000000000e+04 1.492154930015149330e+04
1.497500000000000000e+04 1.497154930015149330e+04
1.502500000000000000e+04 1.502154930015149330e+04
1.507500000000000000e+04 1.507154930015149330e+04
1.512500000000000000e+04 1.512154930015149330e+04
1.517500000000000000e+04 1.517154930015149330e+04
1.522500000000000000e+04 1.522154930015149330e+04
1.527500000000000000e+04 1.527154930015149330e+04
1.532500000000000000e+04 1.532154930015149330e+04
1.537500000000000000e+04 1.537154930015149330e+04
1.542500000000000000e+04 1.542154930015149330e+04
1.547500000000000000e+04 1.547154930015149330e+04
1.552500000000000000e+04 1.552154930015149330e+04
1.557500000000000000e+04 1.557154930015149330e+04
1.562500000000000000e+04 1.562154930015149330e+04
1.567500000000000000e+04 1.567154930015149330e+04
1.572500000000000000e+04 1.572154930015149330e+04
1.577500000000000000e+04 1.577154930015149330e+04
1.582500000000000000e+04 1.582154930015149330e+04
1.587500000000000000e+04 1.587154930015149330e+04
1.592500000000000000e+04 1.592154930015149330e+04
1.597500000000000000e+04 1.597154930015149330e+04
1.602500000000000000e+04 1.602154930015149330e+04
1.607500000000000000e+04 1.607154930015149330e+04
1.612500000000000000e+04 1.612154930015149330e+04
1.617500000000000000e+04 1.617154930015149330e+04
1.622500000000000000e+04 1.622154930015149330e+04
1.627500000000000000e+04 1.627154930015149330e+04
1.632500000000000000e+04 1.632154930015149330e+04
1.637500000000000000e+04 1.637154930015149330e+04
1.642500000000000000e+04 1.642154930015149512e+04
1.647500000000000000e+04 1.647154930015149512e+04
1.652500000000000000e+04 1.652154930015149512e+04
1.657500000000000000e+04 1.657154930015149512e+04
1.662500000000000000e+04 1.662154930015149512e+04
1.667500000000000000e+04 1.667154930015149512e+04
1.672500000000000000e+04 1.672154930015149512e+04
1.677500000000000000e+04 1.677154930015150603e+04
1.682500000000000000e+04 1.682154930015150239e+04
1.687500000000000000e+04 1.687154930015150239e+04
1.692500000000000000e+04 1.692154930015149512e+04
1.697500000000000000e+04 1.697154930015148784e+04
1.702500000000000000e+04 1.702154930015148784e+04
1.707500000000000000e+04 1.707154930015148784e+04
1.712500000000000000e+04 1.712154930015148057e+04
1.717500000000000000e+04 1.717154930015148784e+04
1.722500000000000000e+04 1.722154930015148784e+04
1.727500000000000000e+04 1.727154930015148784e+04
1.732500000000000000e+04 1.732154930015148057e+04
1.737500000000000000e+04 1.737154930015148057e+04
1.742500000000000000e+04 1.742154930015148057e+04
1.747500000000000000e+04 1.747154930015148057e+04
1.752500000000000000e+04 1.752154930015148057e+04
1.757500000000000000e+04 1.757154930015148057e+04
1.762500000000000000e+04 1.762154930015148057e+04
1.767500000000000000e+04 1.767154930015148057e+04
1.772500000000000000e+04 1.772154930015148057e+04
1.777500000000000000e+04 1.777154930015148057e+04
1.782500000000000000e+04 1.782154930015148057e+04
1.787500000000000000e+04 1.787154930015148057e+04
1.792500000000000000e+04 1.792154930015148057e+04
1.797500000000000000e+04 1.797154930015148057e+04
1.802500000000000000e+04 1.802154930015148057e+04
1.807500000000000000e+04 1.807154930015148057e+04
1.812500000000000000e+04 1.812154930015148057e+04
1.817500000000000000e+04 1.817154930015148057e+04
1.822500000000000000e+04 1.822154930015148057e+04
1.827500000000000000e+04 1.827154930015148057e+04
1.832500000000000000e+04 1.832154930015148057e+04
1.837500000000000000e+04 1.837154930015148057e+04
1.842500000000000000e+04 1.842154930015148057e+04
1.847500000000000000e+04 1.847154930015148057e+04
1.852500000000000000e+04 1.852154930015148057e+04
1.857500000000000000e+04 1.857154930015148057e+04
1.862500000000000000e+04 1.862154930015148057e+04
1.867500000000000000e+04 1.867154930015148057e+04
1.872500000000000000e+04 1.872154930015148057e+04
1.877500000000000000e+04 1.877154930015148057e+04
1.882500000000000000e+04 1.882154930015148057e+04
1.887500000000000000e+04 1.887154930015148057e+04
1.892500000000000000e+04 1.892154930015148057e+04
1.897500000000000000e+04 1.897154930015148057e+04
1.902500000000000000e+04 1.902154930015148057e+04
1.907500000000000000e+04 1.907154930015148057e+04
1.912500000000000000e+04 1.912154930015148057e+04
1.917500000000000000e+04 1.917154930015148057e+04
1.922500000000000000e+04 1.922154930015148057e+04
1.927500000000000000e+04 1.927154930015148057e+04
1.932500000000000000e+04 1.932154930015148057e+04
1.937500000000000000e+04 1.937154930015148057e+04
1.942500000000000000e+04 1.942154930015148057e+04
1.947500000000000000e+04 1.947154930015148057e+04
1.952500000000000000e+04 1.952154930015148057e+04
1.957500000000000000e+04 1.957154930015148057e+04
1.962500000000000000e+04 1.962154930015148057e+04
1.967500000000000000e+04 1.967154930015148057e+04
1.972500000000000000e+04 1.972154930015148057e+04
1.977500000000000000e+04 1.977154930015148057e+04
1.982500000000000000e+04 1.982154930015148057e+04
1.987500000000000000e+04 1.987154930015148057e+04
1.992500000000000000e+04 1.992154930015148057e+04
