2.250000000000000000e+02 2.228979182460465154e+02
2.750000000000000000e+02 2.728979182460460038e+02
3.250000000000000000e+02 3.228979182460458333e+02
3.750000000000000000e+02 3.728979182460458333e+02
4.250000000000000000e+02 4.228979182460457196e+02
4.750000000000000000e+02 4.728979182460459469e+02
5.250000000000000000e+02 5.228979182460461743e+02
5.750000000000000000e+02 5.728979182460461743e+02
6.250000000000000000e+02 6.228979182460464017e+02
6.750000000000000000e+02 6.728979182460466291e+02
7.250000000000000000e+02 7.228979182460461743e+02
7.750000000000000000e+02 7.728979182460461743e+02
8.250000000000000000e+02 8.228979182460461743e+02
8.750000000000000000e+02 8.728979182460461743e+02
9.250000000000000000e+02 9.228979182460461743e+02
9.750000000000000000e+02 9.728979182460461743e+02
1.025000000000000000e+03 1.022897918246046174e+03
1.075000000000000000e+03 1.072897918246047311e+03
1.125000000000000000e+03 1.122897918246046856e+03
1.175000000000000000e+03 1.172897918246046402e+03
1.225000000000000000e+03 1.222897918246047311e+03
1.275000000000000000e+03 1.272897918246047311e+03
1.325000000000000000e+03 1.322897918246047311e+03
1.375000000000000000e+03 1.372897918246047311e+03
1.425000000000000000e+03 1.422897918246047311e+03
1.475000000000000000e+03 1.472897918246047311e+03
1.525000000000000000e+03 1.522897918246047311e+03
1.575000000000000000e+03 1.572897918246047311e+03
1.625000000000000000e+03 1.622897918246047311e+03
1.675000000000000000e+03 1.672897918246047311e+03
1.725000000000000000e+03 1.722897918246047311e+03
1.775000000000000000e+03 1.772897918246047311e+03
1.825000000000000000e+03 1.822897918246047311e+03
1.875000000000000000e+03 1.872897918246047311e+03
1.925000000000000000e+03 1.922897918246047311e+03
1.975000000000000000e+03 1.972897918246047311e+03
2.025000000000000000e+03 2.022897918246047311e+03
2.075000000000000000e+03 2.072897918246047084e+03
2.125000000000000000e+03 2.122897918246044810e+03
2.175000000000000000e+03 2.172897918246045265e+03
2.225000000000000000e+03 2.222897918246045265e+03
2.275000000000000000e+03 2.272897918246044355e+03
2.325000000000000000e+03 2.322897918246044355e+03
2.375000000000000000e+03 2.372897918246044355e+03
2.425000000000000000e+03 2.422897918246044355e+03
2.475000000000000000e+03 2.472897918246044355e+03
2.525000000000000000e+03 2.522897918246044355e+03
2.575000000000000000e+03 2.572897918246044355e+03
2.625000000000000000e+03 2.622897918246044355e+03
2.675000000000000000e+03 2.672897918246044355e+03
2.725000000000000000e+03 2.722897918246044355e+03
2.775000000000000000e+03 2.772897918246044355e+03
2.825000000000000000e+03 2.822897918246044355e+03
2.875000000000000000e+03 2.872897918246044355e+03
2.925000000000000000e+03 2.922897918246044355e+03
2.975000000000000000e+03 2.972897918246044355e+03
3.025000000000000000e+03 3.022897918246044355e+03
3.075000000000000000e+03 3.072897918246044355e+03
3.125000000000000000e+03 3.122897918246044355e+03
3.175000000000000000e+03 3.172897918246044355e+03
3.225000000000000000e+03 3.222897918246044355e+03
3.275000000000000000e+03 3.272897918246044355e+03
3.325000000000000000e+03 3.322897918246044355e+03
3.375000000000000000e+03 3.372897918246044355e+03
3.425000000000000000e+03 3.422897918246044355e+03
3.475000000000000000e+03 3.472897918246044355e+03
3.525000000000000000e+03 3.522897918246044355e+03
3.575000000000000000e+03 3.572897918246044355e+03
3.625000000000000000e+03 3.622897918246044355e+03
3.675000000000000000e+03 3.672897918246044355e+03
3.725000000000000000e+03 3.722897918246044355e+03
3.775000000000000000e+03 3.772897918246044355e+03
3.825000000000000000e+03 3.822897918246044355e+03
3.875000000000000000e+03 3.872897918246044355e+03
3.925000000000000000e+03 3.922897918246044355e+03
3.975000000000000000e+03 3.972897918246044355e+03
4.025000000000000000e+03 4.022897918246044355e+03
4.075000000000000000e+03 4.072897918246044355e+03
4.125000000000000000e+03 4.122897918246045265e+03
4.175000000000000000e+03 4.172897918246046174e+03
4.225000000000000000e+03 4.222897918246044355e+03
4.275000000000000000e+03 4.272897918246044355e+03
4.325000000000000000e+03 4.322897918246044355e+03
4.375000000000000000e+03 4.372897918246044355e+03
4.425000000000000000e+03 4.422897918246044355e+03
4.475000000000000000e+03 4.472897918246044355e+03
4.525000000000000000e+03 4.522897918246044355e+03
4.575000000000000000e+03 4.572897918246044355e+03
4.625000000000000000e+03 4.622897918246044355e+03
4.675000000000000000e+03 4.672897918246044355e+03
4.725000000000000000e+03 4.722897918246044355e+03
4.775000000000000000e+03 4.772897918246044355e+03
4.825000000000000000e+03 4.822897918246044355e+03
4.875000000000000000e+03 4.872897918246044355e+03
4.925000000000000000e+03 4.922897918246044355e+03
4.975000000000000000e+03 4.972897918246044355e+03
5.025000000000000000e+03 5.022897918246044355e+03
5.075000000000000000e+03 5.072897918246044355e+03
5.125000000000000000e+03 5.122897918246044355e+03
5.175000000000000000e+03 5.172897918246044355e+03
5.225000000000000000e+03 5.222897918246044355e+03
5.275000000000000000e+03 5.272897918246044355e+03
5.325000000000000000e+03 5.322897918246044355e+03
5.375000000000000000e+03 5.372897918246044355e+03
5.425000000000000000e+03 5.422897918246044355e+03
5.475000000000000000e+03 5.472897918246044355e+03
5.525000000000000000e+03 5.522897918246044355e+03
5.575000000000000000e+03 5.572897918246044355e+03
5.625000000000000000e+03 5.622897918246044355e+03
5.675000000000000000e+03 5.672897918246044355e+03
5.725000000000000000e+03 5.722897918246044355e+03
5.775000000000000000e+03 5.772897918246044355e+03
5.825000000000000000e+03 5.822897918246044355e+03
5.875000000000000000e+03 5.872897918246044355e+03
5.925000000000000000e+03 5.922897918246044355e+03
5.975000000000000000e+03 5.972897918246044355e+03
6.025000000000000000e+03 6.022897918246044355e+03
6.075000000000000000e+03 6.072897918246044355e+03
6.125000000000000000e+03 6.122897918246044355e+03
6.175000000000000000e+03 6.172897918246044355e+03
6.225000000000000000e+03 6.222897918246044355e+03
6.275000000000000000e+03 6.272897918246044355e+03
6.325000000000000000e+03 6.322897918246044355e+03
6.375000000000000000e+03 6.372897918246044355e+03
6.425000000000000000e+03 6.422897918246044355e+03
6.475000000000000000e+03 6.472897918246044355e+03
6.525000000000000000e+03 6.522897918246044355e+03
6.575000000000000000e+03 6.572897918246044355e+03
6.625000000000000000e+03 6.622897918246044355e+03
6.675000000000000000e+03 6.672897918246044355e+03
6.725000000000000000e+03 6.722897918246044355e+03
6.775000000000000000e+03 6.772897918246044355e+03
6.825000000000000000e+03 6.822897918246044355e+03
6.875000000000000000e+03 6.872897918246044355e+03
6.925000000000000000e+03 6.922897918246044355e+03
6.975000000000000000e+03 6.972897918246044355e+03
7.025000000000000000e+03 7.022897918246044355e+03
7.075000000000000000e+03 7.072897918246044355e+03
7.125000000000000000e+03 7.122897918246044355e+03
7.175000000000000000e+03 7.172897918246044355e+03
7.225000000000000000e+03 7.222897918246044355e+03
7.275000000000000000e+03 7.272897918246044355e+03
7.325000000000000000e+03 7.322897918246044355e+03
7.375000000000000000e+03 7.372897918246044355e+03
7.425000000000000000e+03 7.422897918246044355e+03
7.475000000000000000e+03 7.472897918246044355e+03
7.525000000000000000e+03 7.522897918246044355e+03
7.575000000000000000e+03 7.572897918246044355e+03
7.625000000000000000e+03 7.622897918246044355e+03
7.675000000000000000e+03 7.672897918246044355e+03
7.725000000000000000e+03 7.722897918246044355e+03
7.775000000000000000e+03 7.772897918246044355e+03
7.825000000000000000e+03 7.822897918246044355e+03
7.875000000000000000e+03 7.872897918246044355e+03
7.925000000000000000e+03 7.922897918246044355e+03
7.975000000000000000e+03 7.972897918246044355e+03
8.025000000000000000e+03 8.022897918246044355e+03
8.075000000000000000e+03 8.072897918246044355e+03
8.125000000000000000e+03 8.122897918246044355e+03
8.175000000000000000e+03 8.172897918246044355e+03
8.225000000000000000e+03 8.222897918246044355e+03
8.275000000000000000e+03 8.272897918246044355e+03
8.325000000000000000e+03 8.322897918246049812e+03
8.375000000000000000e+03 8.372897918246049812e+03
8.425000000000000000e+03 8.422897918246053450e+03
8.475000000000000000e+03 8.472897918246053450e+03
8.525000000000000000e+03 8.522897918246053450e+03
8.575000000000000000e+03 8.572897918246053450e+03
8.625000000000000000e+03 8.622897918246053450e+03
8.675000000000000000e+03 8.672897918246053450e+03
8.725000000000000000e+03 8.722897918246053450e+03
8.775000000000000000e+03 8.772897918246053450e+03
8.825000000000000000e+03 8.822897918246053450e+03
8.875000000000000000e+03 8.872897918246053450e+03
8.925000000000000000e+03 8.922897918246053450e+03
8.975000000000000000e+03 8.972897918246053450e+03
9.025000000000000000e+03 9.022897918246053450e+03
9.075000000000000000e+03 9.072897918246053450e+03
9.125000000000000000e+03 9.122897918246053450e+03
9.175000000000000000e+03 9.172897918246053450e+03
9.225000000000000000e+03 9.222897918246053450e+03
9.275000000000000000e+03 9.272897918246053450e+03
9.325000000000000000e+03 9.322897918246053450e+03
9.375000000000000000e+03 9.372897918246053450e+03
9.425000000000000000e+03 9.422897918246053450e+03
9.475000000000000000e+03 9.472897918246053450e+03
9.525000000000000000e+03 9.522897918246053450e+03
9.575000000000000000e+03 9.572897918246053450e+03
9.625000000000000000e+03 9.622897918246053450e+03
9.675000000000000000e+03 9.672897918246053450e+03
9.725000000000000000e+03 9.722897918246053450e+03
9.775000000000000000e+03 9.772897918246053450e+03
9.825000000000000000e+03 9.822897918246053450e+03
9.875000000000000000e+03 9.872897918246053450e+03
9.925000000000000000e+03 9.922897918246053450e+03
9.975000000000000000e+03 9.972897918246053450e+03
1.002500000000000000e+04 1.002289791824605345e+04
1.007500000000000000e+04 1.007289791824605345e+04
1.012500000000000000e+04 1.012289791824605345e+04
1.017500000000000000e+04 1.017289791824605345e+04
1.022500000000000000e+04 1.022289791824605345e+04
1.027500000000000000e+04 1.027289791824605345e+04
1.032500000000000000e+04 1.032289791824605345e+04
1.037500000000000000e+04 1.037289791824605345e+04
1.042500000000000000e+04 1.042289791824605345e+04
1.047500000000000000e+04 1.047289791824605345e+04
1.052500000000000000e+04 1.052289791824605345e+04
1.057500000000000000e+04 1.057289791824605345e+04
1.062500000000000000e+04 1.062289791824605345e+04
1.067500000000000000e+04 1.067289791824605345e+04
1.072500000000000000e+04 1.072289791824605345e+04
1.077500000000000000e+04 1.077289791824605345e+04
1.082500000000000000e+04 1.082289791824605345e+04
1.087500000000000000e+04 1.087289791824605345e+04
1.092500000000000000e+04 1.092289791824605345e+04
1.097500000000000000e+04 1.097289791824605345e+04
1.102500000000000000e+04 1.102289791824605345e+04
1.107500000000000000e+04 1.107289791824605345e+04
1.112500000000000000e+04 1.112289791824605345e+04
1.117500000000000000e+04 1.117289791824605345e+04
1.122500000000000000e+04 1.122289791824605345e+04
1.127500000000000000e+04 1.127289791824605345e+04
1.132500000000000000e+04 1.132289791824605345e+04
1.137500000000000000e+04 1.137289791824605345e+04
1.142500000000000000e+04 1.142289791824605345e+04
1.147500000000000000e+04 1.147289791824605345e+04
1.152500000000000000e+04 1.152289791824605345e+04
1.157500000000000000e+04 1.157289791824605345e+04
1.162500000000000000e+04 1.162289791824605345e+04
1.167500000000000000e+04 1.167289791824605345e+04
1.172500000000000000e+04 1.172289791824605345e+04
1.177500000000000000e+04 1.177289791824605345e+04
1.182500000000000000e+04 1.182289791824605345e+04
1.187500000000000000e+04 1.187289791824605345e+04
1.192500000000000000e+04 1.192289791824605345e+04
1.197500000000000000e+04 1.197289791824605345e+04
1.202500000000000000e+04 1.202289791824605345e+04
1.207500000000000000e+04 1.207289791824605345e+04
1.212500000000000000e+04 1.212289791824605345e+04
1.217500000000000000e+04 1.217289791824605345e+04
1.222500000000000000e+04 1.222289791824605345e+04
1.227500000000000000e+04 1.227289791824605345e+04
1.232500000000000000e+04 1.232289791824605345e+04
1.237500000000000000e+04 1.237289791824605345e+04
1.242500000000000000e+04 1.242289791824605345e+04
1.247500000000000000e+04 1.247289791824605345e+04
1.252500000000000000e+04 1.252289791824605345e+04
1.257500000000000000e+04 1.257289791824605345e+04
1.262500000000000000e+04 1.262289791824605345e+04
1.267500000000000000e+04 1.267289791824605345e+04
1.272500000000000000e+04 1.272289791824605345e+04
1.277500000000000000e+04 1.277289791824605345e+04
1.282500000000000000e+04 1.282289791824605345e+04
1.287500000000000000e+04 1.287289791824605345e+04
1.292500000000000000e+04 1.292289791824605345e+04
1.297500000000000000e+04 1.297289791824605345e+04
1.302500000000000000e+04 1.302289791824605345e+04
1.307500000000000000e+04 1.307289791824605345e+04
1.312500000000000000e+04 1.312289791824605345e+04
1.317500000000000000e+04 1.317289791824605345e+04
1.322500000000000000e+04 1.322289791824605345e+04
1.327500000000000000e+04 1.327289791824605345e+04
1.332500000000000000e+04 1.332289791824605345e+04
1.337500000000000000e+04 1.337289791824605345e+04
1.342500000000000000e+04 1.342289791824605345e+04
1.347500000000000000e+04 1.347289791824605345e+04
1.352500000000000000e+04 1.352289791824605345e+04
1.357500000000000000e+04 1.357289791824605345e+04
1.362500000000000000e+04 1.362289791824605345e+04
1.367500000000000000e+04 1.367289791824605345e+04
1.372500000000000000e+04 1.372289791824605345e+04
1.377500000000000000e+04 1.377289791824605345e+04
1.382500000000000000e+04 1.382289791824605345e+04
1.387500000000000000e+04 1.387289791824605345e+04
1.392500000000000000e+04 1.392289791824605345e+04
1.397500000000000000e+04 1.397289791824605345e+04
1.402500000000000000e+04 1.402289791824605345e+04
1.407500000000000000e+04 1.407289791824605345e+04
1.412500000000000000e+04 1.412289791824605345e+04
1.417500000000000000e+04 1.417289791824605345e+04
1.422500000000000000e+04 1.422289791824605345e+04
1.427500000000000000e+04 1.427289791824605345e+04
1.432500000000000000e+04 1.432289791824605345e+04
1.437500000000000000e+04 1.437289791824605345e+04
1.442500000000000000e+04 1.442289791824605345e+04
1.447500000000000000e+04 1.447289791824605345e+04
1.452500000000000000e+04 1.452289791824605345e+04
1.457500000000000000e+04 1.457289791824605345e+04
1.462500000000000000e+04 1.462289791824605345e+04
1.467500000000000000e+04 1.467289791824605345e+04
1.472500000000000000e+04 1.472289791824605345e+04
1.477500000000000000e+04 1.477289791824605345e+04
1.482500000000000000e+04 1.482289791824605345e+04
1.487500000000000000e+04 1.487289791824605345e+04
1.492500000000000000e+04 1.492289791824605345e+04
1.497500000000000000e+04 1.497289791824605345e+04
1.502500000000000000e+04 1.502289791824605345e+04
1.507500000000000000e+04 1.507289791824605345e+04
1.512500000000000000e+04 1.512289791824605345e+04
1.517500000000000000e+04 1.517289791824605345e+04
1.522500000000000000e+04 1.522289791824605345e+04
1.527500000000000000e+04 1.527289791824605345e+04
1.532500000000000000e+04 1.532289791824605345e+04
1.537500000000000000e+04 1.537289791824605345e+04
1.542500000000000000e+04 1.542289791824605345e+04
1.547500000000000000e+04 1.547289791824605345e+04
1.552500000000000000e+04 1.552289791824605345e+04
1.557500000000000000e+04 1.557289791824605345e+04
1.562500000000000000e+04 1.562289791824605345e+04
1.567500000000000000e+04 1.567289791824605345e+04
1.572500000000000000e+04 1.572289791824605345e+04
1.577500000000000000e+04 1.577289791824605345e+04
1.582500000000000000e+04 1.582289791824605345e+04
1.587500000000000000e+04 1.587289791824605345e+04
1.592500000000000000e+04 1.592289791824605345e+04
1.597500000000000000e+04 1.597289791824605345e+04
1.602500000000000000e+04 1.602289791824605345e+04
1.607500000000000000e+04 1.607289791824605345e+04
1.612500000000000000e+04 1.612289791824605345e+04
1.617500000000000000e+04 1.617289791824605345e+04
1.622500000000000000e+04 1.622289791824605345e+04
1.627500000000000000e+04 1.627289791824605345e+04
1.632500000000000000e+04 1.632289791824605345e+04
1.637500000000000000e+04 1.637289791824605345e+04
1.642500000000000000e+04 1.642289791824605345e+04
1.647500000000000000e+04 1.647289791824605345e+04
1.652500000000000000e+04 1.652289791824604254e+04
1.657500000000000000e+04 1.657289791824604254e+04
1.662500000000000000e+04 1.662289791824604981e+04
1.667500000000000000e+04 1.667289791824604981e+04
1.672500000000000000e+04 1.672289791824604981e+04
1.677500000000000000e+04 1.677289791824604981e+04
1.682500000000000000e+04 1.682289791824604981e+04
1.687500000000000000e+04 1.687289791824604981e+04
1.692500000000000000e+04 1.692289791824604981e+04
1.697500000000000000e+04 1.697289791824604981e+04
1.702500000000000000e+04 1.702289791824604981e+04
1.707500000000000000e+04 1.707289791824604981e+04
1.712500000000000000e+04 1.712289791824604981e+04
1.717500000000000000e+04 1.717289791824604981e+04
1.722500000000000000e+04 1.722289791824604981e+04
1.727500000000000000e+04 1.727289791824604981e+04
1.732500000000000000e+04 1.732289791824604981e+04
1.737500000000000000e+04 1.737289791824604981e+04
1.742500000000000000e+04 1.742289791824604981e+04
1.747500000000000000e+04 1.747289791824604981e+04
1.752500000000000000e+04 1.752289791824604981e+04
1.757500000000000000e+04 1.757289791824604981e+04
1.762500000000000000e+04 1.762289791824604981e+04
1.767500000000000000e+04 1.767289791824604981e+04
1.772500000000000000e+04 1.772289791824604981e+04
1.777500000000000000e+04 1.777289791824604981e+04
1.782500000000000000e+04 1.782289791824604981e+04
1.787500000000000000e+04 1.787289791824604981e+04
1.792500000000000000e+04 1.792289791824604981e+04
1.797500000000000000e+04 1.797289791824604981e+04
1.802500000000000000e+04 1.802289791824604981e+04
1.807500000000000000e+04 1.807289791824604981e+04
1.812500000000000000e+04 1.812289791824604981e+04
1.817500000000000000e+04 1.817289791824604981e+04
1.822500000000000000e+04 1.822289791824604981e+04
1.827500000000000000e+04 1.827289791824604981e+04
1.832500000000000000e+04 1.832289791824604981e+04
1.837500000000000000e+04 1.837289791824604981e+04
1.842500000000000000e+04 1.842289791824604981e+04
1.847500000000000000e+04 1.847289791824604981e+04
1.852500000000000000e+04 1.852289791824604981e+04
1.857500000000000000e+04 1.857289791824604981e+04
1.862500000000000000e+04 1.862289791824604981e+04
1.867500000000000000e+04 1.867289791824604981e+04
1.872500000000000000e+04 1.872289791824604981e+04
1.877500000000000000e+04 1.877289791824604981e+04
1.882500000000000000e+04 1.882289791824604981e+04
1.887500000000000000e+04 1.887289791824604981e+04
1.892500000000000000e+04 1.892289791824604981e+04
1.897500000000000000e+04 1.897289791824604981e+04
1.902500000000000000e+04 1.902289791824604981e+04
1.907500000000000000e+04 1.907289791824604981e+04
1.912500000000000000e+04 1.912289791824604981e+04
1.917500000000000000e+04 1.917289791824604981e+04
1.922500000000000000e+04 1.922289791824604981e+04
1.927500000000000000e+04 1.927289791824604981e+04
1.932500000000000000e+04 1.932289791824604981e+04
1.937500000000000000e+04 1.937289791824604981e+04
1.942500000000000000e+04 1.942289791824604981e+04
1.947500000000000000e+04 1.947289791824604981e+04
1.952500000000000000e+04 1.952289791824604981e+04
1.957500000000000000e+04 1.957289791824604981e+04
1.962500000000000000e+04 1.962289791824604981e+04
1.967500000000000000e+04 1.967289791824604981e+04
1.972500000000000000e+04 1.972289791824604981e+04
1.977500000000000000e+04 1.977289791824604981e+04
1.982500000000000000e+04 1.982289791824604981e+04
1.987500000000000000e+04 1.987289791824604981e+04
1.992500000000000000e+04 1.992289791824604981e+04
