2.250000000000000000e+02 2.238316772743479532e+02
2.750000000000000000e+02 2.738316772743479532e+02
3.250000000000000000e+02 3.238316772743479532e+02
3.750000000000000000e+02 3.738316772743477259e+02
4.250000000000000000e+02 4.238316772743477259e+02
4.750000000000000000e+02 4.738316772743477259e+02
5.250000000000000000e+02 5.238316772743474985e+02
5.750000000000000000e+02 5.738316772743484080e+02
6.250000000000000000e+02 6.238316772743484080e+02
6.750000000000000000e+02 6.738316772743484080e+02
7.250000000000000000e+02 7.238316772743484080e+02
7.750000000000000000e+02 7.738316772743484080e+02
8.250000000000000000e+02 8.238316772743484080e+02
8.750000000000000000e+02 8.738316772743484080e+02
9.250000000000000000e+02 9.238316772743484080e+02
9.750000000000000000e+02 9.738316772743484080e+02
1.025000000000000000e+03 1.023831677274348408e+03
1.075000000000000000e+03 1.073831677274348749e+03
1.125000000000000000e+03 1.123831677274348749e+03
1.175000000000000000e+03 1.173831677274348749e+03
1.225000000000000000e+03 1.223831677274349204e+03
1.275000000000000000e+03 1.273831677274349204e+03
1.325000000000000000e+03 1.323831677274349204e+03
1.375000000000000000e+03 1.373831677274349204e+03
1.425000000000000000e+03 1.423831677274349204e+03
1.475000000000000000e+03 1.473831677274349204e+03
1.525000000000000000e+03 1.523831677274349204e+03
1.575000000000000000e+03 1.573831677274349204e+03
1.625000000000000000e+03 1.623831677274349204e+03
1.675000000000000000e+03 1.673831677274349204e+03
1.725000000000000000e+03 1.723831677274349204e+03
1.775000000000000000e+03 1.773831677274349204e+03
1.825000000000000000e+03 1.823831677274349204e+03
1.875000000000000000e+03 1.873831677274349204e+03
1.925000000000000000e+03 1.923831677274349204e+03
1.975000000000000000e+03 1.973831677274349204e+03
2.025000000000000000e+03 2.023831677274349204e+03
2.075000000000000000e+03 2.073831677274348749e+03
2.125000000000000000e+03 2.123831677274349659e+03
2.175000000000000000e+03 2.173831677274350568e+03
2.225000000000000000e+03 2.223831677274349659e+03
2.275000000000000000e+03 2.273831677274348749e+03
2.325000000000000000e+03 2.323831677274348749e+03
2.375000000000000000e+03 2.373831677274348749e+03
2.425000000000000000e+03 2.423831677274348749e+03
2.475000000000000000e+03 2.473831677274348749e+03
2.525000000000000000e+03 2.523831677274348749e+03
2.575000000000000000e+03 2.573831677274348749e+03
2.625000000000000000e+03 2.623831677274348749e+03
2.675000000000000000e+03 2.673831677274348749e+03
2.725000000000000000e+03 2.723831677274348749e+03
2.775000000000000000e+03 2.773831677274348749e+03
2.825000000000000000e+03 2.823831677274348749e+03
2.875000000000000000e+03 2.873831677274348749e+03
2.925000000000000000e+03 2.923831677274348749e+03
2.975000000000000000e+03 2.973831677274348749e+03
3.025000000000000000e+03 3.023831677274348749e+03
3.075000000000000000e+03 3.073831677274348749e+03
3.125000000000000000e+03 3.123831677274348749e+03
3.175000000000000000e+03 3.173831677274348749e+03
3.225000000000000000e+03 3.223831677274348749e+03
3.275000000000000000e+03 3.273831677274348749e+03
3.325000000000000000e+03 3.323831677274348749e+03
3.375000000000000000e+03 3.373831677274348749e+03
3.425000000000000000e+03 3.423831677274348749e+03
3.475000000000000000e+03 3.473831677274348749e+03
3.525000000000000000e+03 3.523831677274348749e+03
3.575000000000000000e+03 3.573831677274348749e+03
3.625000000000000000e+03 3.623831677274348749e+03
3.675000000000000000e+03 3.673831677274348749e+03
3.725000000000000000e+03 3.723831677274348749e+03
3.775000000000000000e+03 3.773831677274348749e+03
3.825000000000000000e+03 3.823831677274348749e+03
3.875000000000000000e+03 3.873831677274348749e+03
3.925000000000000000e+03 3.923831677274348749e+03
3.975000000000000000e+03 3.973831677274348749e+03
4.025000000000000000e+03 4.023831677274348749e+03
4.075000000000000000e+03 4.073831677274348749e+03
4.125000000000000000e+03 4.123831677274346475e+03
4.175000000000000000e+03 4.173831677274345566e+03
4.225000000000000000e+03 4.223831677274343747e+03
4.275000000000000000e+03 4.273831677274345566e+03
4.325000000000000000e+03 4.323831677274347385e+03
4.375000000000000000e+03 4.373831677274347385e+03
4.425000000000000000e+03 4.423831677274347385e+03
4.475000000000000000e+03 4.473831677274347385e+03
4.525000000000000000e+03 4.523831677274347385e+03
4.575000000000000000e+03 4.573831677274347385e+03
4.625000000000000000e+03 4.623831677274347385e+03
4.675000000000000000e+03 4.673831677274347385e+03
4.725000000000000000e+03 4.723831677274347385e+03
4.775000000000000000e+03 4.773831677274347385e+03
4.825000000000000000e+03 4.823831677274347385e+03
4.875000000000000000e+03 4.873831677274347385e+03
4.925000000000000000e+03 4.923831677274347385e+03
4.975000000000000000e+03 4.973831677274347385e+03
5.025000000000000000e+03 5.023831677274347385e+03
5.075000000000000000e+03 5.073831677274347385e+03
5.125000000000000000e+03 5.123831677274347385e+03
5.175000000000000000e+03 5.173831677274347385e+03
5.225000000000000000e+03 5.223831677274347385e+03
5.275000000000000000e+03 5.273831677274347385e+03
5.325000000000000000e+03 5.323831677274347385e+03
5.375000000000000000e+03 5.373831677274347385e+03
5.425000000000000000e+03 5.423831677274347385e+03
5.475000000000000000e+03 5.473831677274347385e+03
5.525000000000000000e+03 5.523831677274347385e+03
5.575000000000000000e+03 5.573831677274347385e+03
5.625000000000000000e+03 5.623831677274347385e+03
5.675000000000000000e+03 5.673831677274347385e+03
5.725000000000000000e+03 5.723831677274347385e+03
5.775000000000000000e+03 5.773831677274347385e+03
5.825000000000000000e+03 5.823831677274347385e+03
5.875000000000000000e+03 5.873831677274347385e+03
5.925000000000000000e+03 5.923831677274347385e+03
5.975000000000000000e+03 5.973831677274347385e+03
6.025000000000000000e+03 6.023831677274347385e+03
6.075000000000000000e+03 6.073831677274347385e+03
6.125000000000000000e+03 6.123831677274347385e+03
6.175000000000000000e+03 6.173831677274347385e+03
6.225000000000000000e+03 6.223831677274347385e+03
6.275000000000000000e+03 6.273831677274347385e+03
6.325000000000000000e+03 6.323831677274347385e+03
6.375000000000000000e+03 6.373831677274347385e+03
6.425000000000000000e+03 6.423831677274347385e+03
6.475000000000000000e+03 6.473831677274347385e+03
6.525000000000000000e+03 6.523831677274347385e+03
6.575000000000000000e+03 6.573831677274347385e+03
6.625000000000000000e+03 6.623831677274347385e+03
6.675000000000000000e+03 6.673831677274347385e+03
6.725000000000000000e+03 6.723831677274347385e+03
6.775000000000000000e+03 6.773831677274347385e+03
6.825000000000000000e+03 6.823831677274347385e+03
6.875000000000000000e+03 6.873831677274347385e+03
6.925000000000000000e+03 6.923831677274347385e+03
6.975000000000000000e+03 6.973831677274347385e+03
7.025000000000000000e+03 7.023831677274347385e+03
7.075000000000000000e+03 7.073831677274347385e+03
7.125000000000000000e+03 7.123831677274347385e+03
7.175000000000000000e+03 7.173831677274347385e+03
7.225000000000000000e+03 7.223831677274347385e+03
7.275000000000000000e+03 7.273831677274347385e+03
7.325000000000000000e+03 7.323831677274347385e+03
7.375000000000000000e+03 7.373831677274347385e+03
7.425000000000000000e+03 7.423831677274347385e+03
7.475000000000000000e+03 7.473831677274347385e+03
7.525000000000000000e+03 7.523831677274347385e+03
7.575000000000000000e+03 7.573831677274347385e+03
7.625000000000000000e+03 7.623831677274347385e+03
7.675000000000000000e+03 7.673831677274347385e+03
7.725000000000000000e+03 7.723831677274347385e+03
7.775000000000000000e+03 7.773831677274347385e+03
7.825000000000000000e+03 7.823831677274347385e+03
7.875000000000000000e+03 7.873831677274347385e+03
7.925000000000000000e+03 7.923831677274347385e+03
7.975000000000000000e+03 7.973831677274347385e+03
8.025000000000000000e+03 8.023831677274347385e+03
8.075000000000000000e+03 8.073831677274347385e+03
8.125000000000000000e+03 8.123831677274347385e+03
8.175000000000000000e+03 8.173831677274347385e+03
8.225000000000000000e+03 8.223831677274349204e+03
8.275000000000000000e+03 8.273831677274345566e+03
8.325000000000000000e+03 8.323831677274351023e+03
8.375000000000000000e+03 8.373831677274354661e+03
8.425000000000000000e+03 8.423831677274351023e+03
8.475000000000000000e+03 8.473831677274351023e+03
8.525000000000000000e+03 8.523831677274351023e+03
8.575000000000000000e+03 8.573831677274351023e+03
8.625000000000000000e+03 8.623831677274351023e+03
8.675000000000000000e+03 8.673831677274351023e+03
8.725000000000000000e+03 8.723831677274351023e+03
8.775000000000000000e+03 8.773831677274351023e+03
8.825000000000000000e+03 8.823831677274351023e+03
8.875000000000000000e+03 8.873831677274351023e+03
8.925000000000000000e+03 8.923831677274351023e+03
8.975000000000000000e+03 8.973831677274351023e+03
9.025000000000000000e+03 9.023831677274351023e+03
9.075000000000000000e+03 9.073831677274351023e+03
9.125000000000000000e+03 9.123831677274351023e+03
9.175000000000000000e+03 9.173831677274351023e+03
9.225000000000000000e+03 9.223831677274351023e+03
9.275000000000000000e+03 9.273831677274351023e+03
9.325000000000000000e+03 9.323831677274351023e+03
9.375000000000000000e+03 9.373831677274351023e+03
9.425000000000000000e+03 9.423831677274351023e+03
9.475000000000000000e+03 9.473831677274351023e+03
9.525000000000000000e+03 9.523831677274351023e+03
9.575000000000000000e+03 9.573831677274351023e+03
9.625000000000000000e+03 9.623831677274351023e+03
9.675000000000000000e+03 9.673831677274351023e+03
9.725000000000000000e+03 9.723831677274351023e+03
9.775000000000000000e+03 9.773831677274351023e+03
9.825000000000000000e+03 9.823831677274351023e+03
9.875000000000000000e+03 9.873831677274351023e+03
9.925000000000000000e+03 9.923831677274351023e+03
9.975000000000000000e+03 9.973831677274351023e+03
1.002500000000000000e+04 1.002383167727435102e+04
1.007500000000000000e+04 1.007383167727435102e+04
1.012500000000000000e+04 1.012383167727435102e+04
1.017500000000000000e+04 1.017383167727435102e+04
1.022500000000000000e+04 1.022383167727435102e+04
1.027500000000000000e+04 1.027383167727435102e+04
1.032500000000000000e+04 1.032383167727435102e+04
1.037500000000000000e+04 1.037383167727435102e+04
1.042500000000000000e+04 1.042383167727435102e+04
1.047500000000000000e+04 1.047383167727435102e+04
1.052500000000000000e+04 1.052383167727435102e+04
1.057500000000000000e+04 1.057383167727435102e+04
1.062500000000000000e+04 1.062383167727435102e+04
1.067500000000000000e+04 1.067383167727435102e+04
1.072500000000000000e+04 1.072383167727435102e+04
1.077500000000000000e+04 1.077383167727435102e+04
1.082500000000000000e+04 1.082383167727435102e+04
1.087500000000000000e+04 1.087383167727435102e+04
1.092500000000000000e+04 1.092383167727435102e+04
1.097500000000000000e+04 1.097383167727435102e+04
1.102500000000000000e+04 1.102383167727435102e+04
1.107500000000000000e+04 1.107383167727435102e+04
1.112500000000000000e+04 1.112383167727435102e+04
1.117500000000000000e+04 1.117383167727435102e+04
1.122500000000000000e+04 1.122383167727435102e+04
1.127500000000000000e+04 1.127383167727435102e+04
1.132500000000000000e+04 1.132383167727435102e+04
1.137500000000000000e+04 1.137383167727435102e+04
1.142500000000000000e+04 1.142383167727435102e+04
1.147500000000000000e+04 1.147383167727435102e+04
1.152500000000000000e+04 1.152383167727435102e+04
1.157500000000000000e+04 1.157383167727435102e+04
1.162500000000000000e+04 1.162383167727435102e+04
1.167500000000000000e+04 1.167383167727435102e+04
1.172500000000000000e+04 1.172383167727435102e+04
1.177500000000000000e+04 1.177383167727435102e+04
1.182500000000000000e+04 1.182383167727435102e+04
1.187500000000000000e+04 1.187383167727435102e+04
1.192500000000000000e+04 1.192383167727435102e+04
1.197500000000000000e+04 1.197383167727435102e+04
1.202500000000000000e+04 1.202383167727435102e+04
1.207500000000000000e+04 1.207383167727435102e+04
1.212500000000000000e+04 1.212383167727435102e+04
1.217500000000000000e+04 1.217383167727435102e+04
1.222500000000000000e+04 1.222383167727435102e+04
1.227500000000000000e+04 1.227383167727435102e+04
1.232500000000000000e+04 1.232383167727435102e+04
1.237500000000000000e+04 1.237383167727435102e+04
1.242500000000000000e+04 1.242383167727435102e+04
1.247500000000000000e+04 1.247383167727435102e+04
1.252500000000000000e+04 1.252383167727435102e+04
1.257500000000000000e+04 1.257383167727435102e+04
1.262500000000000000e+04 1.262383167727435102e+04
1.267500000000000000e+04 1.267383167727435102e+04
1.272500000000000000e+04 1.272383167727435102e+04
1.277500000000000000e+04 1.277383167727435102e+04
1.282500000000000000e+04 1.282383167727435102e+04
1.287500000000000000e+04 1.287383167727435102e+04
1.292500000000000000e+04 1.292383167727435102e+04
1.297500000000000000e+04 1.297383167727435102e+04
1.302500000000000000e+04 1.302383167727435102e+04
1.307500000000000000e+04 1.307383167727435102e+04
1.312500000000000000e+04 1.312383167727435102e+04
1.317500000000000000e+04 1.317383167727435102e+04
1.322500000000000000e+04 1.322383167727435102e+04
1.327500000000000000e+04 1.327383167727435102e+04
1.332500000000000000e+04 1.332383167727435102e+04
1.337500000000000000e+04 1.337383167727435102e+04
1.342500000000000000e+04 1.342383167727435102e+04
1.347500000000000000e+04 1.347383167727435102e+04
1.352500000000000000e+04 1.352383167727435102e+04
1.357500000000000000e+04 1.357383167727435102e+04
1.362500000000000000e+04 1.362383167727435102e+04
1.367500000000000000e+04 1.367383167727435102e+04
1.372500000000000000e+04 1.372383167727435102e+04
1.377500000000000000e+04 1.377383167727435102e+04
1.382500000000000000e+04 1.382383167727435102e+04
1.387500000000000000e+04 1.387383167727435102e+04
1.392500000000000000e+04 1.392383167727435102e+04
1.397500000000000000e+04 1.397383167727435102e+04
1.402500000000000000e+04 1.402383167727435102e+04
1.407500000000000000e+04 1.407383167727435102e+04
1.412500000000000000e+04 1.412383167727435102e+04
1.417500000000000000e+04 1.417383167727435102e+04
1.422500000000000000e+04 1.422383167727435102e+04
1.427500000000000000e+04 1.427383167727435102e+04
1.432500000000000000e+04 1.432383167727435102e+04
1.437500000000000000e+04 1.437383167727435102e+04
1.442500000000000000e+04 1.442383167727435102e+04
1.447500000000000000e+04 1.447383167727435102e+04
1.452500000000000000e+04 1.452383167727435102e+04
1.457500000000000000e+04 1.457383167727435102e+04
1.462500000000000000e+04 1.462383167727435102e+04
1.467500000000000000e+04 1.467383167727435102e+04
1.472500000000000000e+04 1.472383167727435102e+04
1.477500000000000000e+04 1.477383167727435102e+04
1.482500000000000000e+04 1.482383167727435102e+04
1.487500000000000000e+04 1.487383167727435102e+04
1.492500000000000000e+04 1.492383167727435102e+04
1.497500000000000000e+04 1.497383167727435102e+04
1.502500000000000000e+04 1.502383167727435102e+04
1.507500000000000000e+04 1.507383167727435102e+04
1.512500000000000000e+04 1.512383167727435102e+04
1.517500000000000000e+04 1.517383167727435102e+04
1.522500000000000000e+04 1.522383167727435102e+04
1.527500000000000000e+04 1.527383167727435102e+04
1.532500000000000000e+04 1.532383167727435102e+04
1.537500000000000000e+04 1.537383167727435102e+04
1.542500000000000000e+04 1.542383167727435102e+04
1.547500000000000000e+04 1.547383167727435102e+04
1.552500000000000000e+04 1.552383167727435102e+04
1.557500000000000000e+04 1.557383167727435102e+04
1.562500000000000000e+04 1.562383167727435102e+04
1.567500000000000000e+04 1.567383167727435102e+04
1.572500000000000000e+04 1.572383167727435102e+04
1.577500000000000000e+04 1.577383167727435102e+04
1.582500000000000000e+04 1.582383167727435102e+04
1.587500000000000000e+04 1.587383167727435102e+04
1.592500000000000000e+04 1.592383167727435102e+04
1.597500000000000000e+04 1.597383167727435102e+04
1.602500000000000000e+04 1.602383167727435102e+04
1.607500000000000000e+04 1.607383167727435102e+04
1.612500000000000000e+04 1.612383167727435102e+04
1.617500000000000000e+04 1.617383167727435102e+04
1.622500000000000000e+04 1.622383167727435102e+04
1.627500000000000000e+04 1.627383167727435102e+04
1.632500000000000000e+04 1.632383167727435102e+04
1.637500000000000000e+04 1.637383167727435102e+04
1.642500000000000000e+04 1.642383167727435284e+04
1.647500000000000000e+04 1.647383167727435648e+04
1.652500000000000000e+04 1.652383167727436012e+04
1.657500000000000000e+04 1.657383167727435648e+04
1.662500000000000000e+04 1.662383167727435648e+04
1.667500000000000000e+04 1.667383167727435648e+04
1.672500000000000000e+04 1.672383167727435648e+04
1.677500000000000000e+04 1.677383167727435648e+04
1.682500000000000000e+04 1.682383167727435648e+04
1.687500000000000000e+04 1.687383167727435648e+04
1.692500000000000000e+04 1.692383167727435648e+04
1.697500000000000000e+04 1.697383167727435648e+04
1.702500000000000000e+04 1.702383167727435648e+04
1.707500000000000000e+04 1.707383167727435648e+04
1.712500000000000000e+04 1.712383167727435648e+04
1.717500000000000000e+04 1.717383167727435648e+04
1.722500000000000000e+04 1.722383167727435648e+04
1.727500000000000000e+04 1.727383167727435648e+04
1.732500000000000000e+04 1.732383167727435648e+04
1.737500000000000000e+04 1.737383167727435648e+04
1.742500000000000000e+04 1.742383167727435648e+04
1.747500000000000000e+04 1.747383167727435648e+04
1.752500000000000000e+04 1.752383167727435648e+04
1.757500000000000000e+04 1.757383167727435648e+04
1.762500000000000000e+04 1.762383167727435648e+04
1.767500000000000000e+04 1.767383167727435648e+04
1.772500000000000000e+04 1.772383167727435648e+04
1.777500000000000000e+04 1.777383167727435648e+04
1.782500000000000000e+04 1.782383167727435648e+04
1.787500000000000000e+04 1.787383167727435648e+04
1.792500000000000000e+04 1.792383167727435648e+04
1.797500000000000000e+04 1.797383167727435648e+04
1.802500000000000000e+04 1.802383167727435648e+04
1.807500000000000000e+04 1.807383167727435648e+04
1.812500000000000000e+04 1.812383167727435648e+04
1.817500000000000000e+04 1.817383167727435648e+04
1.822500000000000000e+04 1.822383167727435648e+04
1.827500000000000000e+04 1.827383167727435648e+04
1.832500000000000000e+04 1.832383167727435648e+04
1.837500000000000000e+04 1.837383167727435648e+04
1.842500000000000000e+04 1.842383167727435648e+04
1.847500000000000000e+04 1.847383167727435648e+04
1.852500000000000000e+04 1.852383167727435648e+04
1.857500000000000000e+04 1.857383167727435648e+04
1.862500000000000000e+04 1.862383167727435648e+04
1.867500000000000000e+04 1.867383167727435648e+04
1.872500000000000000e+04 1.872383167727435648e+04
1.877500000000000000e+04 1.877383167727435648e+04
1.882500000000000000e+04 1.882383167727435648e+04
1.887500000000000000e+04 1.887383167727435648e+04
1.892500000000000000e+04 1.892383167727435648e+04
1.897500000000000000e+04 1.897383167727435648e+04
1.902500000000000000e+04 1.902383167727435648e+04
1.907500000000000000e+04 1.907383167727435648e+04
1.912500000000000000e+04 1.912383167727435648e+04
1.917500000000000000e+04 1.917383167727435648e+04
1.922500000000000000e+04 1.922383167727435648e+04
1.927500000000000000e+04 1.927383167727435648e+04
1.932500000000000000e+04 1.932383167727435648e+04
1.937500000000000000e+04 1.937383167727435648e+04
1.942500000000000000e+04 1.942383167727435648e+04
1.947500000000000000e+04 1.947383167727435648e+04
1.952500000000000000e+04 1.952383167727435648e+04
1.957500000000000000e+04 1.957383167727435648e+04
1.962500000000000000e+04 1.962383167727435648e+04
1.967500000000000000e+04 1.967383167727435648e+04
1.972500000000000000e+04 1.972383167727435648e+04
1.977500000000000000e+04 1.977383167727435648e+04
1.982500000000000000e+04 1.982383167727435648e+04
1.987500000000000000e+04 1.987383167727435648e+04
1.992500000000000000e+04 1.992383167727435648e+04
