6.250000000000000000e+02 6.242743082657511877e+02
6.750000000000000000e+02 6.742743082657511877e+02
7.250000000000000000e+02 7.242743082657511877e+02
7.750000000000000000e+02 7.742743082657516425e+02
8.250000000000000000e+02 8.242743082657516425e+02
8.750000000000000000e+02 8.742743082657516425e+02
9.250000000000000000e+02 9.242743082657514151e+02
9.750000000000000000e+02 9.742743082657516425e+02
1.025000000000000000e+03 1.024274308265751870e+03
1.075000000000000000e+03 1.074274308265751870e+03
1.125000000000000000e+03 1.124274308265751870e+03
1.175000000000000000e+03 1.174274308265751415e+03
1.225000000000000000e+03 1.224274308265751415e+03
1.275000000000000000e+03 1.274274308265750506e+03
1.325000000000000000e+03 1.324274308265750051e+03
1.375000000000000000e+03 1.374274308265750506e+03
1.425000000000000000e+03 1.424274308265750506e+03
1.475000000000000000e+03 1.474274308265750506e+03
1.525000000000000000e+03 1.524274308265750506e+03
1.575000000000000000e+03 1.574274308265750506e+03
1.625000000000000000e+03 1.624274308265750051e+03
1.675000000000000000e+03 1.674274308265750051e+03
1.725000000000000000e+03 1.724274308265750051e+03
1.775000000000000000e+03 1.774274308265750051e+03
1.825000000000000000e+03 1.824274308265750051e+03
1.875000000000000000e+03 1.874274308265750051e+03
1.925000000000000000e+03 1.924274308265750051e+03
1.975000000000000000e+03 1.974274308265750051e+03
2.025000000000000000e+03 2.024274308265750051e+03
2.075000000000000000e+03 2.074274308265750278e+03
2.125000000000000000e+03 2.124274308265748914e+03
2.175000000000000000e+03 2.174274308265749823e+03
2.225000000000000000e+03 2.224274308265749823e+03
2.275000000000000000e+03 2.274274308265748004e+03
2.325000000000000000e+03 2.324274308265748914e+03
2.375000000000000000e+03 2.374274308265748914e+03
2.425000000000000000e+03 2.424274308265748914e+03
2.475000000000000000e+03 2.474274308265749823e+03
2.525000000000000000e+03 2.524274308265750733e+03
2.575000000000000000e+03 2.574274308265750733e+03
2.625000000000000000e+03 2.624274308265752552e+03
2.675000000000000000e+03 2.674274308265752552e+03
2.725000000000000000e+03 2.724274308265752552e+03
2.775000000000000000e+03 2.774274308265752552e+03
2.825000000000000000e+03 2.824274308265752552e+03
2.875000000000000000e+03 2.874274308265752552e+03
2.925000000000000000e+03 2.924274308265752552e+03
2.975000000000000000e+03 2.974274308265752552e+03
3.025000000000000000e+03 3.024274308265752552e+03
3.075000000000000000e+03 3.074274308265752552e+03
3.125000000000000000e+03 3.124274308265752552e+03
3.175000000000000000e+03 3.174274308265752552e+03
3.225000000000000000e+03 3.224274308265752552e+03
3.275000000000000000e+03 3.274274308265752552e+03
3.325000000000000000e+03 3.324274308265752552e+03
3.375000000000000000e+03 3.374274308265752552e+03
3.425000000000000000e+03 3.424274308265752552e+03
3.475000000000000000e+03 3.474274308265752552e+03
3.525000000000000000e+03 3.524274308265752552e+03
3.575000000000000000e+03 3.574274308265752552e+03
3.625000000000000000e+03 3.624274308265752552e+03
3.675000000000000000e+03 3.674274308265752552e+03
3.725000000000000000e+03 3.724274308265752552e+03
3.775000000000000000e+03 3.774274308265752552e+03
3.825000000000000000e+03 3.824274308265752552e+03
3.875000000000000000e+03 3.874274308265752552e+03
3.925000000000000000e+03 3.924274308265752552e+03
3.975000000000000000e+03 3.974274308265752552e+03
4.025000000000000000e+03 4.024274308265752552e+03
4.075000000000000000e+03 4.074274308265752552e+03
4.125000000000000000e+03 4.124274308265751642e+03
4.175000000000000000e+03 4.174274308265751642e+03
4.225000000000000000e+03 4.224274308265753461e+03
4.275000000000000000e+03 4.274274308265755280e+03
4.325000000000000000e+03 4.324274308265757099e+03
4.375000000000000000e+03 4.374274308265755280e+03
4.425000000000000000e+03 4.424274308265755280e+03
4.475000000000000000e+03 4.474274308265755280e+03
4.525000000000000000e+03 4.524274308265753461e+03
4.575000000000000000e+03 4.574274308265751642e+03
4.625000000000000000e+03 4.624274308265751642e+03
4.675000000000000000e+03 4.674274308265751642e+03
4.725000000000000000e+03 4.724274308265751642e+03
4.775000000000000000e+03 4.774274308265751642e+03
4.825000000000000000e+03 4.824274308265751642e+03
4.875000000000000000e+03 4.874274308265751642e+03
4.925000000000000000e+03 4.924274308265751642e+03
4.975000000000000000e+03 4.974274308265751642e+03
5.025000000000000000e+03 5.024274308265751642e+03
5.075000000000000000e+03 5.074274308265751642e+03
5.125000000000000000e+03 5.124274308265751642e+03
5.175000000000000000e+03 5.174274308265751642e+03
5.225000000000000000e+03 5.224274308265751642e+03
5.275000000000000000e+03 5.274274308265751642e+03
5.325000000000000000e+03 5.324274308265751642e+03
5.375000000000000000e+03 5.374274308265751642e+03
5.425000000000000000e+03 5.424274308265751642e+03
5.475000000000000000e+03 5.474274308265751642e+03
5.525000000000000000e+03 5.524274308265751642e+03
5.575000000000000000e+03 5.574274308265751642e+03
5.625000000000000000e+03 5.624274308265751642e+03
5.675000000000000000e+03 5.674274308265751642e+03
5.725000000000000000e+03 5.724274308265751642e+03
5.775000000000000000e+03 5.774274308265751642e+03
5.825000000000000000e+03 5.824274308265751642e+03
5.875000000000000000e+03 5.874274308265751642e+03
5.925000000000000000e+03 5.924274308265751642e+03
5.975000000000000000e+03 5.974274308265751642e+03
6.025000000000000000e+03 6.024274308265751642e+03
6.075000000000000000e+03 6.074274308265751642e+03
6.125000000000000000e+03 6.124274308265751642e+03
6.175000000000000000e+03 6.174274308265751642e+03
6.225000000000000000e+03 6.224274308265751642e+03
6.275000000000000000e+03 6.274274308265751642e+03
6.325000000000000000e+03 6.324274308265751642e+03
6.375000000000000000e+03 6.374274308265751642e+03
6.425000000000000000e+03 6.424274308265751642e+03
6.475000000000000000e+03 6.474274308265751642e+03
6.525000000000000000e+03 6.524274308265751642e+03
6.575000000000000000e+03 6.574274308265751642e+03
6.625000000000000000e+03 6.624274308265751642e+03
6.675000000000000000e+03 6.674274308265751642e+03
6.725000000000000000e+03 6.724274308265751642e+03
6.775000000000000000e+03 6.774274308265751642e+03
6.825000000000000000e+03 6.824274308265751642e+03
6.875000000000000000e+03 6.874274308265751642e+03
6.925000000000000000e+03 6.924274308265751642e+03
6.975000000000000000e+03 6.974274308265751642e+03
7.025000000000000000e+03 7.024274308265751642e+03
7.075000000000000000e+03 7.074274308265751642e+03
7.125000000000000000e+03 7.124274308265751642e+03
7.175000000000000000e+03 7.174274308265751642e+03
7.225000000000000000e+03 7.224274308265751642e+03
7.275000000000000000e+03 7.274274308265751642e+03
7.325000000000000000e+03 7.324274308265751642e+03
7.375000000000000000e+03 7.374274308265751642e+03
7.425000000000000000e+03 7.424274308265751642e+03
7.475000000000000000e+03 7.474274308265751642e+03
7.525000000000000000e+03 7.524274308265751642e+03
7.575000000000000000e+03 7.574274308265751642e+03
7.625000000000000000e+03 7.624274308265751642e+03
7.675000000000000000e+03 7.674274308265751642e+03
7.725000000000000000e+03 7.724274308265751642e+03
7.775000000000000000e+03 7.774274308265751642e+03
7.825000000000000000e+03 7.824274308265751642e+03
7.875000000000000000e+03 7.874274308265751642e+03
7.925000000000000000e+03 7.924274308265751642e+03
7.975000000000000000e+03 7.974274308265751642e+03
8.025000000000000000e+03 8.024274308265751642e+03
8.075000000000000000e+03 8.074274308265751642e+03
8.125000000000000000e+03 8.124274308265751642e+03
8.175000000000000000e+03 8.174274308265751642e+03
8.225000000000000000e+03 8.224274308265750733e+03
8.275000000000000000e+03 8.274274308265748914e+03
8.325000000000000000e+03 8.324274308265748914e+03
8.375000000000000000e+03 8.374274308265743457e+03
8.425000000000000000e+03 8.424274308265743457e+03
8.475000000000000000e+03 8.474274308265743457e+03
8.525000000000000000e+03 8.524274308265743457e+03
8.575000000000000000e+03 8.574274308265739819e+03
8.625000000000000000e+03 8.624274308265739819e+03
8.675000000000000000e+03 8.674274308265739819e+03
8.725000000000000000e+03 8.724274308265739819e+03
8.775000000000000000e+03 8.774274308265739819e+03
8.825000000000000000e+03 8.824274308265739819e+03
8.875000000000000000e+03 8.874274308265739819e+03
8.925000000000000000e+03 8.924274308265739819e+03
8.975000000000000000e+03 8.974274308265739819e+03
9.025000000000000000e+03 9.024274308265739819e+03
9.075000000000000000e+03 9.074274308265739819e+03
9.125000000000000000e+03 9.124274308265739819e+03
9.175000000000000000e+03 9.174274308265739819e+03
9.225000000000000000e+03 9.224274308265739819e+03
9.275000000000000000e+03 9.274274308265739819e+03
9.325000000000000000e+03 9.324274308265739819e+03
9.375000000000000000e+03 9.374274308265739819e+03
9.425000000000000000e+03 9.424274308265739819e+03
9.475000000000000000e+03 9.474274308265739819e+03
9.525000000000000000e+03 9.524274308265739819e+03
9.575000000000000000e+03 9.574274308265739819e+03
9.625000000000000000e+03 9.624274308265739819e+03
9.675000000000000000e+03 9.674274308265739819e+03
9.725000000000000000e+03 9.724274308265739819e+03
9.775000000000000000e+03 9.774274308265739819e+03
9.825000000000000000e+03 9.824274308265739819e+03
9.875000000000000000e+03 9.874274308265739819e+03
9.925000000000000000e+03 9.924274308265739819e+03
9.975000000000000000e+03 9.974274308265739819e+03
1.002500000000000000e+04 1.002427430826573982e+04
1.007500000000000000e+04 1.007427430826573982e+04
1.012500000000000000e+04 1.012427430826573982e+04
1.017500000000000000e+04 1.017427430826573982e+04
1.022500000000000000e+04 1.022427430826573982e+04
1.027500000000000000e+04 1.027427430826573982e+04
1.032500000000000000e+04 1.032427430826573982e+04
1.037500000000000000e+04 1.037427430826573982e+04
1.042500000000000000e+04 1.042427430826573982e+04
1.047500000000000000e+04 1.047427430826573982e+04
1.052500000000000000e+04 1.052427430826573982e+04
1.057500000000000000e+04 1.057427430826573982e+04
1.062500000000000000e+04 1.062427430826573982e+04
1.067500000000000000e+04 1.067427430826573982e+04
1.072500000000000000e+04 1.072427430826573982e+04
1.077500000000000000e+04 1.077427430826573982e+04
1.082500000000000000e+04 1.082427430826573982e+04
1.087500000000000000e+04 1.087427430826573982e+04
1.092500000000000000e+04 1.092427430826573982e+04
1.097500000000000000e+04 1.097427430826573982e+04
1.102500000000000000e+04 1.102427430826573982e+04
1.107500000000000000e+04 1.107427430826573982e+04
1.112500000000000000e+04 1.112427430826573982e+04
1.117500000000000000e+04 1.117427430826573982e+04
1.122500000000000000e+04 1.122427430826573982e+04
1.127500000000000000e+04 1.127427430826573982e+04
1.132500000000000000e+04 1.132427430826573982e+04
1.137500000000000000e+04 1.137427430826573982e+04
1.142500000000000000e+04 1.142427430826573982e+04
1.147500000000000000e+04 1.147427430826573982e+04
1.152500000000000000e+04 1.152427430826573982e+04
1.157500000000000000e+04 1.157427430826573982e+04
1.162500000000000000e+04 1.162427430826573982e+04
1.167500000000000000e+04 1.167427430826573982e+04
1.172500000000000000e+04 1.172427430826573982e+04
1.177500000000000000e+04 1.177427430826573982e+04
1.182500000000000000e+04 1.182427430826573982e+04
1.187500000000000000e+04 1.187427430826573982e+04
1.192500000000000000e+04 1.192427430826573982e+04
1.197500000000000000e+04 1.197427430826573982e+04
1.202500000000000000e+04 1.202427430826573982e+04
1.207500000000000000e+04 1.207427430826573982e+04
1.212500000000000000e+04 1.212427430826573982e+04
1.217500000000000000e+04 1.217427430826573982e+04
1.222500000000000000e+04 1.222427430826573982e+04
1.227500000000000000e+04 1.227427430826573982e+04
1.232500000000000000e+04 1.232427430826573982e+04
1.237500000000000000e+04 1.237427430826573982e+04
1.242500000000000000e+04 1.242427430826573982e+04
1.247500000000000000e+04 1.247427430826573982e+04
1.252500000000000000e+04 1.252427430826573982e+04
1.257500000000000000e+04 1.257427430826573982e+04
1.262500000000000000e+04 1.262427430826573982e+04
1.267500000000000000e+04 1.267427430826573982e+04
1.272500000000000000e+04 1.272427430826573982e+04
1.277500000000000000e+04 1.277427430826573982e+04
1.282500000000000000e+04 1.282427430826573982e+04
1.287500000000000000e+04 1.287427430826573982e+04
1.292500000000000000e+04 1.292427430826573982e+04
1.297500000000000000e+04 1.297427430826573982e+04
1.302500000000000000e+04 1.302427430826573982e+04
1.307500000000000000e+04 1.307427430826573982e+04
1.312500000000000000e+04 1.312427430826573982e+04
1.317500000000000000e+04 1.317427430826573982e+04
1.322500000000000000e+04 1.322427430826573982e+04
1.327500000000000000e+04 1.327427430826573982e+04
1.332500000000000000e+04 1.332427430826573982e+04
1.337500000000000000e+04 1.337427430826573982e+04
1.342500000000000000e+04 1.342427430826573982e+04
1.347500000000000000e+04 1.347427430826573982e+04
1.352500000000000000e+04 1.352427430826573982e+04
1.357500000000000000e+04 1.357427430826573982e+04
1.362500000000000000e+04 1.362427430826573982e+04
1.367500000000000000e+04 1.367427430826573982e+04
1.372500000000000000e+04 1.372427430826573982e+04
1.377500000000000000e+04 1.377427430826573982e+04
1.382500000000000000e+04 1.382427430826573982e+04
1.387500000000000000e+04 1.387427430826573982e+04
1.392500000000000000e+04 1.392427430826573982e+04
1.397500000000000000e+04 1.397427430826573982e+04
1.402500000000000000e+04 1.402427430826573982e+04
1.407500000000000000e+04 1.407427430826573982e+04
1.412500000000000000e+04 1.412427430826573982e+04
1.417500000000000000e+04 1.417427430826573982e+04
1.422500000000000000e+04 1.422427430826573982e+04
1.427500000000000000e+04 1.427427430826573982e+04
1.432500000000000000e+04 1.432427430826573982e+04
1.437500000000000000e+04 1.437427430826573982e+04
1.442500000000000000e+04 1.442427430826573982e+04
1.447500000000000000e+04 1.447427430826573982e+04
1.452500000000000000e+04 1.452427430826573982e+04
1.457500000000000000e+04 1.457427430826573982e+04
1.462500000000000000e+04 1.462427430826573982e+04
1.467500000000000000e+04 1.467427430826573982e+04
1.472500000000000000e+04 1.472427430826573982e+04
1.477500000000000000e+04 1.477427430826573982e+04
1.482500000000000000e+04 1.482427430826573982e+04
1.487500000000000000e+04 1.487427430826573982e+04
1.492500000000000000e+04 1.492427430826573982e+04
1.497500000000000000e+04 1.497427430826573982e+04
1.502500000000000000e+04 1.502427430826573982e+04
1.507500000000000000e+04 1.507427430826573982e+04
1.512500000000000000e+04 1.512427430826573982e+04
1.517500000000000000e+04 1.517427430826573982e+04
1.522500000000000000e+04 1.522427430826573982e+04
1.527500000000000000e+04 1.527427430826573982e+04
1.532500000000000000e+04 1.532427430826573982e+04
1.537500000000000000e+04 1.537427430826573982e+04
1.542500000000000000e+04 1.542427430826573982e+04
1.547500000000000000e+04 1.547427430826573982e+04
1.552500000000000000e+04 1.552427430826573982e+04
1.557500000000000000e+04 1.557427430826573982e+04
1.562500000000000000e+04 1.562427430826573982e+04
1.567500000000000000e+04 1.567427430826573982e+04
1.572500000000000000e+04 1.572427430826573982e+04
1.577500000000000000e+04 1.577427430826573982e+04
1.582500000000000000e+04 1.582427430826573982e+04
1.587500000000000000e+04 1.587427430826573982e+04
1.592500000000000000e+04 1.592427430826573982e+04
1.597500000000000000e+04 1.597427430826573982e+04
1.602500000000000000e+04 1.602427430826573982e+04
1.607500000000000000e+04 1.607427430826573982e+04
1.612500000000000000e+04 1.612427430826573982e+04
1.617500000000000000e+04 1.617427430826573982e+04
1.622500000000000000e+04 1.622427430826573982e+04
1.627500000000000000e+04 1.627427430826573982e+04
1.632500000000000000e+04 1.632427430826573982e+04
1.637500000000000000e+04 1.637427430826573982e+04
1.642500000000000000e+04 1.642427430826573982e+04
1.647500000000000000e+04 1.647427430826573982e+04
1.652500000000000000e+04 1.652427430826575073e+04
1.657500000000000000e+04 1.657427430826575801e+04
1.662500000000000000e+04 1.662427430826575801e+04
1.667500000000000000e+04 1.667427430826576528e+04
1.672500000000000000e+04 1.672427430826575801e+04
1.677500000000000000e+04 1.677427430826575801e+04
1.682500000000000000e+04 1.682427430826575801e+04
1.687500000000000000e+04 1.687427430826575801e+04
1.692500000000000000e+04 1.692427430826575073e+04
1.697500000000000000e+04 1.697427430826575801e+04
1.702500000000000000e+04 1.702427430826575073e+04
1.707500000000000000e+04 1.707427430826575073e+04
1.712500000000000000e+04 1.712427430826575073e+04
1.717500000000000000e+04 1.717427430826575073e+04
1.722500000000000000e+04 1.722427430826575073e+04
1.727500000000000000e+04 1.727427430826575073e+04
1.732500000000000000e+04 1.732427430826575073e+04
1.737500000000000000e+04 1.737427430826575073e+04
1.742500000000000000e+04 1.742427430826575073e+04
1.747500000000000000e+04 1.747427430826575073e+04
1.752500000000000000e+04 1.752427430826575073e+04
1.757500000000000000e+04 1.757427430826575073e+04
1.762500000000000000e+04 1.762427430826575073e+04
1.767500000000000000e+04 1.767427430826575073e+04
1.772500000000000000e+04 1.772427430826575073e+04
1.777500000000000000e+04 1.777427430826575073e+04
1.782500000000000000e+04 1.782427430826575073e+04
1.787500000000000000e+04 1.787427430826575073e+04
1.792500000000000000e+04 1.792427430826575073e+04
1.797500000000000000e+04 1.797427430826575073e+04
1.802500000000000000e+04 1.802427430826575073e+04
1.807500000000000000e+04 1.807427430826575073e+04
1.812500000000000000e+04 1.812427430826575073e+04
1.817500000000000000e+04 1.817427430826575073e+04
1.822500000000000000e+04 1.822427430826575073e+04
1.827500000000000000e+04 1.827427430826575073e+04
1.832500000000000000e+04 1.832427430826575073e+04
1.837500000000000000e+04 1.837427430826575073e+04
1.842500000000000000e+04 1.842427430826575073e+04
1.847500000000000000e+04 1.847427430826575073e+04
1.852500000000000000e+04 1.852427430826575073e+04
1.857500000000000000e+04 1.857427430826575073e+04
1.862500000000000000e+04 1.862427430826575073e+04
1.867500000000000000e+04 1.867427430826575073e+04
1.872500000000000000e+04 1.872427430826575073e+04
1.877500000000000000e+04 1.877427430826575073e+04
1.882500000000000000e+04 1.882427430826575073e+04
1.887500000000000000e+04 1.887427430826575073e+04
1.892500000000000000e+04 1.892427430826575073e+04
1.897500000000000000e+04 1.897427430826575073e+04
1.902500000000000000e+04 1.902427430826575073e+04
1.907500000000000000e+04 1.907427430826575073e+04
1.912500000000000000e+04 1.912427430826575073e+04
1.917500000000000000e+04 1.917427430826575073e+04
1.922500000000000000e+04 1.922427430826575073e+04
1.927500000000000000e+04 1.927427430826575073e+04
1.932500000000000000e+04 1.932427430826575073e+04
1.937500000000000000e+04 1.937427430826575073e+04
1.942500000000000000e+04 1.942427430826575073e+04
1.947500000000000000e+04 1.947427430826575073e+04
1.952500000000000000e+04 1.952427430826575073e+04
1.957500000000000000e+04 1.957427430826575073e+04
1.962500000000000000e+04 1.962427430826575073e+04
1.967500000000000000e+04 1.967427430826575073e+04
1.972500000000000000e+04 1.972427430826575073e+04
1.977500000000000000e+04 1.977427430826575073e+04
1.982500000000000000e+04 1.982427430826575073e+04
1.987500000000000000e+04 1.987427430826575073e+04
1.992500000000000000e+04 1.992427430826575073e+04
