4.250000000000000000e+02 4.245162055105001855e+02
4.750000000000000000e+02 4.745162055105002992e+02
5.250000000000000000e+02 5.245162055105000718e+02
5.750000000000000000e+02 5.745162055105001855e+02
6.250000000000000000e+02 6.245162055105001855e+02
6.750000000000000000e+02 6.745162055104999581e+02
7.250000000000000000e+02 7.245162055105001855e+02
7.750000000000000000e+02 7.745162055105001855e+02
8.250000000000000000e+02 8.245162055104999581e+02
8.750000000000000000e+02 8.745162055104999581e+02
9.250000000000000000e+02 9.245162055104999581e+02
9.750000000000000000e+02 9.745162055104999581e+02
1.025000000000000000e+03 1.024516205510499958e+03
1.075000000000000000e+03 1.074516205510501777e+03
1.125000000000000000e+03 1.124516205510501777e+03
1.175000000000000000e+03 1.174516205510502232e+03
1.225000000000000000e+03 1.224516205510502687e+03
1.275000000000000000e+03 1.274516205510503141e+03
1.325000000000000000e+03 1.324516205510502687e+03
1.375000000000000000e+03 1.374516205510502232e+03
1.425000000000000000e+03 1.424516205510504051e+03
1.475000000000000000e+03 1.474516205510504051e+03
1.525000000000000000e+03 1.524516205510504051e+03
1.575000000000000000e+03 1.574516205510504051e+03
1.625000000000000000e+03 1.624516205510504051e+03
1.675000000000000000e+03 1.674516205510504051e+03
1.725000000000000000e+03 1.724516205510504051e+03
1.775000000000000000e+03 1.774516205510504051e+03
1.825000000000000000e+03 1.824516205510504051e+03
1.875000000000000000e+03 1.874516205510504051e+03
1.925000000000000000e+03 1.924516205510504051e+03
1.975000000000000000e+03 1.974516205510504051e+03
2.025000000000000000e+03 2.024516205510504051e+03
2.075000000000000000e+03 2.074516205510502459e+03
2.125000000000000000e+03 2.124516205510503369e+03
2.175000000000000000e+03 2.174516205510501550e+03
2.225000000000000000e+03 2.224516205510501550e+03
2.275000000000000000e+03 2.274516205510500640e+03
2.325000000000000000e+03 2.324516205510500640e+03
2.375000000000000000e+03 2.374516205510500640e+03
2.425000000000000000e+03 2.424516205510500640e+03
2.475000000000000000e+03 2.474516205510498821e+03
2.525000000000000000e+03 2.524516205510498821e+03
2.575000000000000000e+03 2.574516205510498821e+03
2.625000000000000000e+03 2.624516205510498821e+03
2.675000000000000000e+03 2.674516205510498821e+03
2.725000000000000000e+03 2.724516205510498821e+03
2.775000000000000000e+03 2.774516205510498821e+03
2.825000000000000000e+03 2.824516205510498821e+03
2.875000000000000000e+03 2.874516205510498821e+03
2.925000000000000000e+03 2.924516205510498821e+03
2.975000000000000000e+03 2.974516205510498821e+03
3.025000000000000000e+03 3.024516205510498821e+03
3.075000000000000000e+03 3.074516205510498821e+03
3.125000000000000000e+03 3.124516205510498821e+03
3.175000000000000000e+03 3.174516205510498821e+03
3.225000000000000000e+03 3.224516205510498821e+03
3.275000000000000000e+03 3.274516205510498821e+03
3.325000000000000000e+03 3.324516205510498821e+03
3.375000000000000000e+03 3.374516205510498821e+03
3.425000000000000000e+03 3.424516205510498821e+03
3.475000000000000000e+03 3.474516205510498821e+03
3.525000000000000000e+03 3.524516205510498821e+03
3.575000000000000000e+03 3.574516205510498821e+03
3.625000000000000000e+03 3.624516205510498821e+03
3.675000000000000000e+03 3.674516205510498821e+03
3.725000000000000000e+03 3.724516205510498821e+03
3.775000000000000000e+03 3.774516205510498821e+03
3.825000000000000000e+03 3.824516205510498821e+03
3.875000000000000000e+03 3.874516205510498821e+03
3.925000000000000000e+03 3.924516205510498821e+03
3.975000000000000000e+03 3.974516205510498821e+03
4.025000000000000000e+03 4.024516205510498821e+03
4.075000000000000000e+03 4.074516205510498821e+03
4.125000000000000000e+03 4.124516205510498366e+03
4.175000000000000000e+03 4.174516205510496548e+03
4.225000000000000000e+03 4.224516205510495638e+03
4.275000000000000000e+03 4.274516205510492000e+03
4.325000000000000000e+03 4.324516205510493819e+03
4.375000000000000000e+03 4.374516205510490181e+03
4.425000000000000000e+03 4.424516205510492000e+03
4.475000000000000000e+03 4.474516205510493819e+03
4.525000000000000000e+03 4.524516205510493819e+03
4.575000000000000000e+03 4.574516205510493819e+03
4.625000000000000000e+03 4.624516205510493819e+03
4.675000000000000000e+03 4.674516205510493819e+03
4.725000000000000000e+03 4.724516205510493819e+03
4.775000000000000000e+03 4.774516205510493819e+03
4.825000000000000000e+03 4.824516205510493819e+03
4.875000000000000000e+03 4.874516205510493819e+03
4.925000000000000000e+03 4.924516205510493819e+03
4.975000000000000000e+03 4.974516205510493819e+03
5.025000000000000000e+03 5.024516205510493819e+03
5.075000000000000000e+03 5.074516205510493819e+03
5.125000000000000000e+03 5.124516205510493819e+03
5.175000000000000000e+03 5.174516205510493819e+03
5.225000000000000000e+03 5.224516205510493819e+03
5.275000000000000000e+03 5.274516205510493819e+03
5.325000000000000000e+03 5.324516205510493819e+03
5.375000000000000000e+03 5.374516205510493819e+03
5.425000000000000000e+03 5.424516205510493819e+03
5.475000000000000000e+03 5.474516205510493819e+03
5.525000000000000000e+03 5.524516205510493819e+03
5.575000000000000000e+03 5.574516205510493819e+03
5.625000000000000000e+03 5.624516205510493819e+03
5.675000000000000000e+03 5.674516205510493819e+03
5.725000000000000000e+03 5.724516205510493819e+03
5.775000000000000000e+03 5.774516205510493819e+03
5.825000000000000000e+03 5.824516205510493819e+03
5.875000000000000000e+03 5.874516205510493819e+03
5.925000000000000000e+03 5.924516205510493819e+03
5.975000000000000000e+03 5.974516205510493819e+03
6.025000000000000000e+03 6.024516205510493819e+03
6.075000000000000000e+03 6.074516205510493819e+03
6.125000000000000000e+03 6.124516205510493819e+03
6.175000000000000000e+03 6.174516205510493819e+03
6.225000000000000000e+03 6.224516205510493819e+03
6.275000000000000000e+03 6.274516205510493819e+03
6.325000000000000000e+03 6.324516205510493819e+03
6.375000000000000000e+03 6.374516205510493819e+03
6.425000000000000000e+03 6.424516205510493819e+03
6.475000000000000000e+03 6.474516205510493819e+03
6.525000000000000000e+03 6.524516205510493819e+03
6.575000000000000000e+03 6.574516205510493819e+03
6.625000000000000000e+03 6.624516205510493819e+03
6.675000000000000000e+03 6.674516205510493819e+03
6.725000000000000000e+03 6.724516205510493819e+03
6.775000000000000000e+03 6.774516205510493819e+03
6.825000000000000000e+03 6.824516205510493819e+03
6.875000000000000000e+03 6.874516205510493819e+03
6.925000000000000000e+03 6.924516205510493819e+03
6.975000000000000000e+03 6.974516205510493819e+03
7.025000000000000000e+03 7.024516205510493819e+03
7.075000000000000000e+03 7.074516205510493819e+03
7.125000000000000000e+03 7.124516205510493819e+03
7.175000000000000000e+03 7.174516205510493819e+03
7.225000000000000000e+03 7.224516205510493819e+03
7.275000000000000000e+03 7.274516205510493819e+03
7.325000000000000000e+03 7.324516205510493819e+03
7.375000000000000000e+03 7.374516205510493819e+03
7.425000000000000000e+03 7.424516205510493819e+03
7.475000000000000000e+03 7.474516205510493819e+03
7.525000000000000000e+03 7.524516205510493819e+03
7.575000000000000000e+03 7.574516205510493819e+03
7.625000000000000000e+03 7.624516205510493819e+03
7.675000000000000000e+03 7.674516205510493819e+03
7.725000000000000000e+03 7.724516205510493819e+03
7.775000000000000000e+03 7.774516205510493819e+03
7.825000000000000000e+03 7.824516205510493819e+03
7.875000000000000000e+03 7.874516205510493819e+03
7.925000000000000000e+03 7.924516205510493819e+03
7.975000000000000000e+03 7.974516205510493819e+03
8.025000000000000000e+03 8.024516205510493819e+03
8.075000000000000000e+03 8.074516205510493819e+03
8.125000000000000000e+03 8.124516205510493819e+03
8.175000000000000000e+03 8.174516205510493819e+03
8.225000000000000000e+03 8.224516205510495638e+03
8.275000000000000000e+03 8.274516205510493819e+03
8.325000000000000000e+03 8.324516205510499276e+03
8.375000000000000000e+03 8.374516205510499276e+03
8.425000000000000000e+03 8.424516205510499276e+03
8.475000000000000000e+03 8.474516205510502914e+03
8.525000000000000000e+03 8.524516205510502914e+03
8.575000000000000000e+03 8.574516205510499276e+03
8.625000000000000000e+03 8.624516205510499276e+03
8.675000000000000000e+03 8.674516205510499276e+03
8.725000000000000000e+03 8.724516205510499276e+03
8.775000000000000000e+03 8.774516205510499276e+03
8.825000000000000000e+03 8.824516205510499276e+03
8.875000000000000000e+03 8.874516205510499276e+03
8.925000000000000000e+03 8.924516205510499276e+03
8.975000000000000000e+03 8.974516205510499276e+03
9.025000000000000000e+03 9.024516205510499276e+03
9.075000000000000000e+03 9.074516205510499276e+03
9.125000000000000000e+03 9.124516205510499276e+03
9.175000000000000000e+03 9.174516205510499276e+03
9.225000000000000000e+03 9.224516205510499276e+03
9.275000000000000000e+03 9.274516205510499276e+03
9.325000000000000000e+03 9.324516205510499276e+03
9.375000000000000000e+03 9.374516205510499276e+03
9.425000000000000000e+03 9.424516205510499276e+03
9.475000000000000000e+03 9.474516205510499276e+03
9.525000000000000000e+03 9.524516205510499276e+03
9.575000000000000000e+03 9.574516205510499276e+03
9.625000000000000000e+03 9.624516205510499276e+03
9.675000000000000000e+03 9.674516205510499276e+03
9.725000000000000000e+03 9.724516205510499276e+03
9.775000000000000000e+03 9.774516205510499276e+03
9.825000000000000000e+03 9.824516205510499276e+03
9.875000000000000000e+03 9.874516205510499276e+03
9.925000000000000000e+03 9.924516205510499276e+03
9.975000000000000000e+03 9.974516205510499276e+03
1.002500000000000000e+04 1.002451620551049928e+04
1.007500000000000000e+04 1.007451620551049928e+04
1.012500000000000000e+04 1.012451620551049928e+04
1.017500000000000000e+04 1.017451620551049928e+04
1.022500000000000000e+04 1.022451620551049928e+04
1.027500000000000000e+04 1.027451620551049928e+04
1.032500000000000000e+04 1.032451620551049928e+04
1.037500000000000000e+04 1.037451620551049928e+04
1.042500000000000000e+04 1.042451620551049928e+04
1.047500000000000000e+04 1.047451620551049928e+04
1.052500000000000000e+04 1.052451620551049928e+04
1.057500000000000000e+04 1.057451620551049928e+04
1.062500000000000000e+04 1.062451620551049928e+04
1.067500000000000000e+04 1.067451620551049928e+04
1.072500000000000000e+04 1.072451620551049928e+04
1.077500000000000000e+04 1.077451620551049928e+04
1.082500000000000000e+04 1.082451620551049928e+04
1.087500000000000000e+04 1.087451620551049928e+04
1.092500000000000000e+04 1.092451620551049928e+04
1.097500000000000000e+04 1.097451620551049928e+04
1.102500000000000000e+04 1.102451620551049928e+04
1.107500000000000000e+04 1.107451620551049928e+04
1.112500000000000000e+04 1.112451620551049928e+04
1.117500000000000000e+04 1.117451620551049928e+04
1.122500000000000000e+04 1.122451620551049928e+04
1.127500000000000000e+04 1.127451620551049928e+04
1.132500000000000000e+04 1.132451620551049928e+04
1.137500000000000000e+04 1.137451620551049928e+04
1.142500000000000000e+04 1.142451620551049928e+04
1.147500000000000000e+04 1.147451620551049928e+04
1.152500000000000000e+04 1.152451620551049928e+04
1.157500000000000000e+04 1.157451620551049928e+04
1.162500000000000000e+04 1.162451620551049928e+04
1.167500000000000000e+04 1.167451620551049928e+04
1.172500000000000000e+04 1.172451620551049928e+04
1.177500000000000000e+04 1.177451620551049928e+04
1.182500000000000000e+04 1.182451620551049928e+04
1.187500000000000000e+04 1.187451620551049928e+04
1.192500000000000000e+04 1.192451620551049928e+04
1.197500000000000000e+04 1.197451620551049928e+04
1.202500000000000000e+04 1.202451620551049928e+04
1.207500000000000000e+04 1.207451620551049928e+04
1.212500000000000000e+04 1.212451620551049928e+04
1.217500000000000000e+04 1.217451620551049928e+04
1.222500000000000000e+04 1.222451620551049928e+04
1.227500000000000000e+04 1.227451620551049928e+04
1.232500000000000000e+04 1.232451620551049928e+04
1.237500000000000000e+04 1.237451620551049928e+04
1.242500000000000000e+04 1.242451620551049928e+04
1.247500000000000000e+04 1.247451620551049928e+04
1.252500000000000000e+04 1.252451620551049928e+04
1.257500000000000000e+04 1.257451620551049928e+04
1.262500000000000000e+04 1.262451620551049928e+04
1.267500000000000000e+04 1.267451620551049928e+04
1.272500000000000000e+04 1.272451620551049928e+04
1.277500000000000000e+04 1.277451620551049928e+04
1.282500000000000000e+04 1.282451620551049928e+04
1.287500000000000000e+04 1.287451620551049928e+04
1.292500000000000000e+04 1.292451620551049928e+04
1.297500000000000000e+04 1.297451620551049928e+04
1.302500000000000000e+04 1.302451620551049928e+04
1.307500000000000000e+04 1.307451620551049928e+04
1.312500000000000000e+04 1.312451620551049928e+04
1.317500000000000000e+04 1.317451620551049928e+04
1.322500000000000000e+04 1.322451620551049928e+04
1.327500000000000000e+04 1.327451620551049928e+04
1.332500000000000000e+04 1.332451620551049928e+04
1.337500000000000000e+04 1.337451620551049928e+04
1.342500000000000000e+04 1.342451620551049928e+04
1.347500000000000000e+04 1.347451620551049928e+04
1.352500000000000000e+04 1.352451620551049928e+04
1.357500000000000000e+04 1.357451620551049928e+04
1.362500000000000000e+04 1.362451620551049928e+04
1.367500000000000000e+04 1.367451620551049928e+04
1.372500000000000000e+04 1.372451620551049928e+04
1.377500000000000000e+04 1.377451620551049928e+04
1.382500000000000000e+04 1.382451620551049928e+04
1.387500000000000000e+04 1.387451620551049928e+04
1.392500000000000000e+04 1.392451620551049928e+04
1.397500000000000000e+04 1.397451620551049928e+04
1.402500000000000000e+04 1.402451620551049928e+04
1.407500000000000000e+04 1.407451620551049928e+04
1.412500000000000000e+04 1.412451620551049928e+04
1.417500000000000000e+04 1.417451620551049928e+04
1.422500000000000000e+04 1.422451620551049928e+04
1.427500000000000000e+04 1.427451620551049928e+04
1.432500000000000000e+04 1.432451620551049928e+04
1.437500000000000000e+04 1.437451620551049928e+04
1.442500000000000000e+04 1.442451620551049928e+04
1.447500000000000000e+04 1.447451620551049928e+04
1.452500000000000000e+04 1.452451620551049928e+04
1.457500000000000000e+04 1.457451620551049928e+04
1.462500000000000000e+04 1.462451620551049928e+04
1.467500000000000000e+04 1.467451620551049928e+04
1.472500000000000000e+04 1.472451620551049928e+04
1.477500000000000000e+04 1.477451620551049928e+04
1.482500000000000000e+04 1.482451620551049928e+04
1.487500000000000000e+04 1.487451620551049928e+04
1.492500000000000000e+04 1.492451620551049928e+04
1.497500000000000000e+04 1.497451620551049928e+04
1.502500000000000000e+04 1.502451620551049928e+04
1.507500000000000000e+04 1.507451620551049928e+04
1.512500000000000000e+04 1.512451620551049928e+04
1.517500000000000000e+04 1.517451620551049928e+04
1.522500000000000000e+04 1.522451620551049928e+04
1.527500000000000000e+04 1.527451620551049928e+04
1.532500000000000000e+04 1.532451620551049928e+04
1.537500000000000000e+04 1.537451620551049928e+04
1.542500000000000000e+04 1.542451620551049928e+04
1.547500000000000000e+04 1.547451620551049928e+04
1.552500000000000000e+04 1.552451620551049928e+04
1.557500000000000000e+04 1.557451620551049928e+04
1.562500000000000000e+04 1.562451620551049928e+04
1.567500000000000000e+04 1.567451620551049928e+04
1.572500000000000000e+04 1.572451620551049928e+04
1.577500000000000000e+04 1.577451620551049928e+04
1.582500000000000000e+04 1.582451620551049928e+04
1.587500000000000000e+04 1.587451620551049928e+04
1.592500000000000000e+04 1.592451620551049928e+04
1.597500000000000000e+04 1.597451620551049928e+04
1.602500000000000000e+04 1.602451620551049928e+04
1.607500000000000000e+04 1.607451620551049928e+04
1.612500000000000000e+04 1.612451620551049928e+04
1.617500000000000000e+04 1.617451620551049928e+04
1.622500000000000000e+04 1.622451620551049928e+04
1.627500000000000000e+04 1.627451620551049928e+04
1.632500000000000000e+04 1.632451620551049928e+04
1.637500000000000000e+04 1.637451620551049928e+04
1.642500000000000000e+04 1.642451620551049928e+04
1.647500000000000000e+04 1.647451620551050291e+04
1.652500000000000000e+04 1.652451620551049928e+04
1.657500000000000000e+04 1.657451620551049564e+04
1.662500000000000000e+04 1.662451620551049564e+04
1.667500000000000000e+04 1.667451620551049928e+04
1.672500000000000000e+04 1.672451620551049928e+04
1.677500000000000000e+04 1.677451620551049928e+04
1.682500000000000000e+04 1.682451620551050291e+04
1.687500000000000000e+04 1.687451620551050291e+04
1.692500000000000000e+04 1.692451620551050291e+04
1.697500000000000000e+04 1.697451620551050291e+04
1.702500000000000000e+04 1.702451620551050291e+04
1.707500000000000000e+04 1.707451620551050291e+04
1.712500000000000000e+04 1.712451620551050291e+04
1.717500000000000000e+04 1.717451620551050291e+04
1.722500000000000000e+04 1.722451620551050291e+04
1.727500000000000000e+04 1.727451620551050291e+04
1.732500000000000000e+04 1.732451620551050291e+04
1.737500000000000000e+04 1.737451620551050291e+04
1.742500000000000000e+04 1.742451620551050291e+04
1.747500000000000000e+04 1.747451620551050291e+04
1.752500000000000000e+04 1.752451620551050291e+04
1.757500000000000000e+04 1.757451620551050291e+04
1.762500000000000000e+04 1.762451620551050291e+04
1.767500000000000000e+04 1.767451620551050291e+04
1.772500000000000000e+04 1.772451620551050291e+04
1.777500000000000000e+04 1.777451620551050291e+04
1.782500000000000000e+04 1.782451620551050291e+04
1.787500000000000000e+04 1.787451620551050291e+04
1.792500000000000000e+04 1.792451620551050291e+04
1.797500000000000000e+04 1.797451620551050291e+04
1.802500000000000000e+04 1.802451620551050291e+04
1.807500000000000000e+04 1.807451620551050291e+04
1.812500000000000000e+04 1.812451620551050291e+04
1.817500000000000000e+04 1.817451620551050291e+04
1.822500000000000000e+04 1.822451620551050291e+04
1.827500000000000000e+04 1.827451620551050291e+04
1.832500000000000000e+04 1.832451620551050291e+04
1.837500000000000000e+04 1.837451620551050291e+04
1.842500000000000000e+04 1.842451620551050291e+04
1.847500000000000000e+04 1.847451620551050291e+04
1.852500000000000000e+04 1.852451620551050291e+04
1.857500000000000000e+04 1.857451620551050291e+04
1.862500000000000000e+04 1.862451620551050291e+04
1.867500000000000000e+04 1.867451620551050291e+04
1.872500000000000000e+04 1.872451620551050291e+04
1.877500000000000000e+04 1.877451620551050291e+04
1.882500000000000000e+04 1.882451620551050291e+04
1.887500000000000000e+04 1.887451620551050291e+04
1.892500000000000000e+04 1.892451620551050291e+04
1.897500000000000000e+04 1.897451620551050291e+04
1.902500000000000000e+04 1.902451620551050291e+04
1.907500000000000000e+04 1.907451620551050291e+04
1.912500000000000000e+04 1.912451620551050291e+04
1.917500000000000000e+04 1.917451620551050291e+04
1.922500000000000000e+04 1.922451620551050291e+04
1.927500000000000000e+04 1.927451620551050291e+04
1.932500000000000000e+04 1.932451620551050291e+04
1.937500000000000000e+04 1.937451620551050291e+04
1.942500000000000000e+04 1.942451620551050291e+04
1.947500000000000000e+04 1.947451620551050291e+04
1.952500000000000000e+04 1.952451620551050291e+04
1.957500000000000000e+04 1.957451620551050291e+04
1.962500000000000000e+04 1.962451620551050291e+04
1.967500000000000000e+04 1.967451620551050291e+04
1.972500000000000000e+04 1.972451620551050291e+04
1.977500000000000000e+04 1.977451620551050291e+04
1.982500000000000000e+04 1.982451620551050291e+04
1.987500000000000000e+04 1.987451620551050291e+04
1.992500000000000000e+04 1.992451620551050291e+04
