6.250000000000000000e+02 6.186937547381382956e+02
6.750000000000000000e+02 6.686937547381380682e+02
7.250000000000000000e+02 7.186937547381380682e+02
7.750000000000000000e+02 7.686937547381380682e+02
8.250000000000000000e+02 8.186937547381378408e+02
8.750000000000000000e+02 8.686937547381380682e+02
9.250000000000000000e+02 9.186937547381382956e+02
9.750000000000000000e+02 9.686937547381385230e+02
1.025000000000000000e+03 1.018693754738138750e+03
1.075000000000000000e+03 1.068693754738140115e+03
1.125000000000000000e+03 1.118693754738140569e+03
1.175000000000000000e+03 1.168693754738141024e+03
1.225000000000000000e+03 1.218693754738140115e+03
1.275000000000000000e+03 1.268693754738140569e+03
1.325000000000000000e+03 1.318693754738140115e+03
1.375000000000000000e+03 1.368693754738140115e+03
1.425000000000000000e+03 1.418693754738139660e+03
1.475000000000000000e+03 1.468693754738139660e+03
1.525000000000000000e+03 1.518693754738139660e+03
1.575000000000000000e+03 1.568693754738139205e+03
1.625000000000000000e+03 1.618693754738139205e+03
1.675000000000000000e+03 1.668693754738139205e+03
1.725000000000000000e+03 1.718693754738139205e+03
1.775000000000000000e+03 1.768693754738139205e+03
1.825000000000000000e+03 1.818693754738139205e+03
1.875000000000000000e+03 1.868693754738139205e+03
1.925000000000000000e+03 1.918693754738139205e+03
1.975000000000000000e+03 1.968693754738139205e+03
2.025000000000000000e+03 2.018693754738139205e+03
2.075000000000000000e+03 2.068693754738139432e+03
2.125000000000000000e+03 2.118693754738138068e+03
2.175000000000000000e+03 2.168693754738136704e+03
2.225000000000000000e+03 2.218693754738135794e+03
2.275000000000000000e+03 2.268693754738135794e+03
2.325000000000000000e+03 2.318693754738134885e+03
2.375000000000000000e+03 2.368693754738134885e+03
2.425000000000000000e+03 2.418693754738134885e+03
2.475000000000000000e+03 2.468693754738133975e+03
2.525000000000000000e+03 2.518693754738133975e+03
2.575000000000000000e+03 2.568693754738134885e+03
2.625000000000000000e+03 2.618693754738133975e+03
2.675000000000000000e+03 2.668693754738134885e+03
2.725000000000000000e+03 2.718693754738134885e+03
2.775000000000000000e+03 2.768693754738134885e+03
2.825000000000000000e+03 2.818693754738134885e+03
2.875000000000000000e+03 2.868693754738134885e+03
2.925000000000000000e+03 2.918693754738134885e+03
2.975000000000000000e+03 2.968693754738134885e+03
3.025000000000000000e+03 3.018693754738134885e+03
3.075000000000000000e+03 3.068693754738134885e+03
3.125000000000000000e+03 3.118693754738134885e+03
3.175000000000000000e+03 3.168693754738134885e+03
3.225000000000000000e+03 3.218693754738134885e+03
3.275000000000000000e+03 3.268693754738134885e+03
3.325000000000000000e+03 3.318693754738134885e+03
3.375000000000000000e+03 3.368693754738134885e+03
3.425000000000000000e+03 3.418693754738134885e+03
3.475000000000000000e+03 3.468693754738134885e+03
3.525000000000000000e+03 3.518693754738134885e+03
3.575000000000000000e+03 3.568693754738134885e+03
3.625000000000000000e+03 3.618693754738134885e+03
3.675000000000000000e+03 3.668693754738134885e+03
3.725000000000000000e+03 3.718693754738134885e+03
3.775000000000000000e+03 3.768693754738134885e+03
3.825000000000000000e+03 3.818693754738134885e+03
3.875000000000000000e+03 3.868693754738134885e+03
3.925000000000000000e+03 3.918693754738134885e+03
3.975000000000000000e+03 3.968693754738134885e+03
4.025000000000000000e+03 4.018693754738134885e+03
4.075000000000000000e+03 4.068693754738134885e+03
4.125000000000000000e+03 4.118693754738133975e+03
4.175000000000000000e+03 4.168693754738133066e+03
4.225000000000000000e+03 4.218693754738133066e+03
4.275000000000000000e+03 4.268693754738133066e+03
4.325000000000000000e+03 4.318693754738136704e+03
4.375000000000000000e+03 4.368693754738136704e+03
4.425000000000000000e+03 4.418693754738138523e+03
4.475000000000000000e+03 4.468693754738136704e+03
4.525000000000000000e+03 4.518693754738138523e+03
4.575000000000000000e+03 4.568693754738134885e+03
4.625000000000000000e+03 4.618693754738134885e+03
4.675000000000000000e+03 4.668693754738134885e+03
4.725000000000000000e+03 4.718693754738136704e+03
4.775000000000000000e+03 4.768693754738136704e+03
4.825000000000000000e+03 4.818693754738136704e+03
4.875000000000000000e+03 4.868693754738136704e+03
4.925000000000000000e+03 4.918693754738136704e+03
4.975000000000000000e+03 4.968693754738136704e+03
5.025000000000000000e+03 5.018693754738136704e+03
5.075000000000000000e+03 5.068693754738136704e+03
5.125000000000000000e+03 5.118693754738136704e+03
5.175000000000000000e+03 5.168693754738136704e+03
5.225000000000000000e+03 5.218693754738136704e+03
5.275000000000000000e+03 5.268693754738136704e+03
5.325000000000000000e+03 5.318693754738136704e+03
5.375000000000000000e+03 5.368693754738136704e+03
5.425000000000000000e+03 5.418693754738136704e+03
5.475000000000000000e+03 5.468693754738136704e+03
5.525000000000000000e+03 5.518693754738136704e+03
5.575000000000000000e+03 5.568693754738136704e+03
5.625000000000000000e+03 5.618693754738136704e+03
5.675000000000000000e+03 5.668693754738136704e+03
5.725000000000000000e+03 5.718693754738136704e+03
5.775000000000000000e+03 5.768693754738136704e+03
5.825000000000000000e+03 5.818693754738136704e+03
5.875000000000000000e+03 5.868693754738136704e+03
5.925000000000000000e+03 5.918693754738136704e+03
5.975000000000000000e+03 5.968693754738136704e+03
6.025000000000000000e+03 6.018693754738136704e+03
6.075000000000000000e+03 6.068693754738136704e+03
6.125000000000000000e+03 6.118693754738136704e+03
6.175000000000000000e+03 6.168693754738136704e+03
6.225000000000000000e+03 6.218693754738136704e+03
6.275000000000000000e+03 6.268693754738136704e+03
6.325000000000000000e+03 6.318693754738136704e+03
6.375000000000000000e+03 6.368693754738136704e+03
6.425000000000000000e+03 6.418693754738136704e+03
6.475000000000000000e+03 6.468693754738136704e+03
6.525000000000000000e+03 6.518693754738136704e+03
6.575000000000000000e+03 6.568693754738136704e+03
6.625000000000000000e+03 6.618693754738136704e+03
6.675000000000000000e+03 6.668693754738136704e+03
6.725000000000000000e+03 6.718693754738136704e+03
6.775000000000000000e+03 6.768693754738136704e+03
6.825000000000000000e+03 6.818693754738136704e+03
6.875000000000000000e+03 6.868693754738136704e+03
6.925000000000000000e+03 6.918693754738136704e+03
6.975000000000000000e+03 6.968693754738136704e+03
7.025000000000000000e+03 7.018693754738136704e+03
7.075000000000000000e+03 7.068693754738136704e+03
7.125000000000000000e+03 7.118693754738136704e+03
7.175000000000000000e+03 7.168693754738136704e+03
7.225000000000000000e+03 7.218693754738136704e+03
7.275000000000000000e+03 7.268693754738136704e+03
7.325000000000000000e+03 7.318693754738136704e+03
7.375000000000000000e+03 7.368693754738136704e+03
7.425000000000000000e+03 7.418693754738136704e+03
7.475000000000000000e+03 7.468693754738136704e+03
7.525000000000000000e+03 7.518693754738136704e+03
7.575000000000000000e+03 7.568693754738136704e+03
7.625000000000000000e+03 7.618693754738136704e+03
7.675000000000000000e+03 7.668693754738136704e+03
7.725000000000000000e+03 7.718693754738136704e+03
7.775000000000000000e+03 7.768693754738136704e+03
7.825000000000000000e+03 7.818693754738136704e+03
7.875000000000000000e+03 7.868693754738136704e+03
7.925000000000000000e+03 7.918693754738136704e+03
7.975000000000000000e+03 7.968693754738136704e+03
8.025000000000000000e+03 8.018693754738136704e+03
8.075000000000000000e+03 8.068693754738136704e+03
8.125000000000000000e+03 8.118693754738136704e+03
8.175000000000000000e+03 8.168693754738136704e+03
8.225000000000000000e+03 8.218693754738138523e+03
8.275000000000000000e+03 8.268693754738138523e+03
8.325000000000000000e+03 8.318693754738136704e+03
8.375000000000000000e+03 8.368693754738140342e+03
8.425000000000000000e+03 8.418693754738138523e+03
8.475000000000000000e+03 8.468693754738142161e+03
8.525000000000000000e+03 8.518693754738142161e+03
8.575000000000000000e+03 8.568693754738145799e+03
8.625000000000000000e+03 8.618693754738145799e+03
8.675000000000000000e+03 8.668693754738153075e+03
8.725000000000000000e+03 8.718693754738153075e+03
8.775000000000000000e+03 8.768693754738153075e+03
8.825000000000000000e+03 8.818693754738153075e+03
8.875000000000000000e+03 8.868693754738153075e+03
8.925000000000000000e+03 8.918693754738153075e+03
8.975000000000000000e+03 8.968693754738153075e+03
9.025000000000000000e+03 9.018693754738153075e+03
9.075000000000000000e+03 9.068693754738153075e+03
9.125000000000000000e+03 9.118693754738153075e+03
9.175000000000000000e+03 9.168693754738153075e+03
9.225000000000000000e+03 9.218693754738153075e+03
9.275000000000000000e+03 9.268693754738153075e+03
9.325000000000000000e+03 9.318693754738153075e+03
9.375000000000000000e+03 9.368693754738153075e+03
9.425000000000000000e+03 9.418693754738153075e+03
9.475000000000000000e+03 9.468693754738153075e+03
9.525000000000000000e+03 9.518693754738153075e+03
9.575000000000000000e+03 9.568693754738153075e+03
9.625000000000000000e+03 9.618693754738153075e+03
9.675000000000000000e+03 9.668693754738153075e+03
9.725000000000000000e+03 9.718693754738153075e+03
9.775000000000000000e+03 9.768693754738153075e+03
9.825000000000000000e+03 9.818693754738153075e+03
9.875000000000000000e+03 9.868693754738153075e+03
9.925000000000000000e+03 9.918693754738153075e+03
9.975000000000000000e+03 9.968693754738153075e+03
1.002500000000000000e+04 1.001869375473815307e+04
1.007500000000000000e+04 1.006869375473815307e+04
1.012500000000000000e+04 1.011869375473815307e+04
1.017500000000000000e+04 1.016869375473815307e+04
1.022500000000000000e+04 1.021869375473815307e+04
1.027500000000000000e+04 1.026869375473815307e+04
1.032500000000000000e+04 1.031869375473815307e+04
1.037500000000000000e+04 1.036869375473815307e+04
1.042500000000000000e+04 1.041869375473815307e+04
1.047500000000000000e+04 1.046869375473815307e+04
1.052500000000000000e+04 1.051869375473815307e+04
1.057500000000000000e+04 1.056869375473815307e+04
1.062500000000000000e+04 1.061869375473815307e+04
1.067500000000000000e+04 1.066869375473815307e+04
1.072500000000000000e+04 1.071869375473815307e+04
1.077500000000000000e+04 1.076869375473815307e+04
1.082500000000000000e+04 1.081869375473815307e+04
1.087500000000000000e+04 1.086869375473815307e+04
1.092500000000000000e+04 1.091869375473815307e+04
1.097500000000000000e+04 1.096869375473815307e+04
1.102500000000000000e+04 1.101869375473815307e+04
1.107500000000000000e+04 1.106869375473815307e+04
1.112500000000000000e+04 1.111869375473815307e+04
1.117500000000000000e+04 1.116869375473815307e+04
1.122500000000000000e+04 1.121869375473815307e+04
1.127500000000000000e+04 1.126869375473815307e+04
1.132500000000000000e+04 1.131869375473815307e+04
1.137500000000000000e+04 1.136869375473815307e+04
1.142500000000000000e+04 1.141869375473815307e+04
1.147500000000000000e+04 1.146869375473815307e+04
1.152500000000000000e+04 1.151869375473815307e+04
1.157500000000000000e+04 1.156869375473815307e+04
1.162500000000000000e+04 1.161869375473815307e+04
1.167500000000000000e+04 1.166869375473815307e+04
1.172500000000000000e+04 1.171869375473815307e+04
1.177500000000000000e+04 1.176869375473815307e+04
1.182500000000000000e+04 1.181869375473815307e+04
1.187500000000000000e+04 1.186869375473815307e+04
1.192500000000000000e+04 1.191869375473815307e+04
1.197500000000000000e+04 1.196869375473815307e+04
1.202500000000000000e+04 1.201869375473815307e+04
1.207500000000000000e+04 1.206869375473815307e+04
1.212500000000000000e+04 1.211869375473815307e+04
1.217500000000000000e+04 1.216869375473815307e+04
1.222500000000000000e+04 1.221869375473815307e+04
1.227500000000000000e+04 1.226869375473815307e+04
1.232500000000000000e+04 1.231869375473815307e+04
1.237500000000000000e+04 1.236869375473815307e+04
1.242500000000000000e+04 1.241869375473815307e+04
1.247500000000000000e+04 1.246869375473815307e+04
1.252500000000000000e+04 1.251869375473815307e+04
1.257500000000000000e+04 1.256869375473815307e+04
1.262500000000000000e+04 1.261869375473815307e+04
1.267500000000000000e+04 1.266869375473815307e+04
1.272500000000000000e+04 1.271869375473815307e+04
1.277500000000000000e+04 1.276869375473815307e+04
1.282500000000000000e+04 1.281869375473815307e+04
1.287500000000000000e+04 1.286869375473815307e+04
1.292500000000000000e+04 1.291869375473815307e+04
1.297500000000000000e+04 1.296869375473815307e+04
1.302500000000000000e+04 1.301869375473815307e+04
1.307500000000000000e+04 1.306869375473815307e+04
1.312500000000000000e+04 1.311869375473815307e+04
1.317500000000000000e+04 1.316869375473815307e+04
1.322500000000000000e+04 1.321869375473815307e+04
1.327500000000000000e+04 1.326869375473815307e+04
1.332500000000000000e+04 1.331869375473815307e+04
1.337500000000000000e+04 1.336869375473815307e+04
1.342500000000000000e+04 1.341869375473815307e+04
1.347500000000000000e+04 1.346869375473815307e+04
1.352500000000000000e+04 1.351869375473815307e+04
1.357500000000000000e+04 1.356869375473815307e+04
1.362500000000000000e+04 1.361869375473815307e+04
1.367500000000000000e+04 1.366869375473815307e+04
1.372500000000000000e+04 1.371869375473815307e+04
1.377500000000000000e+04 1.376869375473815307e+04
1.382500000000000000e+04 1.381869375473815307e+04
1.387500000000000000e+04 1.386869375473815307e+04
1.392500000000000000e+04 1.391869375473815307e+04
1.397500000000000000e+04 1.396869375473815307e+04
1.402500000000000000e+04 1.401869375473815307e+04
1.407500000000000000e+04 1.406869375473815307e+04
1.412500000000000000e+04 1.411869375473815307e+04
1.417500000000000000e+04 1.416869375473815307e+04
1.422500000000000000e+04 1.421869375473815307e+04
1.427500000000000000e+04 1.426869375473815307e+04
1.432500000000000000e+04 1.431869375473815307e+04
1.437500000000000000e+04 1.436869375473815307e+04
1.442500000000000000e+04 1.441869375473815307e+04
1.447500000000000000e+04 1.446869375473815307e+04
1.452500000000000000e+04 1.451869375473815307e+04
1.457500000000000000e+04 1.456869375473815307e+04
1.462500000000000000e+04 1.461869375473815307e+04
1.467500000000000000e+04 1.466869375473815307e+04
1.472500000000000000e+04 1.471869375473815307e+04
1.477500000000000000e+04 1.476869375473815307e+04
1.482500000000000000e+04 1.481869375473815307e+04
1.487500000000000000e+04 1.486869375473815307e+04
1.492500000000000000e+04 1.491869375473815307e+04
1.497500000000000000e+04 1.496869375473815307e+04
1.502500000000000000e+04 1.501869375473815307e+04
1.507500000000000000e+04 1.506869375473815307e+04
1.512500000000000000e+04 1.511869375473815307e+04
1.517500000000000000e+04 1.516869375473815307e+04
1.522500000000000000e+04 1.521869375473815307e+04
1.527500000000000000e+04 1.526869375473815307e+04
1.532500000000000000e+04 1.531869375473815307e+04
1.537500000000000000e+04 1.536869375473815307e+04
1.542500000000000000e+04 1.541869375473815307e+04
1.547500000000000000e+04 1.546869375473815307e+04
1.552500000000000000e+04 1.551869375473815307e+04
1.557500000000000000e+04 1.556869375473815307e+04
1.562500000000000000e+04 1.561869375473815307e+04
1.567500000000000000e+04 1.566869375473815307e+04
1.572500000000000000e+04 1.571869375473815307e+04
1.577500000000000000e+04 1.576869375473815307e+04
1.582500000000000000e+04 1.581869375473815307e+04
1.587500000000000000e+04 1.586869375473815307e+04
1.592500000000000000e+04 1.591869375473815307e+04
1.597500000000000000e+04 1.596869375473815307e+04
1.602500000000000000e+04 1.601869375473815307e+04
1.607500000000000000e+04 1.606869375473815307e+04
1.612500000000000000e+04 1.611869375473815307e+04
1.617500000000000000e+04 1.616869375473815307e+04
1.622500000000000000e+04 1.621869375473815307e+04
1.627500000000000000e+04 1.626869375473815307e+04
1.632500000000000000e+04 1.631869375473815307e+04
1.637500000000000000e+04 1.636869375473815307e+04
1.642500000000000000e+04 1.641869375473814944e+04
1.647500000000000000e+04 1.646869375473815307e+04
1.652500000000000000e+04 1.651869375473815307e+04
1.657500000000000000e+04 1.656869375473814944e+04
1.662500000000000000e+04 1.661869375473814944e+04
1.667500000000000000e+04 1.666869375473815307e+04
1.672500000000000000e+04 1.671869375473815671e+04
1.677500000000000000e+04 1.676869375473815307e+04
1.682500000000000000e+04 1.681869375473815307e+04
1.687500000000000000e+04 1.686869375473815307e+04
1.692500000000000000e+04 1.691869375473815307e+04
1.697500000000000000e+04 1.696869375473815307e+04
1.702500000000000000e+04 1.701869375473815307e+04
1.707500000000000000e+04 1.706869375473815307e+04
1.712500000000000000e+04 1.711869375473815307e+04
1.717500000000000000e+04 1.716869375473815307e+04
1.722500000000000000e+04 1.721869375473815307e+04
1.727500000000000000e+04 1.726869375473815307e+04
1.732500000000000000e+04 1.731869375473815307e+04
1.737500000000000000e+04 1.736869375473815307e+04
1.742500000000000000e+04 1.741869375473815307e+04
1.747500000000000000e+04 1.746869375473815307e+04
1.752500000000000000e+04 1.751869375473815307e+04
1.757500000000000000e+04 1.756869375473815307e+04
1.762500000000000000e+04 1.761869375473815307e+04
1.767500000000000000e+04 1.766869375473815307e+04
1.772500000000000000e+04 1.771869375473815307e+04
1.777500000000000000e+04 1.776869375473815307e+04
1.782500000000000000e+04 1.781869375473815307e+04
1.787500000000000000e+04 1.786869375473815307e+04
1.792500000000000000e+04 1.791869375473815307e+04
1.797500000000000000e+04 1.796869375473815307e+04
1.802500000000000000e+04 1.801869375473815307e+04
1.807500000000000000e+04 1.806869375473815307e+04
1.812500000000000000e+04 1.811869375473815307e+04
1.817500000000000000e+04 1.816869375473815307e+04
1.822500000000000000e+04 1.821869375473815307e+04
1.827500000000000000e+04 1.826869375473815307e+04
1.832500000000000000e+04 1.831869375473815307e+04
1.837500000000000000e+04 1.836869375473815307e+04
1.842500000000000000e+04 1.841869375473815307e+04
1.847500000000000000e+04 1.846869375473815307e+04
1.852500000000000000e+04 1.851869375473815307e+04
1.857500000000000000e+04 1.856869375473815307e+04
1.862500000000000000e+04 1.861869375473815307e+04
1.867500000000000000e+04 1.866869375473815307e+04
1.872500000000000000e+04 1.871869375473815307e+04
1.877500000000000000e+04 1.876869375473815307e+04
1.882500000000000000e+04 1.881869375473815307e+04
1.887500000000000000e+04 1.886869375473815307e+04
1.892500000000000000e+04 1.891869375473815307e+04
1.897500000000000000e+04 1.896869375473815307e+04
1.902500000000000000e+04 1.901869375473815307e+04
1.907500000000000000e+04 1.906869375473815307e+04
1.912500000000000000e+04 1.911869375473815307e+04
1.917500000000000000e+04 1.916869375473815307e+04
1.922500000000000000e+04 1.921869375473815307e+04
1.927500000000000000e+04 1.926869375473815307e+04
1.932500000000000000e+04 1.931869375473815307e+04
1.937500000000000000e+04 1.936869375473815307e+04
1.942500000000000000e+04 1.941869375473815307e+04
1.947500000000000000e+04 1.946869375473815307e+04
1.952500000000000000e+04 1.951869375473815307e+04
1.957500000000000000e+04 1.956869375473815307e+04
1.962500000000000000e+04 1.961869375473815307e+04
1.967500000000000000e+04 1.966869375473815307e+04
1.972500000000000000e+04 1.971869375473815307e+04
1.977500000000000000e+04 1.976869375473815307e+04
1.982500000000000000e+04 1.981869375473815307e+04
1.987500000000000000e+04 1.986869375473815307e+04
1.992500000000000000e+04 1.991869375473815307e+04
