1.025000000000000000e+03 1.014489591230231213e+03
1.075000000000000000e+03 1.064489591230231781e+03
1.125000000000000000e+03 1.114489591230232236e+03
1.175000000000000000e+03 1.164489591230231781e+03
1.225000000000000000e+03 1.214489591230231326e+03
1.275000000000000000e+03 1.264489591230231326e+03
1.325000000000000000e+03 1.314489591230231781e+03
1.375000000000000000e+03 1.364489591230232236e+03
1.425000000000000000e+03 1.414489591230232691e+03
1.475000000000000000e+03 1.464489591230232236e+03
1.525000000000000000e+03 1.514489591230231781e+03
1.575000000000000000e+03 1.564489591230231781e+03
1.625000000000000000e+03 1.614489591230232236e+03
1.675000000000000000e+03 1.664489591230231781e+03
1.725000000000000000e+03 1.714489591230232236e+03
1.775000000000000000e+03 1.764489591230232691e+03
1.825000000000000000e+03 1.814489591230232236e+03
1.875000000000000000e+03 1.864489591230232236e+03
1.925000000000000000e+03 1.914489591230231781e+03
1.975000000000000000e+03 1.964489591230231781e+03
2.025000000000000000e+03 2.014489591230231781e+03
2.075000000000000000e+03 2.064489591230231326e+03
2.125000000000000000e+03 2.114489591230231326e+03
2.175000000000000000e+03 2.164489591230229507e+03
2.225000000000000000e+03 2.214489591230230417e+03
2.275000000000000000e+03 2.264489591230230417e+03
2.325000000000000000e+03 2.314489591230230417e+03
2.375000000000000000e+03 2.364489591230231326e+03
2.425000000000000000e+03 2.414489591230231326e+03
2.475000000000000000e+03 2.464489591230230417e+03
2.525000000000000000e+03 2.514489591230231326e+03
2.575000000000000000e+03 2.564489591230230417e+03
2.625000000000000000e+03 2.614489591230230417e+03
2.675000000000000000e+03 2.664489591230229507e+03
2.725000000000000000e+03 2.714489591230229507e+03
2.775000000000000000e+03 2.764489591230228598e+03
2.825000000000000000e+03 2.814489591230228598e+03
2.875000000000000000e+03 2.864489591230228598e+03
2.925000000000000000e+03 2.914489591230228598e+03
2.975000000000000000e+03 2.964489591230228598e+03
3.025000000000000000e+03 3.014489591230228598e+03
3.075000000000000000e+03 3.064489591230227688e+03
3.125000000000000000e+03 3.114489591230227688e+03
3.175000000000000000e+03 3.164489591230227688e+03
3.225000000000000000e+03 3.214489591230227688e+03
3.275000000000000000e+03 3.264489591230227688e+03
3.325000000000000000e+03 3.314489591230227688e+03
3.375000000000000000e+03 3.364489591230227688e+03
3.425000000000000000e+03 3.414489591230227688e+03
3.475000000000000000e+03 3.464489591230227688e+03
3.525000000000000000e+03 3.514489591230227688e+03
3.575000000000000000e+03 3.564489591230227688e+03
3.625000000000000000e+03 3.614489591230227688e+03
3.675000000000000000e+03 3.664489591230227688e+03
3.725000000000000000e+03 3.714489591230227688e+03
3.775000000000000000e+03 3.764489591230227688e+03
3.825000000000000000e+03 3.814489591230227688e+03
3.875000000000000000e+03 3.864489591230227688e+03
3.925000000000000000e+03 3.914489591230227688e+03
3.975000000000000000e+03 3.964489591230227688e+03
4.025000000000000000e+03 4.014489591230227688e+03
4.075000000000000000e+03 4.064489591230227688e+03
4.125000000000000000e+03 4.114489591230228143e+03
4.175000000000000000e+03 4.164489591230228143e+03
4.225000000000000000e+03 4.214489591230233600e+03
4.275000000000000000e+03 4.264489591230233600e+03
4.325000000000000000e+03 4.314489591230233600e+03
4.375000000000000000e+03 4.364489591230233600e+03
4.425000000000000000e+03 4.414489591230231781e+03
4.475000000000000000e+03 4.464489591230231781e+03
4.525000000000000000e+03 4.514489591230233600e+03
4.575000000000000000e+03 4.564489591230235419e+03
4.625000000000000000e+03 4.614489591230237238e+03
4.675000000000000000e+03 4.664489591230235419e+03
4.725000000000000000e+03 4.714489591230237238e+03
4.775000000000000000e+03 4.764489591230235419e+03
4.825000000000000000e+03 4.814489591230237238e+03
4.875000000000000000e+03 4.864489591230237238e+03
4.925000000000000000e+03 4.914489591230239057e+03
4.975000000000000000e+03 4.964489591230240876e+03
5.025000000000000000e+03 5.014489591230239057e+03
5.075000000000000000e+03 5.064489591230240876e+03
5.125000000000000000e+03 5.114489591230242695e+03
5.175000000000000000e+03 5.164489591230242695e+03
5.225000000000000000e+03 5.214489591230242695e+03
5.275000000000000000e+03 5.264489591230242695e+03
5.325000000000000000e+03 5.314489591230242695e+03
5.375000000000000000e+03 5.364489591230242695e+03
5.425000000000000000e+03 5.414489591230242695e+03
5.475000000000000000e+03 5.464489591230242695e+03
5.525000000000000000e+03 5.514489591230242695e+03
5.575000000000000000e+03 5.564489591230242695e+03
5.625000000000000000e+03 5.614489591230242695e+03
5.675000000000000000e+03 5.664489591230242695e+03
5.725000000000000000e+03 5.714489591230242695e+03
5.775000000000000000e+03 5.764489591230242695e+03
5.825000000000000000e+03 5.814489591230242695e+03
5.875000000000000000e+03 5.864489591230242695e+03
5.925000000000000000e+03 5.914489591230242695e+03
5.975000000000000000e+03 5.964489591230242695e+03
6.025000000000000000e+03 6.014489591230242695e+03
6.075000000000000000e+03 6.064489591230242695e+03
6.125000000000000000e+03 6.114489591230242695e+03
6.175000000000000000e+03 6.164489591230242695e+03
6.225000000000000000e+03 6.214489591230242695e+03
6.275000000000000000e+03 6.264489591230242695e+03
6.325000000000000000e+03 6.314489591230242695e+03
6.375000000000000000e+03 6.364489591230242695e+03
6.425000000000000000e+03 6.414489591230242695e+03
6.475000000000000000e+03 6.464489591230242695e+03
6.525000000000000000e+03 6.514489591230242695e+03
6.575000000000000000e+03 6.564489591230242695e+03
6.625000000000000000e+03 6.614489591230242695e+03
6.675000000000000000e+03 6.664489591230242695e+03
6.725000000000000000e+03 6.714489591230242695e+03
6.775000000000000000e+03 6.764489591230242695e+03
6.825000000000000000e+03 6.814489591230242695e+03
6.875000000000000000e+03 6.864489591230242695e+03
6.925000000000000000e+03 6.914489591230242695e+03
6.975000000000000000e+03 6.964489591230242695e+03
7.025000000000000000e+03 7.014489591230242695e+03
7.075000000000000000e+03 7.064489591230242695e+03
7.125000000000000000e+03 7.114489591230242695e+03
7.175000000000000000e+03 7.164489591230242695e+03
7.225000000000000000e+03 7.214489591230242695e+03
7.275000000000000000e+03 7.264489591230242695e+03
7.325000000000000000e+03 7.314489591230242695e+03
7.375000000000000000e+03 7.364489591230242695e+03
7.425000000000000000e+03 7.414489591230242695e+03
7.475000000000000000e+03 7.464489591230242695e+03
7.525000000000000000e+03 7.514489591230242695e+03
7.575000000000000000e+03 7.564489591230242695e+03
7.625000000000000000e+03 7.614489591230242695e+03
7.675000000000000000e+03 7.664489591230242695e+03
7.725000000000000000e+03 7.714489591230242695e+03
7.775000000000000000e+03 7.764489591230242695e+03
7.825000000000000000e+03 7.814489591230242695e+03
7.875000000000000000e+03 7.864489591230242695e+03
7.925000000000000000e+03 7.914489591230242695e+03
7.975000000000000000e+03 7.964489591230242695e+03
8.025000000000000000e+03 8.014489591230242695e+03
8.075000000000000000e+03 8.064489591230242695e+03
8.125000000000000000e+03 8.114489591230242695e+03
8.175000000000000000e+03 8.164489591230242695e+03
8.225000000000000000e+03 8.214489591230239967e+03
8.275000000000000000e+03 8.264489591230236329e+03
8.325000000000000000e+03 8.314489591230229053e+03
8.375000000000000000e+03 8.364489591230230872e+03
8.425000000000000000e+03 8.414489591230223596e+03
8.475000000000000000e+03 8.464489591230223596e+03
8.525000000000000000e+03 8.514489591230219958e+03
8.575000000000000000e+03 8.564489591230219958e+03
8.625000000000000000e+03 8.614489591230219958e+03
8.675000000000000000e+03 8.664489591230223596e+03
8.725000000000000000e+03 8.714489591230216320e+03
8.775000000000000000e+03 8.764489591230219958e+03
8.825000000000000000e+03 8.814489591230216320e+03
8.875000000000000000e+03 8.864489591230219958e+03
8.925000000000000000e+03 8.914489591230219958e+03
8.975000000000000000e+03 8.964489591230219958e+03
9.025000000000000000e+03 9.014489591230219958e+03
9.075000000000000000e+03 9.064489591230219958e+03
9.125000000000000000e+03 9.114489591230216320e+03
9.175000000000000000e+03 9.164489591230216320e+03
9.225000000000000000e+03 9.214489591230216320e+03
9.275000000000000000e+03 9.264489591230216320e+03
9.325000000000000000e+03 9.314489591230216320e+03
9.375000000000000000e+03 9.364489591230216320e+03
9.425000000000000000e+03 9.414489591230216320e+03
9.475000000000000000e+03 9.464489591230216320e+03
9.525000000000000000e+03 9.514489591230216320e+03
9.575000000000000000e+03 9.564489591230216320e+03
9.625000000000000000e+03 9.614489591230216320e+03
9.675000000000000000e+03 9.664489591230216320e+03
9.725000000000000000e+03 9.714489591230216320e+03
9.775000000000000000e+03 9.764489591230216320e+03
9.825000000000000000e+03 9.814489591230216320e+03
9.875000000000000000e+03 9.864489591230216320e+03
9.925000000000000000e+03 9.914489591230216320e+03
9.975000000000000000e+03 9.964489591230216320e+03
1.002500000000000000e+04 1.001448959123021632e+04
1.007500000000000000e+04 1.006448959123021632e+04
1.012500000000000000e+04 1.011448959123021632e+04
1.017500000000000000e+04 1.016448959123021632e+04
1.022500000000000000e+04 1.021448959123021632e+04
1.027500000000000000e+04 1.026448959123021632e+04
1.032500000000000000e+04 1.031448959123021632e+04
1.037500000000000000e+04 1.036448959123021632e+04
1.042500000000000000e+04 1.041448959123021632e+04
1.047500000000000000e+04 1.046448959123021632e+04
1.052500000000000000e+04 1.051448959123021632e+04
1.057500000000000000e+04 1.056448959123021632e+04
1.062500000000000000e+04 1.061448959123021632e+04
1.067500000000000000e+04 1.066448959123021632e+04
1.072500000000000000e+04 1.071448959123021632e+04
1.077500000000000000e+04 1.076448959123021632e+04
1.082500000000000000e+04 1.081448959123021632e+04
1.087500000000000000e+04 1.086448959123021632e+04
1.092500000000000000e+04 1.091448959123021632e+04
1.097500000000000000e+04 1.096448959123021632e+04
1.102500000000000000e+04 1.101448959123021632e+04
1.107500000000000000e+04 1.106448959123021632e+04
1.112500000000000000e+04 1.111448959123021632e+04
1.117500000000000000e+04 1.116448959123021632e+04
1.122500000000000000e+04 1.121448959123021632e+04
1.127500000000000000e+04 1.126448959123021632e+04
1.132500000000000000e+04 1.131448959123021632e+04
1.137500000000000000e+04 1.136448959123021632e+04
1.142500000000000000e+04 1.141448959123021632e+04
1.147500000000000000e+04 1.146448959123021632e+04
1.152500000000000000e+04 1.151448959123021632e+04
1.157500000000000000e+04 1.156448959123021632e+04
1.162500000000000000e+04 1.161448959123021632e+04
1.167500000000000000e+04 1.166448959123021632e+04
1.172500000000000000e+04 1.171448959123021632e+04
1.177500000000000000e+04 1.176448959123021632e+04
1.182500000000000000e+04 1.181448959123021632e+04
1.187500000000000000e+04 1.186448959123021632e+04
1.192500000000000000e+04 1.191448959123021632e+04
1.197500000000000000e+04 1.196448959123021632e+04
1.202500000000000000e+04 1.201448959123021632e+04
1.207500000000000000e+04 1.206448959123021632e+04
1.212500000000000000e+04 1.211448959123021632e+04
1.217500000000000000e+04 1.216448959123021632e+04
1.222500000000000000e+04 1.221448959123021632e+04
1.227500000000000000e+04 1.226448959123021632e+04
1.232500000000000000e+04 1.231448959123021632e+04
1.237500000000000000e+04 1.236448959123021632e+04
1.242500000000000000e+04 1.241448959123021632e+04
1.247500000000000000e+04 1.246448959123021632e+04
1.252500000000000000e+04 1.251448959123021632e+04
1.257500000000000000e+04 1.256448959123021632e+04
1.262500000000000000e+04 1.261448959123021632e+04
1.267500000000000000e+04 1.266448959123021632e+04
1.272500000000000000e+04 1.271448959123021632e+04
1.277500000000000000e+04 1.276448959123021632e+04
1.282500000000000000e+04 1.281448959123021632e+04
1.287500000000000000e+04 1.286448959123021632e+04
1.292500000000000000e+04 1.291448959123021632e+04
1.297500000000000000e+04 1.296448959123021632e+04
1.302500000000000000e+04 1.301448959123021632e+04
1.307500000000000000e+04 1.306448959123021632e+04
1.312500000000000000e+04 1.311448959123021632e+04
1.317500000000000000e+04 1.316448959123021632e+04
1.322500000000000000e+04 1.321448959123021632e+04
1.327500000000000000e+04 1.326448959123021632e+04
1.332500000000000000e+04 1.331448959123021632e+04
1.337500000000000000e+04 1.336448959123021632e+04
1.342500000000000000e+04 1.341448959123021632e+04
1.347500000000000000e+04 1.346448959123021632e+04
1.352500000000000000e+04 1.351448959123021632e+04
1.357500000000000000e+04 1.356448959123021632e+04
1.362500000000000000e+04 1.361448959123021632e+04
1.367500000000000000e+04 1.366448959123021632e+04
1.372500000000000000e+04 1.371448959123021632e+04
1.377500000000000000e+04 1.376448959123021632e+04
1.382500000000000000e+04 1.381448959123021632e+04
1.387500000000000000e+04 1.386448959123021632e+04
1.392500000000000000e+04 1.391448959123021632e+04
1.397500000000000000e+04 1.396448959123021632e+04
1.402500000000000000e+04 1.401448959123021632e+04
1.407500000000000000e+04 1.406448959123021632e+04
1.412500000000000000e+04 1.411448959123021632e+04
1.417500000000000000e+04 1.416448959123021632e+04
1.422500000000000000e+04 1.421448959123021632e+04
1.427500000000000000e+04 1.426448959123021632e+04
1.432500000000000000e+04 1.431448959123021632e+04
1.437500000000000000e+04 1.436448959123021632e+04
1.442500000000000000e+04 1.441448959123021632e+04
1.447500000000000000e+04 1.446448959123021632e+04
1.452500000000000000e+04 1.451448959123021632e+04
1.457500000000000000e+04 1.456448959123021632e+04
1.462500000000000000e+04 1.461448959123021632e+04
1.467500000000000000e+04 1.466448959123021632e+04
1.472500000000000000e+04 1.471448959123021632e+04
1.477500000000000000e+04 1.476448959123021632e+04
1.482500000000000000e+04 1.481448959123021632e+04
1.487500000000000000e+04 1.486448959123021632e+04
1.492500000000000000e+04 1.491448959123021632e+04
1.497500000000000000e+04 1.496448959123021632e+04
1.502500000000000000e+04 1.501448959123021632e+04
1.507500000000000000e+04 1.506448959123021632e+04
1.512500000000000000e+04 1.511448959123021632e+04
1.517500000000000000e+04 1.516448959123021632e+04
1.522500000000000000e+04 1.521448959123021632e+04
1.527500000000000000e+04 1.526448959123021632e+04
1.532500000000000000e+04 1.531448959123021632e+04
1.537500000000000000e+04 1.536448959123021632e+04
1.542500000000000000e+04 1.541448959123021632e+04
1.547500000000000000e+04 1.546448959123021632e+04
1.552500000000000000e+04 1.551448959123021632e+04
1.557500000000000000e+04 1.556448959123021632e+04
1.562500000000000000e+04 1.561448959123021632e+04
1.567500000000000000e+04 1.566448959123021632e+04
1.572500000000000000e+04 1.571448959123021632e+04
1.577500000000000000e+04 1.576448959123021632e+04
1.582500000000000000e+04 1.581448959123021632e+04
1.587500000000000000e+04 1.586448959123021632e+04
1.592500000000000000e+04 1.591448959123021632e+04
1.597500000000000000e+04 1.596448959123021632e+04
1.602500000000000000e+04 1.601448959123021632e+04
1.607500000000000000e+04 1.606448959123021632e+04
1.612500000000000000e+04 1.611448959123021632e+04
1.617500000000000000e+04 1.616448959123021632e+04
1.622500000000000000e+04 1.621448959123021632e+04
1.627500000000000000e+04 1.626448959123021632e+04
1.632500000000000000e+04 1.631448959123021632e+04
1.637500000000000000e+04 1.636448959123021632e+04
1.642500000000000000e+04 1.641448959123021996e+04
1.647500000000000000e+04 1.646448959123022360e+04
1.652500000000000000e+04 1.651448959123023087e+04
1.657500000000000000e+04 1.656448959123023087e+04
1.662500000000000000e+04 1.661448959123022360e+04
1.667500000000000000e+04 1.666448959123022360e+04
1.672500000000000000e+04 1.671448959123023087e+04
1.677500000000000000e+04 1.676448959123023087e+04
1.682500000000000000e+04 1.681448959123022360e+04
1.687500000000000000e+04 1.686448959123022360e+04
1.692500000000000000e+04 1.691448959123023087e+04
1.697500000000000000e+04 1.696448959123022360e+04
1.702500000000000000e+04 1.701448959123023087e+04
1.707500000000000000e+04 1.706448959123022360e+04
1.712500000000000000e+04 1.711448959123022360e+04
1.717500000000000000e+04 1.716448959123023087e+04
1.722500000000000000e+04 1.721448959123022360e+04
1.727500000000000000e+04 1.726448959123022360e+04
1.732500000000000000e+04 1.731448959123022360e+04
1.737500000000000000e+04 1.736448959123022360e+04
1.742500000000000000e+04 1.741448959123022360e+04
1.747500000000000000e+04 1.746448959123022360e+04
1.752500000000000000e+04 1.751448959123022360e+04
1.757500000000000000e+04 1.756448959123022360e+04
1.762500000000000000e+04 1.761448959123022360e+04
1.767500000000000000e+04 1.766448959123022360e+04
1.772500000000000000e+04 1.771448959123022360e+04
1.777500000000000000e+04 1.776448959123022360e+04
1.782500000000000000e+04 1.781448959123022360e+04
1.787500000000000000e+04 1.786448959123022360e+04
1.792500000000000000e+04 1.791448959123022360e+04
1.797500000000000000e+04 1.796448959123022360e+04
1.802500000000000000e+04 1.801448959123022360e+04
1.807500000000000000e+04 1.806448959123022360e+04
1.812500000000000000e+04 1.811448959123022360e+04
1.817500000000000000e+04 1.816448959123022360e+04
1.822500000000000000e+04 1.821448959123022360e+04
1.827500000000000000e+04 1.826448959123022360e+04
1.832500000000000000e+04 1.831448959123022360e+04
1.837500000000000000e+04 1.836448959123022360e+04
1.842500000000000000e+04 1.841448959123022360e+04
1.847500000000000000e+04 1.846448959123022360e+04
1.852500000000000000e+04 1.851448959123022360e+04
1.857500000000000000e+04 1.856448959123022360e+04
1.862500000000000000e+04 1.861448959123022360e+04
1.867500000000000000e+04 1.866448959123022360e+04
1.872500000000000000e+04 1.871448959123022360e+04
1.877500000000000000e+04 1.876448959123022360e+04
1.882500000000000000e+04 1.881448959123022360e+04
1.887500000000000000e+04 1.886448959123022360e+04
1.892500000000000000e+04 1.891448959123022360e+04
1.897500000000000000e+04 1.896448959123022360e+04
1.902500000000000000e+04 1.901448959123022360e+04
1.907500000000000000e+04 1.906448959123022360e+04
1.912500000000000000e+04 1.911448959123022360e+04
1.917500000000000000e+04 1.916448959123022360e+04
1.922500000000000000e+04 1.921448959123022360e+04
1.927500000000000000e+04 1.926448959123022360e+04
1.932500000000000000e+04 1.931448959123022360e+04
1.937500000000000000e+04 1.936448959123022360e+04
1.942500000000000000e+04 1.941448959123022360e+04
1.947500000000000000e+04 1.946448959123022360e+04
1.952500000000000000e+04 1.951448959123022360e+04
1.957500000000000000e+04 1.956448959123022360e+04
1.962500000000000000e+04 1.961448959123022360e+04
1.967500000000000000e+04 1.966448959123022360e+04
1.972500000000000000e+04 1.971448959123022360e+04
1.977500000000000000e+04 1.976448959123022360e+04
1.982500000000000000e+04 1.981448959123022360e+04
1.987500000000000000e+04 1.986448959123022360e+04
1.992500000000000000e+04 1.991448959123022360e+04
