8.250000000000000000e+02 8.041379943572386537e+02
8.750000000000000000e+02 8.541379943572388811e+02
9.250000000000000000e+02 9.041379943572388811e+02
9.750000000000000000e+02 9.541379943572393358e+02
1.025000000000000000e+03 1.004137994357239336e+03
1.075000000000000000e+03 1.054137994357239222e+03
1.125000000000000000e+03 1.104137994357239222e+03
1.175000000000000000e+03 1.154137994357239222e+03
1.225000000000000000e+03 1.204137994357239677e+03
1.275000000000000000e+03 1.254137994357239222e+03
1.325000000000000000e+03 1.304137994357238767e+03
1.375000000000000000e+03 1.354137994357238767e+03
1.425000000000000000e+03 1.404137994357238767e+03
1.475000000000000000e+03 1.454137994357238767e+03
1.525000000000000000e+03 1.504137994357238767e+03
1.575000000000000000e+03 1.554137994357238313e+03
1.625000000000000000e+03 1.604137994357238313e+03
1.675000000000000000e+03 1.654137994357238313e+03
1.725000000000000000e+03 1.704137994357238313e+03
1.775000000000000000e+03 1.754137994357239222e+03
1.825000000000000000e+03 1.804137994357238313e+03
1.875000000000000000e+03 1.854137994357238313e+03
1.925000000000000000e+03 1.904137994357238313e+03
1.975000000000000000e+03 1.954137994357238313e+03
2.025000000000000000e+03 2.004137994357238313e+03
2.075000000000000000e+03 2.054137994357238313e+03
2.125000000000000000e+03 2.104137994357236948e+03
2.175000000000000000e+03 2.154137994357237403e+03
2.225000000000000000e+03 2.204137994357236494e+03
2.275000000000000000e+03 2.254137994357236494e+03
2.325000000000000000e+03 2.304137994357237403e+03
2.375000000000000000e+03 2.354137994357236494e+03
2.425000000000000000e+03 2.404137994357236494e+03
2.475000000000000000e+03 2.454137994357234675e+03
2.525000000000000000e+03 2.504137994357234675e+03
2.575000000000000000e+03 2.554137994357233765e+03
2.625000000000000000e+03 2.604137994357233765e+03
2.675000000000000000e+03 2.654137994357232856e+03
2.725000000000000000e+03 2.704137994357231946e+03
2.775000000000000000e+03 2.754137994357231037e+03
2.825000000000000000e+03 2.804137994357231037e+03
2.875000000000000000e+03 2.854137994357231037e+03
2.925000000000000000e+03 2.904137994357231037e+03
2.975000000000000000e+03 2.954137994357231037e+03
3.025000000000000000e+03 3.004137994357231037e+03
3.075000000000000000e+03 3.054137994357231037e+03
3.125000000000000000e+03 3.104137994357231037e+03
3.175000000000000000e+03 3.154137994357231037e+03
3.225000000000000000e+03 3.204137994357231037e+03
3.275000000000000000e+03 3.254137994357231037e+03
3.325000000000000000e+03 3.304137994357231037e+03
3.375000000000000000e+03 3.354137994357231037e+03
3.425000000000000000e+03 3.404137994357231037e+03
3.475000000000000000e+03 3.454137994357231037e+03
3.525000000000000000e+03 3.504137994357231037e+03
3.575000000000000000e+03 3.554137994357231037e+03
3.625000000000000000e+03 3.604137994357231037e+03
3.675000000000000000e+03 3.654137994357231037e+03
3.725000000000000000e+03 3.704137994357231037e+03
3.775000000000000000e+03 3.754137994357231037e+03
3.825000000000000000e+03 3.804137994357231037e+03
3.875000000000000000e+03 3.854137994357231037e+03
3.925000000000000000e+03 3.904137994357231037e+03
3.975000000000000000e+03 3.954137994357231037e+03
4.025000000000000000e+03 4.004137994357231037e+03
4.075000000000000000e+03 4.054137994357231037e+03
4.125000000000000000e+03 4.104137994357231946e+03
4.175000000000000000e+03 4.154137994357232856e+03
4.225000000000000000e+03 4.204137994357232856e+03
4.275000000000000000e+03 4.254137994357235584e+03
4.325000000000000000e+03 4.304137994357235584e+03
4.375000000000000000e+03 4.354137994357235584e+03
4.425000000000000000e+03 4.404137994357239222e+03
4.475000000000000000e+03 4.454137994357239222e+03
4.525000000000000000e+03 4.504137994357241041e+03
4.575000000000000000e+03 4.554137994357241041e+03
4.625000000000000000e+03 4.604137994357241041e+03
4.675000000000000000e+03 4.654137994357242860e+03
4.725000000000000000e+03 4.704137994357242860e+03
4.775000000000000000e+03 4.754137994357244679e+03
4.825000000000000000e+03 4.804137994357242860e+03
4.875000000000000000e+03 4.854137994357242860e+03
4.925000000000000000e+03 4.904137994357242860e+03
4.975000000000000000e+03 4.954137994357242860e+03
5.025000000000000000e+03 5.004137994357242860e+03
5.075000000000000000e+03 5.054137994357242860e+03
5.125000000000000000e+03 5.104137994357242860e+03
5.175000000000000000e+03 5.154137994357242860e+03
5.225000000000000000e+03 5.204137994357242860e+03
5.275000000000000000e+03 5.254137994357242860e+03
5.325000000000000000e+03 5.304137994357242860e+03
5.375000000000000000e+03 5.354137994357242860e+03
5.425000000000000000e+03 5.404137994357242860e+03
5.475000000000000000e+03 5.454137994357242860e+03
5.525000000000000000e+03 5.504137994357242860e+03
5.575000000000000000e+03 5.554137994357242860e+03
5.625000000000000000e+03 5.604137994357242860e+03
5.675000000000000000e+03 5.654137994357242860e+03
5.725000000000000000e+03 5.704137994357242860e+03
5.775000000000000000e+03 5.754137994357242860e+03
5.825000000000000000e+03 5.804137994357242860e+03
5.875000000000000000e+03 5.854137994357242860e+03
5.925000000000000000e+03 5.904137994357242860e+03
5.975000000000000000e+03 5.954137994357242860e+03
6.025000000000000000e+03 6.004137994357242860e+03
6.075000000000000000e+03 6.054137994357242860e+03
6.125000000000000000e+03 6.104137994357242860e+03
6.175000000000000000e+03 6.154137994357242860e+03
6.225000000000000000e+03 6.204137994357242860e+03
6.275000000000000000e+03 6.254137994357242860e+03
6.325000000000000000e+03 6.304137994357242860e+03
6.375000000000000000e+03 6.354137994357242860e+03
6.425000000000000000e+03 6.404137994357242860e+03
6.475000000000000000e+03 6.454137994357242860e+03
6.525000000000000000e+03 6.504137994357242860e+03
6.575000000000000000e+03 6.554137994357242860e+03
6.625000000000000000e+03 6.604137994357242860e+03
6.675000000000000000e+03 6.654137994357242860e+03
6.725000000000000000e+03 6.704137994357242860e+03
6.775000000000000000e+03 6.754137994357242860e+03
6.825000000000000000e+03 6.804137994357242860e+03
6.875000000000000000e+03 6.854137994357242860e+03
6.925000000000000000e+03 6.904137994357242860e+03
6.975000000000000000e+03 6.954137994357242860e+03
7.025000000000000000e+03 7.004137994357242860e+03
7.075000000000000000e+03 7.054137994357242860e+03
7.125000000000000000e+03 7.104137994357242860e+03
7.175000000000000000e+03 7.154137994357242860e+03
7.225000000000000000e+03 7.204137994357242860e+03
7.275000000000000000e+03 7.254137994357242860e+03
7.325000000000000000e+03 7.304137994357242860e+03
7.375000000000000000e+03 7.354137994357242860e+03
7.425000000000000000e+03 7.404137994357242860e+03
7.475000000000000000e+03 7.454137994357242860e+03
7.525000000000000000e+03 7.504137994357242860e+03
7.575000000000000000e+03 7.554137994357242860e+03
7.625000000000000000e+03 7.604137994357242860e+03
7.675000000000000000e+03 7.654137994357242860e+03
7.725000000000000000e+03 7.704137994357242860e+03
7.775000000000000000e+03 7.754137994357242860e+03
7.825000000000000000e+03 7.804137994357242860e+03
7.875000000000000000e+03 7.854137994357242860e+03
7.925000000000000000e+03 7.904137994357242860e+03
7.975000000000000000e+03 7.954137994357242860e+03
8.025000000000000000e+03 8.004137994357242860e+03
8.075000000000000000e+03 8.054137994357242860e+03
8.125000000000000000e+03 8.104137994357242860e+03
8.175000000000000000e+03 8.154137994357242860e+03
8.225000000000000000e+03 8.204137994357244679e+03
8.275000000000000000e+03 8.254137994357242860e+03
8.325000000000000000e+03 8.304137994357239222e+03
8.375000000000000000e+03 8.354137994357241041e+03
8.425000000000000000e+03 8.404137994357246498e+03
8.475000000000000000e+03 8.454137994357239222e+03
8.525000000000000000e+03 8.504137994357235584e+03
8.575000000000000000e+03 8.554137994357235584e+03
8.625000000000000000e+03 8.604137994357231946e+03
8.675000000000000000e+03 8.654137994357231946e+03
8.725000000000000000e+03 8.704137994357235584e+03
8.775000000000000000e+03 8.754137994357239222e+03
8.825000000000000000e+03 8.804137994357239222e+03
8.875000000000000000e+03 8.854137994357239222e+03
8.925000000000000000e+03 8.904137994357239222e+03
8.975000000000000000e+03 8.954137994357239222e+03
9.025000000000000000e+03 9.004137994357235584e+03
9.075000000000000000e+03 9.054137994357235584e+03
9.125000000000000000e+03 9.104137994357235584e+03
9.175000000000000000e+03 9.154137994357235584e+03
9.225000000000000000e+03 9.204137994357235584e+03
9.275000000000000000e+03 9.254137994357235584e+03
9.325000000000000000e+03 9.304137994357235584e+03
9.375000000000000000e+03 9.354137994357235584e+03
9.425000000000000000e+03 9.404137994357235584e+03
9.475000000000000000e+03 9.454137994357235584e+03
9.525000000000000000e+03 9.504137994357235584e+03
9.575000000000000000e+03 9.554137994357235584e+03
9.625000000000000000e+03 9.604137994357235584e+03
9.675000000000000000e+03 9.654137994357235584e+03
9.725000000000000000e+03 9.704137994357235584e+03
9.775000000000000000e+03 9.754137994357235584e+03
9.825000000000000000e+03 9.804137994357235584e+03
9.875000000000000000e+03 9.854137994357235584e+03
9.925000000000000000e+03 9.904137994357235584e+03
9.975000000000000000e+03 9.954137994357235584e+03
1.002500000000000000e+04 1.000413799435723558e+04
1.007500000000000000e+04 1.005413799435723558e+04
1.012500000000000000e+04 1.010413799435723558e+04
1.017500000000000000e+04 1.015413799435723558e+04
1.022500000000000000e+04 1.020413799435723558e+04
1.027500000000000000e+04 1.025413799435723558e+04
1.032500000000000000e+04 1.030413799435723558e+04
1.037500000000000000e+04 1.035413799435723558e+04
1.042500000000000000e+04 1.040413799435723558e+04
1.047500000000000000e+04 1.045413799435723558e+04
1.052500000000000000e+04 1.050413799435723558e+04
1.057500000000000000e+04 1.055413799435723558e+04
1.062500000000000000e+04 1.060413799435723558e+04
1.067500000000000000e+04 1.065413799435723558e+04
1.072500000000000000e+04 1.070413799435723558e+04
1.077500000000000000e+04 1.075413799435723558e+04
1.082500000000000000e+04 1.080413799435723558e+04
1.087500000000000000e+04 1.085413799435723558e+04
1.092500000000000000e+04 1.090413799435723558e+04
1.097500000000000000e+04 1.095413799435723558e+04
1.102500000000000000e+04 1.100413799435723558e+04
1.107500000000000000e+04 1.105413799435723558e+04
1.112500000000000000e+04 1.110413799435723558e+04
1.117500000000000000e+04 1.115413799435723558e+04
1.122500000000000000e+04 1.120413799435723558e+04
1.127500000000000000e+04 1.125413799435723558e+04
1.132500000000000000e+04 1.130413799435723558e+04
1.137500000000000000e+04 1.135413799435723558e+04
1.142500000000000000e+04 1.140413799435723558e+04
1.147500000000000000e+04 1.145413799435723558e+04
1.152500000000000000e+04 1.150413799435723558e+04
1.157500000000000000e+04 1.155413799435723558e+04
1.162500000000000000e+04 1.160413799435723558e+04
1.167500000000000000e+04 1.165413799435723558e+04
1.172500000000000000e+04 1.170413799435723558e+04
1.177500000000000000e+04 1.175413799435723558e+04
1.182500000000000000e+04 1.180413799435723558e+04
1.187500000000000000e+04 1.185413799435723558e+04
1.192500000000000000e+04 1.190413799435723558e+04
1.197500000000000000e+04 1.195413799435723558e+04
1.202500000000000000e+04 1.200413799435723558e+04
1.207500000000000000e+04 1.205413799435723558e+04
1.212500000000000000e+04 1.210413799435723558e+04
1.217500000000000000e+04 1.215413799435723558e+04
1.222500000000000000e+04 1.220413799435723558e+04
1.227500000000000000e+04 1.225413799435723558e+04
1.232500000000000000e+04 1.230413799435723558e+04
1.237500000000000000e+04 1.235413799435723558e+04
1.242500000000000000e+04 1.240413799435723558e+04
1.247500000000000000e+04 1.245413799435723558e+04
1.252500000000000000e+04 1.250413799435723558e+04
1.257500000000000000e+04 1.255413799435723558e+04
1.262500000000000000e+04 1.260413799435723558e+04
1.267500000000000000e+04 1.265413799435723558e+04
1.272500000000000000e+04 1.270413799435723558e+04
1.277500000000000000e+04 1.275413799435723558e+04
1.282500000000000000e+04 1.280413799435723558e+04
1.287500000000000000e+04 1.285413799435723558e+04
1.292500000000000000e+04 1.290413799435723558e+04
1.297500000000000000e+04 1.295413799435723558e+04
1.302500000000000000e+04 1.300413799435723558e+04
1.307500000000000000e+04 1.305413799435723558e+04
1.312500000000000000e+04 1.310413799435723558e+04
1.317500000000000000e+04 1.315413799435723558e+04
1.322500000000000000e+04 1.320413799435723558e+04
1.327500000000000000e+04 1.325413799435723558e+04
1.332500000000000000e+04 1.330413799435723558e+04
1.337500000000000000e+04 1.335413799435723558e+04
1.342500000000000000e+04 1.340413799435723558e+04
1.347500000000000000e+04 1.345413799435723558e+04
1.352500000000000000e+04 1.350413799435723558e+04
1.357500000000000000e+04 1.355413799435723558e+04
1.362500000000000000e+04 1.360413799435723558e+04
1.367500000000000000e+04 1.365413799435723558e+04
1.372500000000000000e+04 1.370413799435723558e+04
1.377500000000000000e+04 1.375413799435723558e+04
1.382500000000000000e+04 1.380413799435723558e+04
1.387500000000000000e+04 1.385413799435723558e+04
1.392500000000000000e+04 1.390413799435723558e+04
1.397500000000000000e+04 1.395413799435723558e+04
1.402500000000000000e+04 1.400413799435723558e+04
1.407500000000000000e+04 1.405413799435723558e+04
1.412500000000000000e+04 1.410413799435723558e+04
1.417500000000000000e+04 1.415413799435723558e+04
1.422500000000000000e+04 1.420413799435723558e+04
1.427500000000000000e+04 1.425413799435723558e+04
1.432500000000000000e+04 1.430413799435723558e+04
1.437500000000000000e+04 1.435413799435723558e+04
1.442500000000000000e+04 1.440413799435723558e+04
1.447500000000000000e+04 1.445413799435723558e+04
1.452500000000000000e+04 1.450413799435723558e+04
1.457500000000000000e+04 1.455413799435723558e+04
1.462500000000000000e+04 1.460413799435723558e+04
1.467500000000000000e+04 1.465413799435723558e+04
1.472500000000000000e+04 1.470413799435723558e+04
1.477500000000000000e+04 1.475413799435723558e+04
1.482500000000000000e+04 1.480413799435723558e+04
1.487500000000000000e+04 1.485413799435723558e+04
1.492500000000000000e+04 1.490413799435723558e+04
1.497500000000000000e+04 1.495413799435723558e+04
1.502500000000000000e+04 1.500413799435723558e+04
1.507500000000000000e+04 1.505413799435723558e+04
1.512500000000000000e+04 1.510413799435723558e+04
1.517500000000000000e+04 1.515413799435723558e+04
1.522500000000000000e+04 1.520413799435723558e+04
1.527500000000000000e+04 1.525413799435723558e+04
1.532500000000000000e+04 1.530413799435723558e+04
1.537500000000000000e+04 1.535413799435723558e+04
1.542500000000000000e+04 1.540413799435723558e+04
1.547500000000000000e+04 1.545413799435723558e+04
1.552500000000000000e+04 1.550413799435723558e+04
1.557500000000000000e+04 1.555413799435723558e+04
1.562500000000000000e+04 1.560413799435723558e+04
1.567500000000000000e+04 1.565413799435723558e+04
1.572500000000000000e+04 1.570413799435723558e+04
1.577500000000000000e+04 1.575413799435723558e+04
1.582500000000000000e+04 1.580413799435723558e+04
1.587500000000000000e+04 1.585413799435723558e+04
1.592500000000000000e+04 1.590413799435723558e+04
1.597500000000000000e+04 1.595413799435723558e+04
1.602500000000000000e+04 1.600413799435723558e+04
1.607500000000000000e+04 1.605413799435723558e+04
1.612500000000000000e+04 1.610413799435723558e+04
1.617500000000000000e+04 1.615413799435723558e+04
1.622500000000000000e+04 1.620413799435723558e+04
1.627500000000000000e+04 1.625413799435723558e+04
1.632500000000000000e+04 1.630413799435723558e+04
1.637500000000000000e+04 1.635413799435723558e+04
1.642500000000000000e+04 1.640413799435723195e+04
1.647500000000000000e+04 1.645413799435723558e+04
1.652500000000000000e+04 1.650413799435723558e+04
1.657500000000000000e+04 1.655413799435722831e+04
1.662500000000000000e+04 1.660413799435722831e+04
1.667500000000000000e+04 1.665413799435722831e+04
1.672500000000000000e+04 1.670413799435723558e+04
1.677500000000000000e+04 1.675413799435723558e+04
1.682500000000000000e+04 1.680413799435723558e+04
1.687500000000000000e+04 1.685413799435723558e+04
1.692500000000000000e+04 1.690413799435723558e+04
1.697500000000000000e+04 1.695413799435723558e+04
1.702500000000000000e+04 1.700413799435722831e+04
1.707500000000000000e+04 1.705413799435723558e+04
1.712500000000000000e+04 1.710413799435722831e+04
1.717500000000000000e+04 1.715413799435723558e+04
1.722500000000000000e+04 1.720413799435723558e+04
1.727500000000000000e+04 1.725413799435723558e+04
1.732500000000000000e+04 1.730413799435723558e+04
1.737500000000000000e+04 1.735413799435723558e+04
1.742500000000000000e+04 1.740413799435723558e+04
1.747500000000000000e+04 1.745413799435723558e+04
1.752500000000000000e+04 1.750413799435723558e+04
1.757500000000000000e+04 1.755413799435723558e+04
1.762500000000000000e+04 1.760413799435723558e+04
1.767500000000000000e+04 1.765413799435723558e+04
1.772500000000000000e+04 1.770413799435723558e+04
1.777500000000000000e+04 1.775413799435723558e+04
1.782500000000000000e+04 1.780413799435723558e+04
1.787500000000000000e+04 1.785413799435723558e+04
1.792500000000000000e+04 1.790413799435723558e+04
1.797500000000000000e+04 1.795413799435723558e+04
1.802500000000000000e+04 1.800413799435723558e+04
1.807500000000000000e+04 1.805413799435723558e+04
1.812500000000000000e+04 1.810413799435723558e+04
1.817500000000000000e+04 1.815413799435723558e+04
1.822500000000000000e+04 1.820413799435723558e+04
1.827500000000000000e+04 1.825413799435723558e+04
1.832500000000000000e+04 1.830413799435723558e+04
1.837500000000000000e+04 1.835413799435723558e+04
1.842500000000000000e+04 1.840413799435723558e+04
1.847500000000000000e+04 1.845413799435723558e+04
1.852500000000000000e+04 1.850413799435723558e+04
1.857500000000000000e+04 1.855413799435723558e+04
1.862500000000000000e+04 1.860413799435723558e+04
1.867500000000000000e+04 1.865413799435723558e+04
1.872500000000000000e+04 1.870413799435723558e+04
1.877500000000000000e+04 1.875413799435723558e+04
1.882500000000000000e+04 1.880413799435723558e+04
1.887500000000000000e+04 1.885413799435723558e+04
1.892500000000000000e+04 1.890413799435723558e+04
1.897500000000000000e+04 1.895413799435723558e+04
1.902500000000000000e+04 1.900413799435723558e+04
1.907500000000000000e+04 1.905413799435723558e+04
1.912500000000000000e+04 1.910413799435723558e+04
1.917500000000000000e+04 1.915413799435723558e+04
1.922500000000000000e+04 1.920413799435723558e+04
1.927500000000000000e+04 1.925413799435723558e+04
1.932500000000000000e+04 1.930413799435723558e+04
1.937500000000000000e+04 1.935413799435723558e+04
1.942500000000000000e+04 1.940413799435723558e+04
1.947500000000000000e+04 1.945413799435723558e+04
1.952500000000000000e+04 1.950413799435723558e+04
1.957500000000000000e+04 1.955413799435723558e+04
1.962500000000000000e+04 1.960413799435723558e+04
1.967500000000000000e+04 1.965413799435723558e+04
1.972500000000000000e+04 1.970413799435723558e+04
1.977500000000000000e+04 1.975413799435723558e+04
1.982500000000000000e+04 1.980413799435723558e+04
1.987500000000000000e+04 1.985413799435723558e+04
1.992500000000000000e+04 1.990413799435723558e+04
