4.250000000000000000e+02 4.181224502638788181e+02
4.750000000000000000e+02 4.681224502638789318e+02
5.250000000000000000e+02 5.181224502638792728e+02
5.750000000000000000e+02 5.681224502638789318e+02
6.250000000000000000e+02 6.181224502638784770e+02
6.750000000000000000e+02 6.681224502638780223e+02
7.250000000000000000e+02 7.181224502638780223e+02
7.750000000000000000e+02 7.681224502638780223e+02
8.250000000000000000e+02 8.181224502638773401e+02
8.750000000000000000e+02 8.681224502638773401e+02
9.250000000000000000e+02 9.181224502638775675e+02
9.750000000000000000e+02 9.681224502638775675e+02
1.025000000000000000e+03 1.018122450263877568e+03
1.075000000000000000e+03 1.068122450263878591e+03
1.125000000000000000e+03 1.118122450263879045e+03
1.175000000000000000e+03 1.168122450263879045e+03
1.225000000000000000e+03 1.218122450263878136e+03
1.275000000000000000e+03 1.268122450263877681e+03
1.325000000000000000e+03 1.318122450263877226e+03
1.375000000000000000e+03 1.368122450263877681e+03
1.425000000000000000e+03 1.418122450263879500e+03
1.475000000000000000e+03 1.468122450263879500e+03
1.525000000000000000e+03 1.518122450263879500e+03
1.575000000000000000e+03 1.568122450263879500e+03
1.625000000000000000e+03 1.618122450263879500e+03
1.675000000000000000e+03 1.668122450263879500e+03
1.725000000000000000e+03 1.718122450263879500e+03
1.775000000000000000e+03 1.768122450263879500e+03
1.825000000000000000e+03 1.818122450263879500e+03
1.875000000000000000e+03 1.868122450263879500e+03
1.925000000000000000e+03 1.918122450263879500e+03
1.975000000000000000e+03 1.968122450263879500e+03
2.025000000000000000e+03 2.018122450263879500e+03
2.075000000000000000e+03 2.068122450263879273e+03
2.125000000000000000e+03 2.118122450263878363e+03
2.175000000000000000e+03 2.168122450263878363e+03
2.225000000000000000e+03 2.218122450263881092e+03
2.275000000000000000e+03 2.268122450263882911e+03
2.325000000000000000e+03 2.318122450263883820e+03
2.375000000000000000e+03 2.368122450263882911e+03
2.425000000000000000e+03 2.418122450263882911e+03
2.475000000000000000e+03 2.468122450263881092e+03
2.525000000000000000e+03 2.518122450263881092e+03
2.575000000000000000e+03 2.568122450263881092e+03
2.625000000000000000e+03 2.618122450263881092e+03
2.675000000000000000e+03 2.668122450263881092e+03
2.725000000000000000e+03 2.718122450263881092e+03
2.775000000000000000e+03 2.768122450263881092e+03
2.825000000000000000e+03 2.818122450263881092e+03
2.875000000000000000e+03 2.868122450263881092e+03
2.925000000000000000e+03 2.918122450263881092e+03
2.975000000000000000e+03 2.968122450263881092e+03
3.025000000000000000e+03 3.018122450263881092e+03
3.075000000000000000e+03 3.068122450263881092e+03
3.125000000000000000e+03 3.118122450263881092e+03
3.175000000000000000e+03 3.168122450263881092e+03
3.225000000000000000e+03 3.218122450263881092e+03
3.275000000000000000e+03 3.268122450263881092e+03
3.325000000000000000e+03 3.318122450263881092e+03
3.375000000000000000e+03 3.368122450263881092e+03
3.425000000000000000e+03 3.418122450263881092e+03
3.475000000000000000e+03 3.468122450263881092e+03
3.525000000000000000e+03 3.518122450263881092e+03
3.575000000000000000e+03 3.568122450263881092e+03
3.625000000000000000e+03 3.618122450263881092e+03
3.675000000000000000e+03 3.668122450263881092e+03
3.725000000000000000e+03 3.718122450263881092e+03
3.775000000000000000e+03 3.768122450263881092e+03
3.825000000000000000e+03 3.818122450263881092e+03
3.875000000000000000e+03 3.868122450263881092e+03
3.925000000000000000e+03 3.918122450263881092e+03
3.975000000000000000e+03 3.968122450263881092e+03
4.025000000000000000e+03 4.018122450263881092e+03
4.075000000000000000e+03 4.068122450263881092e+03
4.125000000000000000e+03 4.118122450263881547e+03
4.175000000000000000e+03 4.168122450263883366e+03
4.225000000000000000e+03 4.218122450263886094e+03
4.275000000000000000e+03 4.268122450263884275e+03
4.325000000000000000e+03 4.318122450263884275e+03
4.375000000000000000e+03 4.368122450263884275e+03
4.425000000000000000e+03 4.418122450263882456e+03
4.475000000000000000e+03 4.468122450263882456e+03
4.525000000000000000e+03 4.518122450263882456e+03
4.575000000000000000e+03 4.568122450263882456e+03
4.625000000000000000e+03 4.618122450263882456e+03
4.675000000000000000e+03 4.668122450263882456e+03
4.725000000000000000e+03 4.718122450263882456e+03
4.775000000000000000e+03 4.768122450263882456e+03
4.825000000000000000e+03 4.818122450263882456e+03
4.875000000000000000e+03 4.868122450263882456e+03
4.925000000000000000e+03 4.918122450263882456e+03
4.975000000000000000e+03 4.968122450263882456e+03
5.025000000000000000e+03 5.018122450263882456e+03
5.075000000000000000e+03 5.068122450263882456e+03
5.125000000000000000e+03 5.118122450263882456e+03
5.175000000000000000e+03 5.168122450263882456e+03
5.225000000000000000e+03 5.218122450263882456e+03
5.275000000000000000e+03 5.268122450263882456e+03
5.325000000000000000e+03 5.318122450263882456e+03
5.375000000000000000e+03 5.368122450263882456e+03
5.425000000000000000e+03 5.418122450263882456e+03
5.475000000000000000e+03 5.468122450263882456e+03
5.525000000000000000e+03 5.518122450263882456e+03
5.575000000000000000e+03 5.568122450263882456e+03
5.625000000000000000e+03 5.618122450263882456e+03
5.675000000000000000e+03 5.668122450263882456e+03
5.725000000000000000e+03 5.718122450263882456e+03
5.775000000000000000e+03 5.768122450263882456e+03
5.825000000000000000e+03 5.818122450263882456e+03
5.875000000000000000e+03 5.868122450263882456e+03
5.925000000000000000e+03 5.918122450263882456e+03
5.975000000000000000e+03 5.968122450263882456e+03
6.025000000000000000e+03 6.018122450263882456e+03
6.075000000000000000e+03 6.068122450263882456e+03
6.125000000000000000e+03 6.118122450263882456e+03
6.175000000000000000e+03 6.168122450263882456e+03
6.225000000000000000e+03 6.218122450263882456e+03
6.275000000000000000e+03 6.268122450263882456e+03
6.325000000000000000e+03 6.318122450263882456e+03
6.375000000000000000e+03 6.368122450263882456e+03
6.425000000000000000e+03 6.418122450263882456e+03
6.475000000000000000e+03 6.468122450263882456e+03
6.525000000000000000e+03 6.518122450263882456e+03
6.575000000000000000e+03 6.568122450263882456e+03
6.625000000000000000e+03 6.618122450263882456e+03
6.675000000000000000e+03 6.668122450263882456e+03
6.725000000000000000e+03 6.718122450263882456e+03
6.775000000000000000e+03 6.768122450263882456e+03
6.825000000000000000e+03 6.818122450263882456e+03
6.875000000000000000e+03 6.868122450263882456e+03
6.925000000000000000e+03 6.918122450263882456e+03
6.975000000000000000e+03 6.968122450263882456e+03
7.025000000000000000e+03 7.018122450263882456e+03
7.075000000000000000e+03 7.068122450263882456e+03
7.125000000000000000e+03 7.118122450263882456e+03
7.175000000000000000e+03 7.168122450263882456e+03
7.225000000000000000e+03 7.218122450263882456e+03
7.275000000000000000e+03 7.268122450263882456e+03
7.325000000000000000e+03 7.318122450263882456e+03
7.375000000000000000e+03 7.368122450263882456e+03
7.425000000000000000e+03 7.418122450263882456e+03
7.475000000000000000e+03 7.468122450263882456e+03
7.525000000000000000e+03 7.518122450263882456e+03
7.575000000000000000e+03 7.568122450263882456e+03
7.625000000000000000e+03 7.618122450263882456e+03
7.675000000000000000e+03 7.668122450263882456e+03
7.725000000000000000e+03 7.718122450263882456e+03
7.775000000000000000e+03 7.768122450263882456e+03
7.825000000000000000e+03 7.818122450263882456e+03
7.875000000000000000e+03 7.868122450263882456e+03
7.925000000000000000e+03 7.918122450263882456e+03
7.975000000000000000e+03 7.968122450263882456e+03
8.025000000000000000e+03 8.018122450263882456e+03
8.075000000000000000e+03 8.068122450263882456e+03
8.125000000000000000e+03 8.118122450263882456e+03
8.175000000000000000e+03 8.168122450263882456e+03
8.225000000000000000e+03 8.218122450263879728e+03
8.275000000000000000e+03 8.268122450263876090e+03
8.325000000000000000e+03 8.318122450263874271e+03
8.375000000000000000e+03 8.368122450263877909e+03
8.425000000000000000e+03 8.418122450263877909e+03
8.475000000000000000e+03 8.468122450263883366e+03
8.525000000000000000e+03 8.518122450263885185e+03
8.575000000000000000e+03 8.568122450263885185e+03
8.625000000000000000e+03 8.618122450263885185e+03
8.675000000000000000e+03 8.668122450263885185e+03
8.725000000000000000e+03 8.718122450263885185e+03
8.775000000000000000e+03 8.768122450263885185e+03
8.825000000000000000e+03 8.818122450263885185e+03
8.875000000000000000e+03 8.868122450263885185e+03
8.925000000000000000e+03 8.918122450263885185e+03
8.975000000000000000e+03 8.968122450263885185e+03
9.025000000000000000e+03 9.018122450263885185e+03
9.075000000000000000e+03 9.068122450263885185e+03
9.125000000000000000e+03 9.118122450263885185e+03
9.175000000000000000e+03 9.168122450263885185e+03
9.225000000000000000e+03 9.218122450263885185e+03
9.275000000000000000e+03 9.268122450263885185e+03
9.325000000000000000e+03 9.318122450263885185e+03
9.375000000000000000e+03 9.368122450263885185e+03
9.425000000000000000e+03 9.418122450263885185e+03
9.475000000000000000e+03 9.468122450263885185e+03
9.525000000000000000e+03 9.518122450263885185e+03
9.575000000000000000e+03 9.568122450263885185e+03
9.625000000000000000e+03 9.618122450263885185e+03
9.675000000000000000e+03 9.668122450263885185e+03
9.725000000000000000e+03 9.718122450263885185e+03
9.775000000000000000e+03 9.768122450263885185e+03
9.825000000000000000e+03 9.818122450263885185e+03
9.875000000000000000e+03 9.868122450263885185e+03
9.925000000000000000e+03 9.918122450263885185e+03
9.975000000000000000e+03 9.968122450263885185e+03
1.002500000000000000e+04 1.001812245026388518e+04
1.007500000000000000e+04 1.006812245026388518e+04
1.012500000000000000e+04 1.011812245026388518e+04
1.017500000000000000e+04 1.016812245026388518e+04
1.022500000000000000e+04 1.021812245026388518e+04
1.027500000000000000e+04 1.026812245026388518e+04
1.032500000000000000e+04 1.031812245026388518e+04
1.037500000000000000e+04 1.036812245026388518e+04
1.042500000000000000e+04 1.041812245026388518e+04
1.047500000000000000e+04 1.046812245026388518e+04
1.052500000000000000e+04 1.051812245026388518e+04
1.057500000000000000e+04 1.056812245026388518e+04
1.062500000000000000e+04 1.061812245026388518e+04
1.067500000000000000e+04 1.066812245026388518e+04
1.072500000000000000e+04 1.071812245026388518e+04
1.077500000000000000e+04 1.076812245026388518e+04
1.082500000000000000e+04 1.081812245026388518e+04
1.087500000000000000e+04 1.086812245026388518e+04
1.092500000000000000e+04 1.091812245026388518e+04
1.097500000000000000e+04 1.096812245026388518e+04
1.102500000000000000e+04 1.101812245026388518e+04
1.107500000000000000e+04 1.106812245026388518e+04
1.112500000000000000e+04 1.111812245026388518e+04
1.117500000000000000e+04 1.116812245026388518e+04
1.122500000000000000e+04 1.121812245026388518e+04
1.127500000000000000e+04 1.126812245026388518e+04
1.132500000000000000e+04 1.131812245026388518e+04
1.137500000000000000e+04 1.136812245026388518e+04
1.142500000000000000e+04 1.141812245026388518e+04
1.147500000000000000e+04 1.146812245026388518e+04
1.152500000000000000e+04 1.151812245026388518e+04
1.157500000000000000e+04 1.156812245026388518e+04
1.162500000000000000e+04 1.161812245026388518e+04
1.167500000000000000e+04 1.166812245026388518e+04
1.172500000000000000e+04 1.171812245026388518e+04
1.177500000000000000e+04 1.176812245026388518e+04
1.182500000000000000e+04 1.181812245026388518e+04
1.187500000000000000e+04 1.186812245026388518e+04
1.192500000000000000e+04 1.191812245026388518e+04
1.197500000000000000e+04 1.196812245026388518e+04
1.202500000000000000e+04 1.201812245026388518e+04
1.207500000000000000e+04 1.206812245026388518e+04
1.212500000000000000e+04 1.211812245026388518e+04
1.217500000000000000e+04 1.216812245026388518e+04
1.222500000000000000e+04 1.221812245026388518e+04
1.227500000000000000e+04 1.226812245026388518e+04
1.232500000000000000e+04 1.231812245026388518e+04
1.237500000000000000e+04 1.236812245026388518e+04
1.242500000000000000e+04 1.241812245026388518e+04
1.247500000000000000e+04 1.246812245026388518e+04
1.252500000000000000e+04 1.251812245026388518e+04
1.257500000000000000e+04 1.256812245026388518e+04
1.262500000000000000e+04 1.261812245026388518e+04
1.267500000000000000e+04 1.266812245026388518e+04
1.272500000000000000e+04 1.271812245026388518e+04
1.277500000000000000e+04 1.276812245026388518e+04
1.282500000000000000e+04 1.281812245026388518e+04
1.287500000000000000e+04 1.286812245026388518e+04
1.292500000000000000e+04 1.291812245026388518e+04
1.297500000000000000e+04 1.296812245026388518e+04
1.302500000000000000e+04 1.301812245026388518e+04
1.307500000000000000e+04 1.306812245026388518e+04
1.312500000000000000e+04 1.311812245026388518e+04
1.317500000000000000e+04 1.316812245026388518e+04
1.322500000000000000e+04 1.321812245026388518e+04
1.327500000000000000e+04 1.326812245026388518e+04
1.332500000000000000e+04 1.331812245026388518e+04
1.337500000000000000e+04 1.336812245026388518e+04
1.342500000000000000e+04 1.341812245026388518e+04
1.347500000000000000e+04 1.346812245026388518e+04
1.352500000000000000e+04 1.351812245026388518e+04
1.357500000000000000e+04 1.356812245026388518e+04
1.362500000000000000e+04 1.361812245026388518e+04
1.367500000000000000e+04 1.366812245026388518e+04
1.372500000000000000e+04 1.371812245026388518e+04
1.377500000000000000e+04 1.376812245026388518e+04
1.382500000000000000e+04 1.381812245026388518e+04
1.387500000000000000e+04 1.386812245026388518e+04
1.392500000000000000e+04 1.391812245026388518e+04
1.397500000000000000e+04 1.396812245026388518e+04
1.402500000000000000e+04 1.401812245026388518e+04
1.407500000000000000e+04 1.406812245026388518e+04
1.412500000000000000e+04 1.411812245026388518e+04
1.417500000000000000e+04 1.416812245026388518e+04
1.422500000000000000e+04 1.421812245026388518e+04
1.427500000000000000e+04 1.426812245026388518e+04
1.432500000000000000e+04 1.431812245026388518e+04
1.437500000000000000e+04 1.436812245026388518e+04
1.442500000000000000e+04 1.441812245026388518e+04
1.447500000000000000e+04 1.446812245026388518e+04
1.452500000000000000e+04 1.451812245026388518e+04
1.457500000000000000e+04 1.456812245026388518e+04
1.462500000000000000e+04 1.461812245026388518e+04
1.467500000000000000e+04 1.466812245026388518e+04
1.472500000000000000e+04 1.471812245026388518e+04
1.477500000000000000e+04 1.476812245026388518e+04
1.482500000000000000e+04 1.481812245026388518e+04
1.487500000000000000e+04 1.486812245026388518e+04
1.492500000000000000e+04 1.491812245026388518e+04
1.497500000000000000e+04 1.496812245026388518e+04
1.502500000000000000e+04 1.501812245026388518e+04
1.507500000000000000e+04 1.506812245026388518e+04
1.512500000000000000e+04 1.511812245026388518e+04
1.517500000000000000e+04 1.516812245026388518e+04
1.522500000000000000e+04 1.521812245026388518e+04
1.527500000000000000e+04 1.526812245026388518e+04
1.532500000000000000e+04 1.531812245026388518e+04
1.537500000000000000e+04 1.536812245026388518e+04
1.542500000000000000e+04 1.541812245026388518e+04
1.547500000000000000e+04 1.546812245026388518e+04
1.552500000000000000e+04 1.551812245026388518e+04
1.557500000000000000e+04 1.556812245026388518e+04
1.562500000000000000e+04 1.561812245026388518e+04
1.567500000000000000e+04 1.566812245026388518e+04
1.572500000000000000e+04 1.571812245026388518e+04
1.577500000000000000e+04 1.576812245026388518e+04
1.582500000000000000e+04 1.581812245026388518e+04
1.587500000000000000e+04 1.586812245026388518e+04
1.592500000000000000e+04 1.591812245026388518e+04
1.597500000000000000e+04 1.596812245026388518e+04
1.602500000000000000e+04 1.601812245026388518e+04
1.607500000000000000e+04 1.606812245026388518e+04
1.612500000000000000e+04 1.611812245026388518e+04
1.617500000000000000e+04 1.616812245026388518e+04
1.622500000000000000e+04 1.621812245026388518e+04
1.627500000000000000e+04 1.626812245026388518e+04
1.632500000000000000e+04 1.631812245026388518e+04
1.637500000000000000e+04 1.636812245026388518e+04
1.642500000000000000e+04 1.641812245026388700e+04
1.647500000000000000e+04 1.646812245026389428e+04
1.652500000000000000e+04 1.651812245026389428e+04
1.657500000000000000e+04 1.656812245026388700e+04
1.662500000000000000e+04 1.661812245026388700e+04
1.667500000000000000e+04 1.666812245026388700e+04
1.672500000000000000e+04 1.671812245026387973e+04
1.677500000000000000e+04 1.676812245026387973e+04
1.682500000000000000e+04 1.681812245026387973e+04
1.687500000000000000e+04 1.686812245026387973e+04
1.692500000000000000e+04 1.691812245026387973e+04
1.697500000000000000e+04 1.696812245026387973e+04
1.702500000000000000e+04 1.701812245026387973e+04
1.707500000000000000e+04 1.706812245026387973e+04
1.712500000000000000e+04 1.711812245026387973e+04
1.717500000000000000e+04 1.716812245026387973e+04
1.722500000000000000e+04 1.721812245026387973e+04
1.727500000000000000e+04 1.726812245026387973e+04
1.732500000000000000e+04 1.731812245026387973e+04
1.737500000000000000e+04 1.736812245026387973e+04
1.742500000000000000e+04 1.741812245026387973e+04
1.747500000000000000e+04 1.746812245026387973e+04
1.752500000000000000e+04 1.751812245026387973e+04
1.757500000000000000e+04 1.756812245026387973e+04
1.762500000000000000e+04 1.761812245026387973e+04
1.767500000000000000e+04 1.766812245026387973e+04
1.772500000000000000e+04 1.771812245026387973e+04
1.777500000000000000e+04 1.776812245026387973e+04
1.782500000000000000e+04 1.781812245026387973e+04
1.787500000000000000e+04 1.786812245026387973e+04
1.792500000000000000e+04 1.791812245026387973e+04
1.797500000000000000e+04 1.796812245026387973e+04
1.802500000000000000e+04 1.801812245026387973e+04
1.807500000000000000e+04 1.806812245026387973e+04
1.812500000000000000e+04 1.811812245026387973e+04
1.817500000000000000e+04 1.816812245026387973e+04
1.822500000000000000e+04 1.821812245026387973e+04
1.827500000000000000e+04 1.826812245026387973e+04
1.832500000000000000e+04 1.831812245026387973e+04
1.837500000000000000e+04 1.836812245026387973e+04
1.842500000000000000e+04 1.841812245026387973e+04
1.847500000000000000e+04 1.846812245026387973e+04
1.852500000000000000e+04 1.851812245026387973e+04
1.857500000000000000e+04 1.856812245026387973e+04
1.862500000000000000e+04 1.861812245026387973e+04
1.867500000000000000e+04 1.866812245026387973e+04
1.872500000000000000e+04 1.871812245026387973e+04
1.877500000000000000e+04 1.876812245026387973e+04
1.882500000000000000e+04 1.881812245026387973e+04
1.887500000000000000e+04 1.886812245026387973e+04
1.892500000000000000e+04 1.891812245026387973e+04
1.897500000000000000e+04 1.896812245026387973e+04
1.902500000000000000e+04 1.901812245026387973e+04
1.907500000000000000e+04 1.906812245026387973e+04
1.912500000000000000e+04 1.911812245026387973e+04
1.917500000000000000e+04 1.916812245026387973e+04
1.922500000000000000e+04 1.921812245026387973e+04
1.927500000000000000e+04 1.926812245026387973e+04
1.932500000000000000e+04 1.931812245026387973e+04
1.937500000000000000e+04 1.936812245026387973e+04
1.942500000000000000e+04 1.941812245026387973e+04
1.947500000000000000e+04 1.946812245026387973e+04
1.952500000000000000e+04 1.951812245026387973e+04
1.957500000000000000e+04 1.956812245026387973e+04
1.962500000000000000e+04 1.961812245026387973e+04
1.967500000000000000e+04 1.966812245026387973e+04
1.972500000000000000e+04 1.971812245026387973e+04
1.977500000000000000e+04 1.976812245026387973e+04
1.982500000000000000e+04 1.981812245026387973e+04
1.987500000000000000e+04 1.986812245026387973e+04
1.992500000000000000e+04 1.991812245026387973e+04
