1.825000000000000000e+03 1.794051026187455136e+03
1.875000000000000000e+03 1.844051026187455136e+03
1.925000000000000000e+03 1.894051026187455136e+03
1.975000000000000000e+03 1.944051026187455136e+03
2.025000000000000000e+03 1.994051026187455591e+03
2.075000000000000000e+03 2.044051026187455591e+03
2.125000000000000000e+03 2.094051026187456046e+03
2.175000000000000000e+03 2.144051026187456046e+03
2.225000000000000000e+03 2.194051026187456955e+03
2.275000000000000000e+03 2.244051026187457865e+03
2.325000000000000000e+03 2.294051026187457865e+03
2.375000000000000000e+03 2.344051026187458774e+03
2.425000000000000000e+03 2.394051026187457865e+03
2.475000000000000000e+03 2.444051026187458774e+03
2.525000000000000000e+03 2.494051026187459684e+03
2.575000000000000000e+03 2.544051026187459684e+03
2.625000000000000000e+03 2.594051026187458774e+03
2.675000000000000000e+03 2.644051026187458774e+03
2.725000000000000000e+03 2.694051026187458774e+03
2.775000000000000000e+03 2.744051026187458774e+03
2.825000000000000000e+03 2.794051026187458774e+03
2.875000000000000000e+03 2.844051026187458774e+03
2.925000000000000000e+03 2.894051026187457865e+03
2.975000000000000000e+03 2.944051026187457865e+03
3.025000000000000000e+03 2.994051026187457865e+03
3.075000000000000000e+03 3.044051026187457865e+03
3.125000000000000000e+03 3.094051026187456046e+03
3.175000000000000000e+03 3.144051026187456046e+03
3.225000000000000000e+03 3.194051026187456046e+03
3.275000000000000000e+03 3.244051026187455136e+03
3.325000000000000000e+03 3.294051026187455136e+03
3.375000000000000000e+03 3.344051026187454227e+03
3.425000000000000000e+03 3.394051026187453317e+03
3.475000000000000000e+03 3.444051026187454227e+03
3.525000000000000000e+03 3.494051026187454227e+03
3.575000000000000000e+03 3.544051026187454227e+03
3.625000000000000000e+03 3.594051026187453317e+03
3.675000000000000000e+03 3.644051026187453317e+03
3.725000000000000000e+03 3.694051026187453317e+03
3.775000000000000000e+03 3.744051026187454227e+03
3.825000000000000000e+03 3.794051026187454227e+03
3.875000000000000000e+03 3.844051026187454227e+03
3.925000000000000000e+03 3.894051026187454227e+03
3.975000000000000000e+03 3.944051026187454227e+03
4.025000000000000000e+03 3.994051026187454227e+03
4.075000000000000000e+03 4.044051026187454227e+03
4.125000000000000000e+03 4.094051026187454227e+03
4.175000000000000000e+03 4.144051026187453317e+03
4.225000000000000000e+03 4.194051026187451498e+03
4.275000000000000000e+03 4.244051026187453317e+03
4.325000000000000000e+03 4.294051026187451498e+03
4.375000000000000000e+03 4.344051026187449679e+03
4.425000000000000000e+03 4.394051026187449679e+03
4.475000000000000000e+03 4.444051026187451498e+03
4.525000000000000000e+03 4.494051026187449679e+03
4.575000000000000000e+03 4.544051026187449679e+03
4.625000000000000000e+03 4.594051026187449679e+03
4.675000000000000000e+03 4.644051026187449679e+03
4.725000000000000000e+03 4.694051026187449679e+03
4.775000000000000000e+03 4.744051026187449679e+03
4.825000000000000000e+03 4.794051026187449679e+03
4.875000000000000000e+03 4.844051026187451498e+03
4.925000000000000000e+03 4.894051026187451498e+03
4.975000000000000000e+03 4.944051026187451498e+03
5.025000000000000000e+03 4.994051026187453317e+03
5.075000000000000000e+03 5.044051026187455136e+03
5.125000000000000000e+03 5.094051026187456955e+03
5.175000000000000000e+03 5.144051026187455136e+03
5.225000000000000000e+03 5.194051026187456955e+03
5.275000000000000000e+03 5.244051026187456955e+03
5.325000000000000000e+03 5.294051026187456955e+03
5.375000000000000000e+03 5.344051026187458774e+03
5.425000000000000000e+03 5.394051026187458774e+03
5.475000000000000000e+03 5.444051026187458774e+03
5.525000000000000000e+03 5.494051026187460593e+03
5.575000000000000000e+03 5.544051026187460593e+03
5.625000000000000000e+03 5.594051026187460593e+03
5.675000000000000000e+03 5.644051026187460593e+03
5.725000000000000000e+03 5.694051026187460593e+03
5.775000000000000000e+03 5.744051026187460593e+03
5.825000000000000000e+03 5.794051026187460593e+03
5.875000000000000000e+03 5.844051026187462412e+03
5.925000000000000000e+03 5.894051026187460593e+03
5.975000000000000000e+03 5.944051026187460593e+03
6.025000000000000000e+03 5.994051026187460593e+03
6.075000000000000000e+03 6.044051026187460593e+03
6.125000000000000000e+03 6.094051026187460593e+03
6.175000000000000000e+03 6.144051026187460593e+03
6.225000000000000000e+03 6.194051026187460593e+03
6.275000000000000000e+03 6.244051026187460593e+03
6.325000000000000000e+03 6.294051026187460593e+03
6.375000000000000000e+03 6.344051026187460593e+03
6.425000000000000000e+03 6.394051026187460593e+03
6.475000000000000000e+03 6.444051026187460593e+03
6.525000000000000000e+03 6.494051026187460593e+03
6.575000000000000000e+03 6.544051026187460593e+03
6.625000000000000000e+03 6.594051026187460593e+03
6.675000000000000000e+03 6.644051026187460593e+03
6.725000000000000000e+03 6.694051026187460593e+03
6.775000000000000000e+03 6.744051026187460593e+03
6.825000000000000000e+03 6.794051026187460593e+03
6.875000000000000000e+03 6.844051026187460593e+03
6.925000000000000000e+03 6.894051026187460593e+03
6.975000000000000000e+03 6.944051026187460593e+03
7.025000000000000000e+03 6.994051026187460593e+03
7.075000000000000000e+03 7.044051026187460593e+03
7.125000000000000000e+03 7.094051026187460593e+03
7.175000000000000000e+03 7.144051026187460593e+03
7.225000000000000000e+03 7.194051026187460593e+03
7.275000000000000000e+03 7.244051026187460593e+03
7.325000000000000000e+03 7.294051026187460593e+03
7.375000000000000000e+03 7.344051026187460593e+03
7.425000000000000000e+03 7.394051026187460593e+03
7.475000000000000000e+03 7.444051026187460593e+03
7.525000000000000000e+03 7.494051026187460593e+03
7.575000000000000000e+03 7.544051026187460593e+03
7.625000000000000000e+03 7.594051026187460593e+03
7.675000000000000000e+03 7.644051026187460593e+03
7.725000000000000000e+03 7.694051026187460593e+03
7.775000000000000000e+03 7.744051026187460593e+03
7.825000000000000000e+03 7.794051026187460593e+03
7.875000000000000000e+03 7.844051026187460593e+03
7.925000000000000000e+03 7.894051026187460593e+03
7.975000000000000000e+03 7.944051026187460593e+03
8.025000000000000000e+03 7.994051026187460593e+03
8.075000000000000000e+03 8.044051026187460593e+03
8.125000000000000000e+03 8.094051026187460593e+03
8.175000000000000000e+03 8.144051026187460593e+03
8.225000000000000000e+03 8.194051026187460593e+03
8.275000000000000000e+03 8.244051026187458774e+03
8.325000000000000000e+03 8.294051026187458774e+03
8.375000000000000000e+03 8.344051026187455136e+03
8.425000000000000000e+03 8.394051026187451498e+03
8.475000000000000000e+03 8.444051026187451498e+03
8.525000000000000000e+03 8.494051026187455136e+03
8.575000000000000000e+03 8.544051026187451498e+03
8.625000000000000000e+03 8.594051026187455136e+03
8.675000000000000000e+03 8.644051026187455136e+03
8.725000000000000000e+03 8.694051026187455136e+03
8.775000000000000000e+03 8.744051026187458774e+03
8.825000000000000000e+03 8.794051026187462412e+03
8.875000000000000000e+03 8.844051026187462412e+03
8.925000000000000000e+03 8.894051026187466050e+03
8.975000000000000000e+03 8.944051026187466050e+03
9.025000000000000000e+03 8.994051026187466050e+03
9.075000000000000000e+03 9.044051026187462412e+03
9.125000000000000000e+03 9.094051026187462412e+03
9.175000000000000000e+03 9.144051026187462412e+03
9.225000000000000000e+03 9.194051026187462412e+03
9.275000000000000000e+03 9.244051026187462412e+03
9.325000000000000000e+03 9.294051026187462412e+03
9.375000000000000000e+03 9.344051026187462412e+03
9.425000000000000000e+03 9.394051026187462412e+03
9.475000000000000000e+03 9.444051026187462412e+03
9.525000000000000000e+03 9.494051026187466050e+03
9.575000000000000000e+03 9.544051026187462412e+03
9.625000000000000000e+03 9.594051026187458774e+03
9.675000000000000000e+03 9.644051026187462412e+03
9.725000000000000000e+03 9.694051026187462412e+03
9.775000000000000000e+03 9.744051026187466050e+03
9.825000000000000000e+03 9.794051026187466050e+03
9.875000000000000000e+03 9.844051026187466050e+03
9.925000000000000000e+03 9.894051026187466050e+03
9.975000000000000000e+03 9.944051026187462412e+03
1.002500000000000000e+04 9.994051026187466050e+03
1.007500000000000000e+04 1.004405102618746605e+04
1.012500000000000000e+04 1.009405102618746605e+04
1.017500000000000000e+04 1.014405102618746605e+04
1.022500000000000000e+04 1.019405102618746605e+04
1.027500000000000000e+04 1.024405102618746605e+04
1.032500000000000000e+04 1.029405102618746605e+04
1.037500000000000000e+04 1.034405102618746605e+04
1.042500000000000000e+04 1.039405102618746605e+04
1.047500000000000000e+04 1.044405102618746605e+04
1.052500000000000000e+04 1.049405102618746605e+04
1.057500000000000000e+04 1.054405102618746605e+04
1.062500000000000000e+04 1.059405102618746605e+04
1.067500000000000000e+04 1.064405102618746605e+04
1.072500000000000000e+04 1.069405102618746605e+04
1.077500000000000000e+04 1.074405102618746605e+04
1.082500000000000000e+04 1.079405102618746605e+04
1.087500000000000000e+04 1.084405102618746605e+04
1.092500000000000000e+04 1.089405102618746605e+04
1.097500000000000000e+04 1.094405102618746605e+04
1.102500000000000000e+04 1.099405102618746605e+04
1.107500000000000000e+04 1.104405102618746605e+04
1.112500000000000000e+04 1.109405102618746605e+04
1.117500000000000000e+04 1.114405102618746605e+04
1.122500000000000000e+04 1.119405102618746605e+04
1.127500000000000000e+04 1.124405102618746605e+04
1.132500000000000000e+04 1.129405102618746605e+04
1.137500000000000000e+04 1.134405102618746605e+04
1.142500000000000000e+04 1.139405102618746605e+04
1.147500000000000000e+04 1.144405102618746605e+04
1.152500000000000000e+04 1.149405102618746605e+04
1.157500000000000000e+04 1.154405102618746605e+04
1.162500000000000000e+04 1.159405102618746605e+04
1.167500000000000000e+04 1.164405102618746605e+04
1.172500000000000000e+04 1.169405102618746605e+04
1.177500000000000000e+04 1.174405102618746605e+04
1.182500000000000000e+04 1.179405102618746605e+04
1.187500000000000000e+04 1.184405102618746605e+04
1.192500000000000000e+04 1.189405102618746605e+04
1.197500000000000000e+04 1.194405102618746605e+04
1.202500000000000000e+04 1.199405102618746605e+04
1.207500000000000000e+04 1.204405102618746605e+04
1.212500000000000000e+04 1.209405102618746605e+04
1.217500000000000000e+04 1.214405102618746605e+04
1.222500000000000000e+04 1.219405102618746605e+04
1.227500000000000000e+04 1.224405102618746605e+04
1.232500000000000000e+04 1.229405102618746605e+04
1.237500000000000000e+04 1.234405102618746605e+04
1.242500000000000000e+04 1.239405102618746605e+04
1.247500000000000000e+04 1.244405102618746605e+04
1.252500000000000000e+04 1.249405102618746605e+04
1.257500000000000000e+04 1.254405102618746605e+04
1.262500000000000000e+04 1.259405102618746605e+04
1.267500000000000000e+04 1.264405102618746605e+04
1.272500000000000000e+04 1.269405102618746605e+04
1.277500000000000000e+04 1.274405102618746605e+04
1.282500000000000000e+04 1.279405102618746605e+04
1.287500000000000000e+04 1.284405102618746605e+04
1.292500000000000000e+04 1.289405102618746605e+04
1.297500000000000000e+04 1.294405102618746605e+04
1.302500000000000000e+04 1.299405102618746605e+04
1.307500000000000000e+04 1.304405102618746605e+04
1.312500000000000000e+04 1.309405102618746605e+04
1.317500000000000000e+04 1.314405102618746605e+04
1.322500000000000000e+04 1.319405102618746605e+04
1.327500000000000000e+04 1.324405102618746605e+04
1.332500000000000000e+04 1.329405102618746605e+04
1.337500000000000000e+04 1.334405102618746605e+04
1.342500000000000000e+04 1.339405102618746605e+04
1.347500000000000000e+04 1.344405102618746605e+04
1.352500000000000000e+04 1.349405102618746605e+04
1.357500000000000000e+04 1.354405102618746605e+04
1.362500000000000000e+04 1.359405102618746605e+04
1.367500000000000000e+04 1.364405102618746605e+04
1.372500000000000000e+04 1.369405102618746605e+04
1.377500000000000000e+04 1.374405102618746605e+04
1.382500000000000000e+04 1.379405102618746605e+04
1.387500000000000000e+04 1.384405102618746605e+04
1.392500000000000000e+04 1.389405102618746605e+04
1.397500000000000000e+04 1.394405102618746605e+04
1.402500000000000000e+04 1.399405102618746605e+04
1.407500000000000000e+04 1.404405102618746605e+04
1.412500000000000000e+04 1.409405102618746605e+04
1.417500000000000000e+04 1.414405102618746605e+04
1.422500000000000000e+04 1.419405102618746605e+04
1.427500000000000000e+04 1.424405102618746605e+04
1.432500000000000000e+04 1.429405102618746605e+04
1.437500000000000000e+04 1.434405102618746605e+04
1.442500000000000000e+04 1.439405102618746605e+04
1.447500000000000000e+04 1.444405102618746605e+04
1.452500000000000000e+04 1.449405102618746605e+04
1.457500000000000000e+04 1.454405102618746605e+04
1.462500000000000000e+04 1.459405102618746605e+04
1.467500000000000000e+04 1.464405102618746605e+04
1.472500000000000000e+04 1.469405102618746605e+04
1.477500000000000000e+04 1.474405102618746605e+04
1.482500000000000000e+04 1.479405102618746605e+04
1.487500000000000000e+04 1.484405102618746605e+04
1.492500000000000000e+04 1.489405102618746605e+04
1.497500000000000000e+04 1.494405102618746605e+04
1.502500000000000000e+04 1.499405102618746605e+04
1.507500000000000000e+04 1.504405102618746605e+04
1.512500000000000000e+04 1.509405102618746605e+04
1.517500000000000000e+04 1.514405102618746605e+04
1.522500000000000000e+04 1.519405102618746605e+04
1.527500000000000000e+04 1.524405102618746605e+04
1.532500000000000000e+04 1.529405102618746605e+04
1.537500000000000000e+04 1.534405102618746605e+04
1.542500000000000000e+04 1.539405102618746605e+04
1.547500000000000000e+04 1.544405102618746605e+04
1.552500000000000000e+04 1.549405102618746605e+04
1.557500000000000000e+04 1.554405102618746605e+04
1.562500000000000000e+04 1.559405102618746605e+04
1.567500000000000000e+04 1.564405102618746605e+04
1.572500000000000000e+04 1.569405102618746605e+04
1.577500000000000000e+04 1.574405102618746605e+04
1.582500000000000000e+04 1.579405102618746605e+04
1.587500000000000000e+04 1.584405102618746605e+04
1.592500000000000000e+04 1.589405102618746605e+04
1.597500000000000000e+04 1.594405102618746605e+04
1.602500000000000000e+04 1.599405102618746605e+04
1.607500000000000000e+04 1.604405102618746605e+04
1.612500000000000000e+04 1.609405102618746605e+04
1.617500000000000000e+04 1.614405102618746605e+04
1.622500000000000000e+04 1.619405102618746605e+04
1.627500000000000000e+04 1.624405102618746605e+04
1.632500000000000000e+04 1.629405102618746605e+04
1.637500000000000000e+04 1.634405102618746605e+04
1.642500000000000000e+04 1.639405102618746969e+04
1.647500000000000000e+04 1.644405102618746969e+04
1.652500000000000000e+04 1.649405102618746969e+04
1.657500000000000000e+04 1.654405102618747333e+04
1.662500000000000000e+04 1.659405102618747333e+04
1.667500000000000000e+04 1.664405102618748060e+04
1.672500000000000000e+04 1.669405102618747696e+04
1.677500000000000000e+04 1.674405102618747696e+04
1.682500000000000000e+04 1.679405102618747696e+04
1.687500000000000000e+04 1.684405102618747696e+04
1.692500000000000000e+04 1.689405102618747696e+04
1.697500000000000000e+04 1.694405102618747696e+04
1.702500000000000000e+04 1.699405102618746969e+04
1.707500000000000000e+04 1.704405102618746969e+04
1.712500000000000000e+04 1.709405102618746969e+04
1.717500000000000000e+04 1.714405102618746969e+04
1.722500000000000000e+04 1.719405102618746241e+04
1.727500000000000000e+04 1.724405102618746969e+04
1.732500000000000000e+04 1.729405102618746969e+04
1.737500000000000000e+04 1.734405102618746241e+04
1.742500000000000000e+04 1.739405102618746241e+04
1.747500000000000000e+04 1.744405102618746969e+04
1.752500000000000000e+04 1.749405102618746969e+04
1.757500000000000000e+04 1.754405102618746969e+04
1.762500000000000000e+04 1.759405102618747696e+04
1.767500000000000000e+04 1.764405102618747696e+04
1.772500000000000000e+04 1.769405102618747696e+04
1.777500000000000000e+04 1.774405102618747696e+04
1.782500000000000000e+04 1.779405102618748424e+04
1.787500000000000000e+04 1.784405102618748424e+04
1.792500000000000000e+04 1.789405102618747696e+04
1.797500000000000000e+04 1.794405102618748424e+04
1.802500000000000000e+04 1.799405102618748424e+04
1.807500000000000000e+04 1.804405102618747696e+04
1.812500000000000000e+04 1.809405102618748424e+04
1.817500000000000000e+04 1.814405102618748424e+04
1.822500000000000000e+04 1.819405102618748424e+04
1.827500000000000000e+04 1.824405102618748424e+04
1.832500000000000000e+04 1.829405102618748424e+04
1.837500000000000000e+04 1.834405102618748424e+04
1.842500000000000000e+04 1.839405102618748424e+04
1.847500000000000000e+04 1.844405102618748424e+04
1.852500000000000000e+04 1.849405102618748424e+04
1.857500000000000000e+04 1.854405102618748424e+04
1.862500000000000000e+04 1.859405102618748424e+04
1.867500000000000000e+04 1.864405102618748424e+04
1.872500000000000000e+04 1.869405102618748424e+04
1.877500000000000000e+04 1.874405102618748424e+04
1.882500000000000000e+04 1.879405102618748424e+04
1.887500000000000000e+04 1.884405102618748424e+04
1.892500000000000000e+04 1.889405102618748424e+04
1.897500000000000000e+04 1.894405102618748424e+04
1.902500000000000000e+04 1.899405102618748424e+04
1.907500000000000000e+04 1.904405102618748424e+04
1.912500000000000000e+04 1.909405102618748424e+04
1.917500000000000000e+04 1.914405102618748424e+04
1.922500000000000000e+04 1.919405102618748424e+04
1.927500000000000000e+04 1.924405102618748424e+04
1.932500000000000000e+04 1.929405102618748424e+04
1.937500000000000000e+04 1.934405102618748424e+04
1.942500000000000000e+04 1.939405102618748424e+04
1.947500000000000000e+04 1.944405102618748424e+04
1.952500000000000000e+04 1.949405102618748424e+04
1.957500000000000000e+04 1.954405102618748424e+04
1.962500000000000000e+04 1.959405102618748424e+04
1.967500000000000000e+04 1.964405102618748424e+04
1.972500000000000000e+04 1.969405102618748424e+04
1.977500000000000000e+04 1.974405102618748424e+04
1.982500000000000000e+04 1.979405102618748424e+04
1.987500000000000000e+04 1.984405102618748424e+04
1.992500000000000000e+04 1.989405102618748424e+04
