2.250000000000000000e+02 2.244248833585813259e+02
2.750000000000000000e+02 2.744248833585814964e+02
3.250000000000000000e+02 3.244248833585817238e+02
3.750000000000000000e+02 3.744248833585814964e+02
4.250000000000000000e+02 4.244248833585813827e+02
4.750000000000000000e+02 4.744248833585816101e+02
5.250000000000000000e+02 5.244248833585816101e+02
5.750000000000000000e+02 5.744248833585808143e+02
6.250000000000000000e+02 6.244248833585805869e+02
6.750000000000000000e+02 6.744248833585808143e+02
7.250000000000000000e+02 7.244248833585805869e+02
7.750000000000000000e+02 7.744248833585805869e+02
8.250000000000000000e+02 8.244248833585805869e+02
8.750000000000000000e+02 8.744248833585805869e+02
9.250000000000000000e+02 9.244248833585805869e+02
9.750000000000000000e+02 9.744248833585805869e+02
1.025000000000000000e+03 1.024424883358580701e+03
1.075000000000000000e+03 1.074424883358580928e+03
1.125000000000000000e+03 1.124424883358582520e+03
1.175000000000000000e+03 1.174424883358582292e+03
1.225000000000000000e+03 1.224424883358582292e+03
1.275000000000000000e+03 1.274424883358582292e+03
1.325000000000000000e+03 1.324424883358582292e+03
1.375000000000000000e+03 1.374424883358582292e+03
1.425000000000000000e+03 1.424424883358582292e+03
1.475000000000000000e+03 1.474424883358582292e+03
1.525000000000000000e+03 1.524424883358582292e+03
1.575000000000000000e+03 1.574424883358582292e+03
1.625000000000000000e+03 1.624424883358582292e+03
1.675000000000000000e+03 1.674424883358582292e+03
1.725000000000000000e+03 1.724424883358582292e+03
1.775000000000000000e+03 1.774424883358582292e+03
1.825000000000000000e+03 1.824424883358582292e+03
1.875000000000000000e+03 1.874424883358582292e+03
1.925000000000000000e+03 1.924424883358582292e+03
1.975000000000000000e+03 1.974424883358582292e+03
2.025000000000000000e+03 2.024424883358582292e+03
2.075000000000000000e+03 2.074424883358582065e+03
2.125000000000000000e+03 2.124424883358581610e+03
2.175000000000000000e+03 2.174424883358579791e+03
2.225000000000000000e+03 2.224424883358580701e+03
2.275000000000000000e+03 2.274424883358580701e+03
2.325000000000000000e+03 2.324424883358580701e+03
2.375000000000000000e+03 2.374424883358580701e+03
2.425000000000000000e+03 2.424424883358580701e+03
2.475000000000000000e+03 2.474424883358580701e+03
2.525000000000000000e+03 2.524424883358580701e+03
2.575000000000000000e+03 2.574424883358580701e+03
2.625000000000000000e+03 2.624424883358580701e+03
2.675000000000000000e+03 2.674424883358580701e+03
2.725000000000000000e+03 2.724424883358580701e+03
2.775000000000000000e+03 2.774424883358580701e+03
2.825000000000000000e+03 2.824424883358580701e+03
2.875000000000000000e+03 2.874424883358580701e+03
2.925000000000000000e+03 2.924424883358580701e+03
2.975000000000000000e+03 2.974424883358580701e+03
3.025000000000000000e+03 3.024424883358580701e+03
3.075000000000000000e+03 3.074424883358580701e+03
3.125000000000000000e+03 3.124424883358580701e+03
3.175000000000000000e+03 3.174424883358580701e+03
3.225000000000000000e+03 3.224424883358580701e+03
3.275000000000000000e+03 3.274424883358580701e+03
3.325000000000000000e+03 3.324424883358580701e+03
3.375000000000000000e+03 3.374424883358580701e+03
3.425000000000000000e+03 3.424424883358580701e+03
3.475000000000000000e+03 3.474424883358580701e+03
3.525000000000000000e+03 3.524424883358580701e+03
3.575000000000000000e+03 3.574424883358580701e+03
3.625000000000000000e+03 3.624424883358580701e+03
3.675000000000000000e+03 3.674424883358580701e+03
3.725000000000000000e+03 3.724424883358580701e+03
3.775000000000000000e+03 3.774424883358580701e+03
3.825000000000000000e+03 3.824424883358580701e+03
3.875000000000000000e+03 3.874424883358580701e+03
3.925000000000000000e+03 3.924424883358580701e+03
3.975000000000000000e+03 3.974424883358580701e+03
4.025000000000000000e+03 4.024424883358580701e+03
4.075000000000000000e+03 4.074424883358580701e+03
4.125000000000000000e+03 4.124424883358580701e+03
4.175000000000000000e+03 4.174424883358578882e+03
4.225000000000000000e+03 4.224424883358578882e+03
4.275000000000000000e+03 4.274424883358577972e+03
4.325000000000000000e+03 4.324424883358577972e+03
4.375000000000000000e+03 4.374424883358577972e+03
4.425000000000000000e+03 4.424424883358577972e+03
4.475000000000000000e+03 4.474424883358577972e+03
4.525000000000000000e+03 4.524424883358577972e+03
4.575000000000000000e+03 4.574424883358577972e+03
4.625000000000000000e+03 4.624424883358577972e+03
4.675000000000000000e+03 4.674424883358577972e+03
4.725000000000000000e+03 4.724424883358577972e+03
4.775000000000000000e+03 4.774424883358577972e+03
4.825000000000000000e+03 4.824424883358577972e+03
4.875000000000000000e+03 4.874424883358577972e+03
4.925000000000000000e+03 4.924424883358577972e+03
4.975000000000000000e+03 4.974424883358577972e+03
5.025000000000000000e+03 5.024424883358577972e+03
5.075000000000000000e+03 5.074424883358577972e+03
5.125000000000000000e+03 5.124424883358577972e+03
5.175000000000000000e+03 5.174424883358577972e+03
5.225000000000000000e+03 5.224424883358577972e+03
5.275000000000000000e+03 5.274424883358577972e+03
5.325000000000000000e+03 5.324424883358577972e+03
5.375000000000000000e+03 5.374424883358577972e+03
5.425000000000000000e+03 5.424424883358577972e+03
5.475000000000000000e+03 5.474424883358577972e+03
5.525000000000000000e+03 5.524424883358577972e+03
5.575000000000000000e+03 5.574424883358577972e+03
5.625000000000000000e+03 5.624424883358577972e+03
5.675000000000000000e+03 5.674424883358577972e+03
5.725000000000000000e+03 5.724424883358577972e+03
5.775000000000000000e+03 5.774424883358577972e+03
5.825000000000000000e+03 5.824424883358577972e+03
5.875000000000000000e+03 5.874424883358577972e+03
5.925000000000000000e+03 5.924424883358577972e+03
5.975000000000000000e+03 5.974424883358577972e+03
6.025000000000000000e+03 6.024424883358577972e+03
6.075000000000000000e+03 6.074424883358577972e+03
6.125000000000000000e+03 6.124424883358577972e+03
6.175000000000000000e+03 6.174424883358577972e+03
6.225000000000000000e+03 6.224424883358577972e+03
6.275000000000000000e+03 6.274424883358577972e+03
6.325000000000000000e+03 6.324424883358577972e+03
6.375000000000000000e+03 6.374424883358577972e+03
6.425000000000000000e+03 6.424424883358577972e+03
6.475000000000000000e+03 6.474424883358577972e+03
6.525000000000000000e+03 6.524424883358577972e+03
6.575000000000000000e+03 6.574424883358577972e+03
6.625000000000000000e+03 6.624424883358577972e+03
6.675000000000000000e+03 6.674424883358577972e+03
6.725000000000000000e+03 6.724424883358577972e+03
6.775000000000000000e+03 6.774424883358577972e+03
6.825000000000000000e+03 6.824424883358577972e+03
6.875000000000000000e+03 6.874424883358577972e+03
6.925000000000000000e+03 6.924424883358577972e+03
6.975000000000000000e+03 6.974424883358577972e+03
7.025000000000000000e+03 7.024424883358577972e+03
7.075000000000000000e+03 7.074424883358577972e+03
7.125000000000000000e+03 7.124424883358577972e+03
7.175000000000000000e+03 7.174424883358577972e+03
7.225000000000000000e+03 7.224424883358577972e+03
7.275000000000000000e+03 7.274424883358577972e+03
7.325000000000000000e+03 7.324424883358577972e+03
7.375000000000000000e+03 7.374424883358577972e+03
7.425000000000000000e+03 7.424424883358577972e+03
7.475000000000000000e+03 7.474424883358577972e+03
7.525000000000000000e+03 7.524424883358577972e+03
7.575000000000000000e+03 7.574424883358577972e+03
7.625000000000000000e+03 7.624424883358577972e+03
7.675000000000000000e+03 7.674424883358577972e+03
7.725000000000000000e+03 7.724424883358577972e+03
7.775000000000000000e+03 7.774424883358577972e+03
7.825000000000000000e+03 7.824424883358577972e+03
7.875000000000000000e+03 7.874424883358577972e+03
7.925000000000000000e+03 7.924424883358577972e+03
7.975000000000000000e+03 7.974424883358577972e+03
8.025000000000000000e+03 8.024424883358577972e+03
8.075000000000000000e+03 8.074424883358577972e+03
8.125000000000000000e+03 8.124424883358577972e+03
8.175000000000000000e+03 8.174424883358577972e+03
8.225000000000000000e+03 8.224424883358578882e+03
8.275000000000000000e+03 8.274424883358582520e+03
8.325000000000000000e+03 8.324424883358582520e+03
8.375000000000000000e+03 8.374424883358584339e+03
8.425000000000000000e+03 8.424424883358584339e+03
8.475000000000000000e+03 8.474424883358584339e+03
8.525000000000000000e+03 8.524424883358584339e+03
8.575000000000000000e+03 8.574424883358584339e+03
8.625000000000000000e+03 8.624424883358584339e+03
8.675000000000000000e+03 8.674424883358584339e+03
8.725000000000000000e+03 8.724424883358584339e+03
8.775000000000000000e+03 8.774424883358584339e+03
8.825000000000000000e+03 8.824424883358584339e+03
8.875000000000000000e+03 8.874424883358584339e+03
8.925000000000000000e+03 8.924424883358584339e+03
8.975000000000000000e+03 8.974424883358584339e+03
9.025000000000000000e+03 9.024424883358584339e+03
9.075000000000000000e+03 9.074424883358584339e+03
9.125000000000000000e+03 9.124424883358584339e+03
9.175000000000000000e+03 9.174424883358584339e+03
9.225000000000000000e+03 9.224424883358584339e+03
9.275000000000000000e+03 9.274424883358584339e+03
9.325000000000000000e+03 9.324424883358584339e+03
9.375000000000000000e+03 9.374424883358584339e+03
9.425000000000000000e+03 9.424424883358584339e+03
9.475000000000000000e+03 9.474424883358584339e+03
9.525000000000000000e+03 9.524424883358584339e+03
9.575000000000000000e+03 9.574424883358584339e+03
9.625000000000000000e+03 9.624424883358584339e+03
9.675000000000000000e+03 9.674424883358584339e+03
9.725000000000000000e+03 9.724424883358584339e+03
9.775000000000000000e+03 9.774424883358584339e+03
9.825000000000000000e+03 9.824424883358584339e+03
9.875000000000000000e+03 9.874424883358584339e+03
9.925000000000000000e+03 9.924424883358584339e+03
9.975000000000000000e+03 9.974424883358584339e+03
1.002500000000000000e+04 1.002442488335858434e+04
1.007500000000000000e+04 1.007442488335858434e+04
1.012500000000000000e+04 1.012442488335858434e+04
1.017500000000000000e+04 1.017442488335858434e+04
1.022500000000000000e+04 1.022442488335858434e+04
1.027500000000000000e+04 1.027442488335858434e+04
1.032500000000000000e+04 1.032442488335858434e+04
1.037500000000000000e+04 1.037442488335858434e+04
1.042500000000000000e+04 1.042442488335858434e+04
1.047500000000000000e+04 1.047442488335858434e+04
1.052500000000000000e+04 1.052442488335858434e+04
1.057500000000000000e+04 1.057442488335858434e+04
1.062500000000000000e+04 1.062442488335858434e+04
1.067500000000000000e+04 1.067442488335858434e+04
1.072500000000000000e+04 1.072442488335858434e+04
1.077500000000000000e+04 1.077442488335858434e+04
1.082500000000000000e+04 1.082442488335858434e+04
1.087500000000000000e+04 1.087442488335858434e+04
1.092500000000000000e+04 1.092442488335858434e+04
1.097500000000000000e+04 1.097442488335858434e+04
1.102500000000000000e+04 1.102442488335858434e+04
1.107500000000000000e+04 1.107442488335858434e+04
1.112500000000000000e+04 1.112442488335858434e+04
1.117500000000000000e+04 1.117442488335858434e+04
1.122500000000000000e+04 1.122442488335858434e+04
1.127500000000000000e+04 1.127442488335858434e+04
1.132500000000000000e+04 1.132442488335858434e+04
1.137500000000000000e+04 1.137442488335858434e+04
1.142500000000000000e+04 1.142442488335858434e+04
1.147500000000000000e+04 1.147442488335858434e+04
1.152500000000000000e+04 1.152442488335858434e+04
1.157500000000000000e+04 1.157442488335858434e+04
1.162500000000000000e+04 1.162442488335858434e+04
1.167500000000000000e+04 1.167442488335858434e+04
1.172500000000000000e+04 1.172442488335858434e+04
1.177500000000000000e+04 1.177442488335858434e+04
1.182500000000000000e+04 1.182442488335858434e+04
1.187500000000000000e+04 1.187442488335858434e+04
1.192500000000000000e+04 1.192442488335858434e+04
1.197500000000000000e+04 1.197442488335858434e+04
1.202500000000000000e+04 1.202442488335858434e+04
1.207500000000000000e+04 1.207442488335858434e+04
1.212500000000000000e+04 1.212442488335858434e+04
1.217500000000000000e+04 1.217442488335858434e+04
1.222500000000000000e+04 1.222442488335858434e+04
1.227500000000000000e+04 1.227442488335858434e+04
1.232500000000000000e+04 1.232442488335858434e+04
1.237500000000000000e+04 1.237442488335858434e+04
1.242500000000000000e+04 1.242442488335858434e+04
1.247500000000000000e+04 1.247442488335858434e+04
1.252500000000000000e+04 1.252442488335858434e+04
1.257500000000000000e+04 1.257442488335858434e+04
1.262500000000000000e+04 1.262442488335858434e+04
1.267500000000000000e+04 1.267442488335858434e+04
1.272500000000000000e+04 1.272442488335858434e+04
1.277500000000000000e+04 1.277442488335858434e+04
1.282500000000000000e+04 1.282442488335858434e+04
1.287500000000000000e+04 1.287442488335858434e+04
1.292500000000000000e+04 1.292442488335858434e+04
1.297500000000000000e+04 1.297442488335858434e+04
1.302500000000000000e+04 1.302442488335858434e+04
1.307500000000000000e+04 1.307442488335858434e+04
1.312500000000000000e+04 1.312442488335858434e+04
1.317500000000000000e+04 1.317442488335858434e+04
1.322500000000000000e+04 1.322442488335858434e+04
1.327500000000000000e+04 1.327442488335858434e+04
1.332500000000000000e+04 1.332442488335858434e+04
1.337500000000000000e+04 1.337442488335858434e+04
1.342500000000000000e+04 1.342442488335858434e+04
1.347500000000000000e+04 1.347442488335858434e+04
1.352500000000000000e+04 1.352442488335858434e+04
1.357500000000000000e+04 1.357442488335858434e+04
1.362500000000000000e+04 1.362442488335858434e+04
1.367500000000000000e+04 1.367442488335858434e+04
1.372500000000000000e+04 1.372442488335858434e+04
1.377500000000000000e+04 1.377442488335858434e+04
1.382500000000000000e+04 1.382442488335858434e+04
1.387500000000000000e+04 1.387442488335858434e+04
1.392500000000000000e+04 1.392442488335858434e+04
1.397500000000000000e+04 1.397442488335858434e+04
1.402500000000000000e+04 1.402442488335858434e+04
1.407500000000000000e+04 1.407442488335858434e+04
1.412500000000000000e+04 1.412442488335858434e+04
1.417500000000000000e+04 1.417442488335858434e+04
1.422500000000000000e+04 1.422442488335858434e+04
1.427500000000000000e+04 1.427442488335858434e+04
1.432500000000000000e+04 1.432442488335858434e+04
1.437500000000000000e+04 1.437442488335858434e+04
1.442500000000000000e+04 1.442442488335858434e+04
1.447500000000000000e+04 1.447442488335858434e+04
1.452500000000000000e+04 1.452442488335858434e+04
1.457500000000000000e+04 1.457442488335858434e+04
1.462500000000000000e+04 1.462442488335858434e+04
1.467500000000000000e+04 1.467442488335858434e+04
1.472500000000000000e+04 1.472442488335858434e+04
1.477500000000000000e+04 1.477442488335858434e+04
1.482500000000000000e+04 1.482442488335858434e+04
1.487500000000000000e+04 1.487442488335858434e+04
1.492500000000000000e+04 1.492442488335858434e+04
1.497500000000000000e+04 1.497442488335858434e+04
1.502500000000000000e+04 1.502442488335858434e+04
1.507500000000000000e+04 1.507442488335858434e+04
1.512500000000000000e+04 1.512442488335858434e+04
1.517500000000000000e+04 1.517442488335858434e+04
1.522500000000000000e+04 1.522442488335858434e+04
1.527500000000000000e+04 1.527442488335858434e+04
1.532500000000000000e+04 1.532442488335858434e+04
1.537500000000000000e+04 1.537442488335858434e+04
1.542500000000000000e+04 1.542442488335858434e+04
1.547500000000000000e+04 1.547442488335858434e+04
1.552500000000000000e+04 1.552442488335858434e+04
1.557500000000000000e+04 1.557442488335858434e+04
1.562500000000000000e+04 1.562442488335858434e+04
1.567500000000000000e+04 1.567442488335858434e+04
1.572500000000000000e+04 1.572442488335858434e+04
1.577500000000000000e+04 1.577442488335858434e+04
1.582500000000000000e+04 1.582442488335858434e+04
1.587500000000000000e+04 1.587442488335858434e+04
1.592500000000000000e+04 1.592442488335858434e+04
1.597500000000000000e+04 1.597442488335858434e+04
1.602500000000000000e+04 1.602442488335858434e+04
1.607500000000000000e+04 1.607442488335858434e+04
1.612500000000000000e+04 1.612442488335858434e+04
1.617500000000000000e+04 1.617442488335858434e+04
1.622500000000000000e+04 1.622442488335858434e+04
1.627500000000000000e+04 1.627442488335858434e+04
1.632500000000000000e+04 1.632442488335858434e+04
1.637500000000000000e+04 1.637442488335858434e+04
1.642500000000000000e+04 1.642442488335858434e+04
1.647500000000000000e+04 1.647442488335858070e+04
1.652500000000000000e+04 1.652442488335857706e+04
1.657500000000000000e+04 1.657442488335857342e+04
1.662500000000000000e+04 1.662442488335857342e+04
1.667500000000000000e+04 1.667442488335857342e+04
1.672500000000000000e+04 1.672442488335857342e+04
1.677500000000000000e+04 1.677442488335857342e+04
1.682500000000000000e+04 1.682442488335857342e+04
1.687500000000000000e+04 1.687442488335857342e+04
1.692500000000000000e+04 1.692442488335857342e+04
1.697500000000000000e+04 1.697442488335857342e+04
1.702500000000000000e+04 1.702442488335857342e+04
1.707500000000000000e+04 1.707442488335857342e+04
1.712500000000000000e+04 1.712442488335857342e+04
1.717500000000000000e+04 1.717442488335857342e+04
1.722500000000000000e+04 1.722442488335857342e+04
1.727500000000000000e+04 1.727442488335857342e+04
1.732500000000000000e+04 1.732442488335857342e+04
1.737500000000000000e+04 1.737442488335857342e+04
1.742500000000000000e+04 1.742442488335857342e+04
1.747500000000000000e+04 1.747442488335857342e+04
1.752500000000000000e+04 1.752442488335857342e+04
1.757500000000000000e+04 1.757442488335857342e+04
1.762500000000000000e+04 1.762442488335857342e+04
1.767500000000000000e+04 1.767442488335857342e+04
1.772500000000000000e+04 1.772442488335857342e+04
1.777500000000000000e+04 1.777442488335857342e+04
1.782500000000000000e+04 1.782442488335857342e+04
1.787500000000000000e+04 1.787442488335857342e+04
1.792500000000000000e+04 1.792442488335857342e+04
1.797500000000000000e+04 1.797442488335857342e+04
1.802500000000000000e+04 1.802442488335857342e+04
1.807500000000000000e+04 1.807442488335857342e+04
1.812500000000000000e+04 1.812442488335857342e+04
1.817500000000000000e+04 1.817442488335857342e+04
1.822500000000000000e+04 1.822442488335857342e+04
1.827500000000000000e+04 1.827442488335857342e+04
1.832500000000000000e+04 1.832442488335857342e+04
1.837500000000000000e+04 1.837442488335857342e+04
1.842500000000000000e+04 1.842442488335857342e+04
1.847500000000000000e+04 1.847442488335857342e+04
1.852500000000000000e+04 1.852442488335857342e+04
1.857500000000000000e+04 1.857442488335857342e+04
1.862500000000000000e+04 1.862442488335857342e+04
1.867500000000000000e+04 1.867442488335857342e+04
1.872500000000000000e+04 1.872442488335857342e+04
1.877500000000000000e+04 1.877442488335857342e+04
1.882500000000000000e+04 1.882442488335857342e+04
1.887500000000000000e+04 1.887442488335857342e+04
1.892500000000000000e+04 1.892442488335857342e+04
1.897500000000000000e+04 1.897442488335857342e+04
1.902500000000000000e+04 1.902442488335857342e+04
1.907500000000000000e+04 1.907442488335857342e+04
1.912500000000000000e+04 1.912442488335857342e+04
1.917500000000000000e+04 1.917442488335857342e+04
1.922500000000000000e+04 1.922442488335857342e+04
1.927500000000000000e+04 1.927442488335857342e+04
1.932500000000000000e+04 1.932442488335857342e+04
1.937500000000000000e+04 1.937442488335857342e+04
1.942500000000000000e+04 1.942442488335857342e+04
1.947500000000000000e+04 1.947442488335857342e+04
1.952500000000000000e+04 1.952442488335857342e+04
1.957500000000000000e+04 1.957442488335857342e+04
1.962500000000000000e+04 1.962442488335857342e+04
1.967500000000000000e+04 1.967442488335857342e+04
1.972500000000000000e+04 1.972442488335857342e+04
1.977500000000000000e+04 1.977442488335857342e+04
1.982500000000000000e+04 1.982442488335857342e+04
1.987500000000000000e+04 1.987442488335857342e+04
1.992500000000000000e+04 1.992442488335857342e+04
