1.425000000000000000e+03 1.372900754912977845e+03
1.475000000000000000e+03 1.422900754912977391e+03
1.525000000000000000e+03 1.472900754912977845e+03
1.575000000000000000e+03 1.522900754912977391e+03
1.625000000000000000e+03 1.572900754912977391e+03
1.675000000000000000e+03 1.622900754912977391e+03
1.725000000000000000e+03 1.672900754912977391e+03
1.775000000000000000e+03 1.722900754912976936e+03
1.825000000000000000e+03 1.772900754912977391e+03
1.875000000000000000e+03 1.822900754912977391e+03
1.925000000000000000e+03 1.872900754912977391e+03
1.975000000000000000e+03 1.922900754912977391e+03
2.025000000000000000e+03 1.972900754912977391e+03
2.075000000000000000e+03 2.022900754912977391e+03
2.125000000000000000e+03 2.072900754912977391e+03
2.175000000000000000e+03 2.122900754912978300e+03
2.225000000000000000e+03 2.172900754912980119e+03
2.275000000000000000e+03 2.222900754912980119e+03
2.325000000000000000e+03 2.272900754912979210e+03
2.375000000000000000e+03 2.322900754912979210e+03
2.425000000000000000e+03 2.372900754912980119e+03
2.475000000000000000e+03 2.422900754912979210e+03
2.525000000000000000e+03 2.472900754912979210e+03
2.575000000000000000e+03 2.522900754912979210e+03
2.625000000000000000e+03 2.572900754912979210e+03
2.675000000000000000e+03 2.622900754912979210e+03
2.725000000000000000e+03 2.672900754912978300e+03
2.775000000000000000e+03 2.722900754912979210e+03
2.825000000000000000e+03 2.772900754912978300e+03
2.875000000000000000e+03 2.822900754912978300e+03
2.925000000000000000e+03 2.872900754912977391e+03
2.975000000000000000e+03 2.922900754912978300e+03
3.025000000000000000e+03 2.972900754912978300e+03
3.075000000000000000e+03 3.022900754912977391e+03
3.125000000000000000e+03 3.072900754912977391e+03
3.175000000000000000e+03 3.122900754912976481e+03
3.225000000000000000e+03 3.172900754912976481e+03
3.275000000000000000e+03 3.222900754912977391e+03
3.325000000000000000e+03 3.272900754912977391e+03
3.375000000000000000e+03 3.322900754912979210e+03
3.425000000000000000e+03 3.372900754912978300e+03
3.475000000000000000e+03 3.422900754912978300e+03
3.525000000000000000e+03 3.472900754912978300e+03
3.575000000000000000e+03 3.522900754912978300e+03
3.625000000000000000e+03 3.572900754912978300e+03
3.675000000000000000e+03 3.622900754912978300e+03
3.725000000000000000e+03 3.672900754912978300e+03
3.775000000000000000e+03 3.722900754912978300e+03
3.825000000000000000e+03 3.772900754912978300e+03
3.875000000000000000e+03 3.822900754912978300e+03
3.925000000000000000e+03 3.872900754912978300e+03
3.975000000000000000e+03 3.922900754912978300e+03
4.025000000000000000e+03 3.972900754912978300e+03
4.075000000000000000e+03 4.022900754912978300e+03
4.125000000000000000e+03 4.072900754912978300e+03
4.175000000000000000e+03 4.122900754912979210e+03
4.225000000000000000e+03 4.172900754912978300e+03
4.275000000000000000e+03 4.222900754912978300e+03
4.325000000000000000e+03 4.272900754912976481e+03
4.375000000000000000e+03 4.322900754912981938e+03
4.425000000000000000e+03 4.372900754912981938e+03
4.475000000000000000e+03 4.422900754912981938e+03
4.525000000000000000e+03 4.472900754912985576e+03
4.575000000000000000e+03 4.522900754912987395e+03
4.625000000000000000e+03 4.572900754912983757e+03
4.675000000000000000e+03 4.622900754912983757e+03
4.725000000000000000e+03 4.672900754912981938e+03
4.775000000000000000e+03 4.722900754912981938e+03
4.825000000000000000e+03 4.772900754912980119e+03
4.875000000000000000e+03 4.822900754912981938e+03
4.925000000000000000e+03 4.872900754912981938e+03
4.975000000000000000e+03 4.922900754912981938e+03
5.025000000000000000e+03 4.972900754912980119e+03
5.075000000000000000e+03 5.022900754912980119e+03
5.125000000000000000e+03 5.072900754912980119e+03
5.175000000000000000e+03 5.122900754912980119e+03
5.225000000000000000e+03 5.172900754912978300e+03
5.275000000000000000e+03 5.222900754912978300e+03
5.325000000000000000e+03 5.272900754912978300e+03
5.375000000000000000e+03 5.322900754912978300e+03
5.425000000000000000e+03 5.372900754912978300e+03
5.475000000000000000e+03 5.422900754912980119e+03
5.525000000000000000e+03 5.472900754912978300e+03
5.575000000000000000e+03 5.522900754912978300e+03
5.625000000000000000e+03 5.572900754912978300e+03
5.675000000000000000e+03 5.622900754912978300e+03
5.725000000000000000e+03 5.672900754912978300e+03
5.775000000000000000e+03 5.722900754912978300e+03
5.825000000000000000e+03 5.772900754912978300e+03
5.875000000000000000e+03 5.822900754912978300e+03
5.925000000000000000e+03 5.872900754912978300e+03
5.975000000000000000e+03 5.922900754912978300e+03
6.025000000000000000e+03 5.972900754912978300e+03
6.075000000000000000e+03 6.022900754912978300e+03
6.125000000000000000e+03 6.072900754912978300e+03
6.175000000000000000e+03 6.122900754912978300e+03
6.225000000000000000e+03 6.172900754912978300e+03
6.275000000000000000e+03 6.222900754912978300e+03
6.325000000000000000e+03 6.272900754912978300e+03
6.375000000000000000e+03 6.322900754912978300e+03
6.425000000000000000e+03 6.372900754912978300e+03
6.475000000000000000e+03 6.422900754912978300e+03
6.525000000000000000e+03 6.472900754912978300e+03
6.575000000000000000e+03 6.522900754912978300e+03
6.625000000000000000e+03 6.572900754912978300e+03
6.675000000000000000e+03 6.622900754912978300e+03
6.725000000000000000e+03 6.672900754912978300e+03
6.775000000000000000e+03 6.722900754912978300e+03
6.825000000000000000e+03 6.772900754912978300e+03
6.875000000000000000e+03 6.822900754912978300e+03
6.925000000000000000e+03 6.872900754912978300e+03
6.975000000000000000e+03 6.922900754912978300e+03
7.025000000000000000e+03 6.972900754912978300e+03
7.075000000000000000e+03 7.022900754912978300e+03
7.125000000000000000e+03 7.072900754912978300e+03
7.175000000000000000e+03 7.122900754912978300e+03
7.225000000000000000e+03 7.172900754912978300e+03
7.275000000000000000e+03 7.222900754912978300e+03
7.325000000000000000e+03 7.272900754912978300e+03
7.375000000000000000e+03 7.322900754912978300e+03
7.425000000000000000e+03 7.372900754912978300e+03
7.475000000000000000e+03 7.422900754912978300e+03
7.525000000000000000e+03 7.472900754912978300e+03
7.575000000000000000e+03 7.522900754912978300e+03
7.625000000000000000e+03 7.572900754912978300e+03
7.675000000000000000e+03 7.622900754912978300e+03
7.725000000000000000e+03 7.672900754912978300e+03
7.775000000000000000e+03 7.722900754912978300e+03
7.825000000000000000e+03 7.772900754912978300e+03
7.875000000000000000e+03 7.822900754912978300e+03
7.925000000000000000e+03 7.872900754912978300e+03
7.975000000000000000e+03 7.922900754912978300e+03
8.025000000000000000e+03 7.972900754912978300e+03
8.075000000000000000e+03 8.022900754912978300e+03
8.125000000000000000e+03 8.072900754912978300e+03
8.175000000000000000e+03 8.122900754912978300e+03
8.225000000000000000e+03 8.172900754912978300e+03
8.275000000000000000e+03 8.222900754912978300e+03
8.325000000000000000e+03 8.272900754912974662e+03
8.375000000000000000e+03 8.322900754912972843e+03
8.425000000000000000e+03 8.372900754912972843e+03
8.475000000000000000e+03 8.422900754912969205e+03
8.525000000000000000e+03 8.472900754912969205e+03
8.575000000000000000e+03 8.522900754912969205e+03
8.625000000000000000e+03 8.572900754912965567e+03
8.675000000000000000e+03 8.622900754912961929e+03
8.725000000000000000e+03 8.672900754912961929e+03
8.775000000000000000e+03 8.722900754912969205e+03
8.825000000000000000e+03 8.772900754912969205e+03
8.875000000000000000e+03 8.822900754912969205e+03
8.925000000000000000e+03 8.872900754912969205e+03
8.975000000000000000e+03 8.922900754912969205e+03
9.025000000000000000e+03 8.972900754912969205e+03
9.075000000000000000e+03 9.022900754912969205e+03
9.125000000000000000e+03 9.072900754912969205e+03
9.175000000000000000e+03 9.122900754912969205e+03
9.225000000000000000e+03 9.172900754912972843e+03
9.275000000000000000e+03 9.222900754912976481e+03
9.325000000000000000e+03 9.272900754912980119e+03
9.375000000000000000e+03 9.322900754912983757e+03
9.425000000000000000e+03 9.372900754912983757e+03
9.475000000000000000e+03 9.422900754912983757e+03
9.525000000000000000e+03 9.472900754912983757e+03
9.575000000000000000e+03 9.522900754912987395e+03
9.625000000000000000e+03 9.572900754912983757e+03
9.675000000000000000e+03 9.622900754912983757e+03
9.725000000000000000e+03 9.672900754912983757e+03
9.775000000000000000e+03 9.722900754912983757e+03
9.825000000000000000e+03 9.772900754912983757e+03
9.875000000000000000e+03 9.822900754912983757e+03
9.925000000000000000e+03 9.872900754912983757e+03
9.975000000000000000e+03 9.922900754912983757e+03
1.002500000000000000e+04 9.972900754912983757e+03
1.007500000000000000e+04 1.002290075491298376e+04
1.012500000000000000e+04 1.007290075491298376e+04
1.017500000000000000e+04 1.012290075491298376e+04
1.022500000000000000e+04 1.017290075491298376e+04
1.027500000000000000e+04 1.022290075491298376e+04
1.032500000000000000e+04 1.027290075491298376e+04
1.037500000000000000e+04 1.032290075491298376e+04
1.042500000000000000e+04 1.037290075491298376e+04
1.047500000000000000e+04 1.042290075491298376e+04
1.052500000000000000e+04 1.047290075491298376e+04
1.057500000000000000e+04 1.052290075491298376e+04
1.062500000000000000e+04 1.057290075491298376e+04
1.067500000000000000e+04 1.062290075491298376e+04
1.072500000000000000e+04 1.067290075491298376e+04
1.077500000000000000e+04 1.072290075491298376e+04
1.082500000000000000e+04 1.077290075491298376e+04
1.087500000000000000e+04 1.082290075491298376e+04
1.092500000000000000e+04 1.087290075491298376e+04
1.097500000000000000e+04 1.092290075491298376e+04
1.102500000000000000e+04 1.097290075491298376e+04
1.107500000000000000e+04 1.102290075491298376e+04
1.112500000000000000e+04 1.107290075491298376e+04
1.117500000000000000e+04 1.112290075491298376e+04
1.122500000000000000e+04 1.117290075491298376e+04
1.127500000000000000e+04 1.122290075491298376e+04
1.132500000000000000e+04 1.127290075491298376e+04
1.137500000000000000e+04 1.132290075491298376e+04
1.142500000000000000e+04 1.137290075491298376e+04
1.147500000000000000e+04 1.142290075491298376e+04
1.152500000000000000e+04 1.147290075491298376e+04
1.157500000000000000e+04 1.152290075491298376e+04
1.162500000000000000e+04 1.157290075491298376e+04
1.167500000000000000e+04 1.162290075491298376e+04
1.172500000000000000e+04 1.167290075491298376e+04
1.177500000000000000e+04 1.172290075491298376e+04
1.182500000000000000e+04 1.177290075491298376e+04
1.187500000000000000e+04 1.182290075491298376e+04
1.192500000000000000e+04 1.187290075491298376e+04
1.197500000000000000e+04 1.192290075491298376e+04
1.202500000000000000e+04 1.197290075491298376e+04
1.207500000000000000e+04 1.202290075491298376e+04
1.212500000000000000e+04 1.207290075491298376e+04
1.217500000000000000e+04 1.212290075491298376e+04
1.222500000000000000e+04 1.217290075491298376e+04
1.227500000000000000e+04 1.222290075491298376e+04
1.232500000000000000e+04 1.227290075491298376e+04
1.237500000000000000e+04 1.232290075491298376e+04
1.242500000000000000e+04 1.237290075491298376e+04
1.247500000000000000e+04 1.242290075491298376e+04
1.252500000000000000e+04 1.247290075491298376e+04
1.257500000000000000e+04 1.252290075491298376e+04
1.262500000000000000e+04 1.257290075491298376e+04
1.267500000000000000e+04 1.262290075491298376e+04
1.272500000000000000e+04 1.267290075491298376e+04
1.277500000000000000e+04 1.272290075491298376e+04
1.282500000000000000e+04 1.277290075491298376e+04
1.287500000000000000e+04 1.282290075491298376e+04
1.292500000000000000e+04 1.287290075491298376e+04
1.297500000000000000e+04 1.292290075491298376e+04
1.302500000000000000e+04 1.297290075491298376e+04
1.307500000000000000e+04 1.302290075491298376e+04
1.312500000000000000e+04 1.307290075491298376e+04
1.317500000000000000e+04 1.312290075491298376e+04
1.322500000000000000e+04 1.317290075491298376e+04
1.327500000000000000e+04 1.322290075491298376e+04
1.332500000000000000e+04 1.327290075491298376e+04
1.337500000000000000e+04 1.332290075491298376e+04
1.342500000000000000e+04 1.337290075491298376e+04
1.347500000000000000e+04 1.342290075491298376e+04
1.352500000000000000e+04 1.347290075491298376e+04
1.357500000000000000e+04 1.352290075491298376e+04
1.362500000000000000e+04 1.357290075491298376e+04
1.367500000000000000e+04 1.362290075491298376e+04
1.372500000000000000e+04 1.367290075491298376e+04
1.377500000000000000e+04 1.372290075491298376e+04
1.382500000000000000e+04 1.377290075491298376e+04
1.387500000000000000e+04 1.382290075491298376e+04
1.392500000000000000e+04 1.387290075491298376e+04
1.397500000000000000e+04 1.392290075491298376e+04
1.402500000000000000e+04 1.397290075491298376e+04
1.407500000000000000e+04 1.402290075491298376e+04
1.412500000000000000e+04 1.407290075491298376e+04
1.417500000000000000e+04 1.412290075491298376e+04
1.422500000000000000e+04 1.417290075491298376e+04
1.427500000000000000e+04 1.422290075491298376e+04
1.432500000000000000e+04 1.427290075491298376e+04
1.437500000000000000e+04 1.432290075491298376e+04
1.442500000000000000e+04 1.437290075491298376e+04
1.447500000000000000e+04 1.442290075491298376e+04
1.452500000000000000e+04 1.447290075491298376e+04
1.457500000000000000e+04 1.452290075491298376e+04
1.462500000000000000e+04 1.457290075491298376e+04
1.467500000000000000e+04 1.462290075491298376e+04
1.472500000000000000e+04 1.467290075491298376e+04
1.477500000000000000e+04 1.472290075491298376e+04
1.482500000000000000e+04 1.477290075491298376e+04
1.487500000000000000e+04 1.482290075491298376e+04
1.492500000000000000e+04 1.487290075491298376e+04
1.497500000000000000e+04 1.492290075491298376e+04
1.502500000000000000e+04 1.497290075491298376e+04
1.507500000000000000e+04 1.502290075491298376e+04
1.512500000000000000e+04 1.507290075491298376e+04
1.517500000000000000e+04 1.512290075491298376e+04
1.522500000000000000e+04 1.517290075491298376e+04
1.527500000000000000e+04 1.522290075491298376e+04
1.532500000000000000e+04 1.527290075491298376e+04
1.537500000000000000e+04 1.532290075491298376e+04
1.542500000000000000e+04 1.537290075491298376e+04
1.547500000000000000e+04 1.542290075491298376e+04
1.552500000000000000e+04 1.547290075491298376e+04
1.557500000000000000e+04 1.552290075491298376e+04
1.562500000000000000e+04 1.557290075491298376e+04
1.567500000000000000e+04 1.562290075491298376e+04
1.572500000000000000e+04 1.567290075491298376e+04
1.577500000000000000e+04 1.572290075491298376e+04
1.582500000000000000e+04 1.577290075491298376e+04
1.587500000000000000e+04 1.582290075491298376e+04
1.592500000000000000e+04 1.587290075491298376e+04
1.597500000000000000e+04 1.592290075491298376e+04
1.602500000000000000e+04 1.597290075491298376e+04
1.607500000000000000e+04 1.602290075491298376e+04
1.612500000000000000e+04 1.607290075491298376e+04
1.617500000000000000e+04 1.612290075491298376e+04
1.622500000000000000e+04 1.617290075491298376e+04
1.627500000000000000e+04 1.622290075491298376e+04
1.632500000000000000e+04 1.627290075491298376e+04
1.637500000000000000e+04 1.632290075491298376e+04
1.642500000000000000e+04 1.637290075491298376e+04
1.647500000000000000e+04 1.642290075491298558e+04
1.652500000000000000e+04 1.647290075491298558e+04
1.657500000000000000e+04 1.652290075491298194e+04
1.662500000000000000e+04 1.657290075491298194e+04
1.667500000000000000e+04 1.662290075491298921e+04
1.672500000000000000e+04 1.667290075491299285e+04
1.677500000000000000e+04 1.672290075491299285e+04
1.682500000000000000e+04 1.677290075491299285e+04
1.687500000000000000e+04 1.682290075491299285e+04
1.692500000000000000e+04 1.687290075491300013e+04
1.697500000000000000e+04 1.692290075491300013e+04
1.702500000000000000e+04 1.697290075491300740e+04
1.707500000000000000e+04 1.702290075491300740e+04
1.712500000000000000e+04 1.707290075491300740e+04
1.717500000000000000e+04 1.712290075491300740e+04
1.722500000000000000e+04 1.717290075491300740e+04
1.727500000000000000e+04 1.722290075491300013e+04
1.732500000000000000e+04 1.727290075491300740e+04
1.737500000000000000e+04 1.732290075491301468e+04
1.742500000000000000e+04 1.737290075491301468e+04
1.747500000000000000e+04 1.742290075491300740e+04
1.752500000000000000e+04 1.747290075491300740e+04
1.757500000000000000e+04 1.752290075491300740e+04
1.762500000000000000e+04 1.757290075491300740e+04
1.767500000000000000e+04 1.762290075491300740e+04
1.772500000000000000e+04 1.767290075491300740e+04
1.777500000000000000e+04 1.772290075491300740e+04
1.782500000000000000e+04 1.777290075491300740e+04
1.787500000000000000e+04 1.782290075491300740e+04
1.792500000000000000e+04 1.787290075491300740e+04
1.797500000000000000e+04 1.792290075491300740e+04
1.802500000000000000e+04 1.797290075491300740e+04
1.807500000000000000e+04 1.802290075491300740e+04
1.812500000000000000e+04 1.807290075491300740e+04
1.817500000000000000e+04 1.812290075491300740e+04
1.822500000000000000e+04 1.817290075491300740e+04
1.827500000000000000e+04 1.822290075491300740e+04
1.832500000000000000e+04 1.827290075491300740e+04
1.837500000000000000e+04 1.832290075491300740e+04
1.842500000000000000e+04 1.837290075491300740e+04
1.847500000000000000e+04 1.842290075491300740e+04
1.852500000000000000e+04 1.847290075491300740e+04
1.857500000000000000e+04 1.852290075491300740e+04
1.862500000000000000e+04 1.857290075491300740e+04
1.867500000000000000e+04 1.862290075491300740e+04
1.872500000000000000e+04 1.867290075491300740e+04
1.877500000000000000e+04 1.872290075491300740e+04
1.882500000000000000e+04 1.877290075491300740e+04
1.887500000000000000e+04 1.882290075491300740e+04
1.892500000000000000e+04 1.887290075491300740e+04
1.897500000000000000e+04 1.892290075491300740e+04
1.902500000000000000e+04 1.897290075491300740e+04
1.907500000000000000e+04 1.902290075491300740e+04
1.912500000000000000e+04 1.907290075491300740e+04
1.917500000000000000e+04 1.912290075491300740e+04
1.922500000000000000e+04 1.917290075491300740e+04
1.927500000000000000e+04 1.922290075491300740e+04
1.932500000000000000e+04 1.927290075491300740e+04
1.937500000000000000e+04 1.932290075491300740e+04
1.942500000000000000e+04 1.937290075491300740e+04
1.947500000000000000e+04 1.942290075491300740e+04
1.952500000000000000e+04 1.947290075491300740e+04
1.957500000000000000e+04 1.952290075491300740e+04
1.962500000000000000e+04 1.957290075491300740e+04
1.967500000000000000e+04 1.962290075491300740e+04
1.972500000000000000e+04 1.967290075491300740e+04
1.977500000000000000e+04 1.972290075491300740e+04
1.982500000000000000e+04 1.977290075491300740e+04
1.987500000000000000e+04 1.982290075491300740e+04
1.992500000000000000e+04 1.987290075491300740e+04
