1.825000000000000000e+03 1.778060487303788932e+03
1.875000000000000000e+03 1.828060487303788932e+03
1.925000000000000000e+03 1.878060487303788477e+03
1.975000000000000000e+03 1.928060487303788477e+03
2.025000000000000000e+03 1.978060487303788022e+03
2.075000000000000000e+03 2.028060487303788022e+03
2.125000000000000000e+03 2.078060487303788705e+03
2.175000000000000000e+03 2.128060487303787795e+03
2.225000000000000000e+03 2.178060487303786886e+03
2.275000000000000000e+03 2.228060487303785067e+03
2.325000000000000000e+03 2.278060487303785976e+03
2.375000000000000000e+03 2.328060487303784157e+03
2.425000000000000000e+03 2.378060487303784157e+03
2.475000000000000000e+03 2.428060487303783248e+03
2.525000000000000000e+03 2.478060487303783248e+03
2.575000000000000000e+03 2.528060487303783248e+03
2.625000000000000000e+03 2.578060487303783248e+03
2.675000000000000000e+03 2.628060487303783248e+03
2.725000000000000000e+03 2.678060487303783248e+03
2.775000000000000000e+03 2.728060487303783248e+03
2.825000000000000000e+03 2.778060487303782338e+03
2.875000000000000000e+03 2.828060487303784157e+03
2.925000000000000000e+03 2.878060487303784157e+03
2.975000000000000000e+03 2.928060487303785067e+03
3.025000000000000000e+03 2.978060487303785067e+03
3.075000000000000000e+03 3.028060487303785976e+03
3.125000000000000000e+03 3.078060487303785067e+03
3.175000000000000000e+03 3.128060487303785976e+03
3.225000000000000000e+03 3.178060487303785976e+03
3.275000000000000000e+03 3.228060487303785067e+03
3.325000000000000000e+03 3.278060487303785976e+03
3.375000000000000000e+03 3.328060487303785976e+03
3.425000000000000000e+03 3.378060487303785976e+03
3.475000000000000000e+03 3.428060487303785976e+03
3.525000000000000000e+03 3.478060487303785976e+03
3.575000000000000000e+03 3.528060487303785976e+03
3.625000000000000000e+03 3.578060487303785976e+03
3.675000000000000000e+03 3.628060487303785976e+03
3.725000000000000000e+03 3.678060487303785976e+03
3.775000000000000000e+03 3.728060487303786886e+03
3.825000000000000000e+03 3.778060487303785976e+03
3.875000000000000000e+03 3.828060487303784157e+03
3.925000000000000000e+03 3.878060487303784157e+03
3.975000000000000000e+03 3.928060487303784157e+03
4.025000000000000000e+03 3.978060487303784157e+03
4.075000000000000000e+03 4.028060487303784157e+03
4.125000000000000000e+03 4.078060487303784157e+03
4.175000000000000000e+03 4.128060487303779155e+03
4.225000000000000000e+03 4.178060487303779155e+03
4.275000000000000000e+03 4.228060487303780974e+03
4.325000000000000000e+03 4.278060487303780974e+03
4.375000000000000000e+03 4.328060487303782793e+03
4.425000000000000000e+03 4.378060487303784612e+03
4.475000000000000000e+03 4.428060487303784612e+03
4.525000000000000000e+03 4.478060487303784612e+03
4.575000000000000000e+03 4.528060487303784612e+03
4.625000000000000000e+03 4.578060487303786431e+03
4.675000000000000000e+03 4.628060487303786431e+03
4.725000000000000000e+03 4.678060487303786431e+03
4.775000000000000000e+03 4.728060487303788250e+03
4.825000000000000000e+03 4.778060487303788250e+03
4.875000000000000000e+03 4.828060487303790069e+03
4.925000000000000000e+03 4.878060487303790069e+03
4.975000000000000000e+03 4.928060487303788250e+03
5.025000000000000000e+03 4.978060487303790069e+03
5.075000000000000000e+03 5.028060487303790069e+03
5.125000000000000000e+03 5.078060487303790069e+03
5.175000000000000000e+03 5.128060487303788250e+03
5.225000000000000000e+03 5.178060487303788250e+03
5.275000000000000000e+03 5.228060487303788250e+03
5.325000000000000000e+03 5.278060487303790069e+03
5.375000000000000000e+03 5.328060487303788250e+03
5.425000000000000000e+03 5.378060487303786431e+03
5.475000000000000000e+03 5.428060487303788250e+03
5.525000000000000000e+03 5.478060487303788250e+03
5.575000000000000000e+03 5.528060487303788250e+03
5.625000000000000000e+03 5.578060487303788250e+03
5.675000000000000000e+03 5.628060487303788250e+03
5.725000000000000000e+03 5.678060487303788250e+03
5.775000000000000000e+03 5.728060487303788250e+03
5.825000000000000000e+03 5.778060487303788250e+03
5.875000000000000000e+03 5.828060487303788250e+03
5.925000000000000000e+03 5.878060487303791888e+03
5.975000000000000000e+03 5.928060487303791888e+03
6.025000000000000000e+03 5.978060487303791888e+03
6.075000000000000000e+03 6.028060487303791888e+03
6.125000000000000000e+03 6.078060487303791888e+03
6.175000000000000000e+03 6.128060487303791888e+03
6.225000000000000000e+03 6.178060487303791888e+03
6.275000000000000000e+03 6.228060487303791888e+03
6.325000000000000000e+03 6.278060487303791888e+03
6.375000000000000000e+03 6.328060487303791888e+03
6.425000000000000000e+03 6.378060487303791888e+03
6.475000000000000000e+03 6.428060487303791888e+03
6.525000000000000000e+03 6.478060487303791888e+03
6.575000000000000000e+03 6.528060487303791888e+03
6.625000000000000000e+03 6.578060487303791888e+03
6.675000000000000000e+03 6.628060487303791888e+03
6.725000000000000000e+03 6.678060487303791888e+03
6.775000000000000000e+03 6.728060487303791888e+03
6.825000000000000000e+03 6.778060487303791888e+03
6.875000000000000000e+03 6.828060487303791888e+03
6.925000000000000000e+03 6.878060487303791888e+03
6.975000000000000000e+03 6.928060487303791888e+03
7.025000000000000000e+03 6.978060487303791888e+03
7.075000000000000000e+03 7.028060487303791888e+03
7.125000000000000000e+03 7.078060487303791888e+03
7.175000000000000000e+03 7.128060487303791888e+03
7.225000000000000000e+03 7.178060487303791888e+03
7.275000000000000000e+03 7.228060487303791888e+03
7.325000000000000000e+03 7.278060487303791888e+03
7.375000000000000000e+03 7.328060487303791888e+03
7.425000000000000000e+03 7.378060487303791888e+03
7.475000000000000000e+03 7.428060487303791888e+03
7.525000000000000000e+03 7.478060487303791888e+03
7.575000000000000000e+03 7.528060487303791888e+03
7.625000000000000000e+03 7.578060487303791888e+03
7.675000000000000000e+03 7.628060487303791888e+03
7.725000000000000000e+03 7.678060487303791888e+03
7.775000000000000000e+03 7.728060487303791888e+03
7.825000000000000000e+03 7.778060487303791888e+03
7.875000000000000000e+03 7.828060487303791888e+03
7.925000000000000000e+03 7.878060487303791888e+03
7.975000000000000000e+03 7.928060487303791888e+03
8.025000000000000000e+03 7.978060487303791888e+03
8.075000000000000000e+03 8.028060487303791888e+03
8.125000000000000000e+03 8.078060487303791888e+03
8.175000000000000000e+03 8.128060487303791888e+03
8.225000000000000000e+03 8.178060487303791888e+03
8.275000000000000000e+03 8.228060487303799164e+03
8.325000000000000000e+03 8.278060487303797345e+03
8.375000000000000000e+03 8.328060487303799164e+03
8.425000000000000000e+03 8.378060487303802802e+03
8.475000000000000000e+03 8.428060487303804621e+03
8.525000000000000000e+03 8.478060487303799164e+03
8.575000000000000000e+03 8.528060487303800983e+03
8.625000000000000000e+03 8.578060487303800983e+03
8.675000000000000000e+03 8.628060487303800983e+03
8.725000000000000000e+03 8.678060487303797345e+03
8.775000000000000000e+03 8.728060487303797345e+03
8.825000000000000000e+03 8.778060487303799164e+03
8.875000000000000000e+03 8.828060487303799164e+03
8.925000000000000000e+03 8.878060487303799164e+03
8.975000000000000000e+03 8.928060487303795526e+03
9.025000000000000000e+03 8.978060487303791888e+03
9.075000000000000000e+03 9.028060487303795526e+03
9.125000000000000000e+03 9.078060487303791888e+03
9.175000000000000000e+03 9.128060487303791888e+03
9.225000000000000000e+03 9.178060487303791888e+03
9.275000000000000000e+03 9.228060487303791888e+03
9.325000000000000000e+03 9.278060487303791888e+03
9.375000000000000000e+03 9.328060487303791888e+03
9.425000000000000000e+03 9.378060487303795526e+03
9.475000000000000000e+03 9.428060487303795526e+03
9.525000000000000000e+03 9.478060487303791888e+03
9.575000000000000000e+03 9.528060487303788250e+03
9.625000000000000000e+03 9.578060487303791888e+03
9.675000000000000000e+03 9.628060487303788250e+03
9.725000000000000000e+03 9.678060487303788250e+03
9.775000000000000000e+03 9.728060487303784612e+03
9.825000000000000000e+03 9.778060487303780974e+03
9.875000000000000000e+03 9.828060487303780974e+03
9.925000000000000000e+03 9.878060487303780974e+03
9.975000000000000000e+03 9.928060487303777336e+03
1.002500000000000000e+04 9.978060487303777336e+03
1.007500000000000000e+04 1.002806048730377734e+04
1.012500000000000000e+04 1.007806048730377734e+04
1.017500000000000000e+04 1.012806048730377734e+04
1.022500000000000000e+04 1.017806048730377734e+04
1.027500000000000000e+04 1.022806048730377734e+04
1.032500000000000000e+04 1.027806048730377734e+04
1.037500000000000000e+04 1.032806048730377734e+04
1.042500000000000000e+04 1.037806048730377734e+04
1.047500000000000000e+04 1.042806048730377734e+04
1.052500000000000000e+04 1.047806048730377734e+04
1.057500000000000000e+04 1.052806048730377734e+04
1.062500000000000000e+04 1.057806048730377734e+04
1.067500000000000000e+04 1.062806048730377734e+04
1.072500000000000000e+04 1.067806048730377734e+04
1.077500000000000000e+04 1.072806048730377734e+04
1.082500000000000000e+04 1.077806048730377734e+04
1.087500000000000000e+04 1.082806048730377734e+04
1.092500000000000000e+04 1.087806048730377734e+04
1.097500000000000000e+04 1.092806048730377734e+04
1.102500000000000000e+04 1.097806048730377734e+04
1.107500000000000000e+04 1.102806048730377734e+04
1.112500000000000000e+04 1.107806048730377734e+04
1.117500000000000000e+04 1.112806048730377734e+04
1.122500000000000000e+04 1.117806048730377734e+04
1.127500000000000000e+04 1.122806048730377734e+04
1.132500000000000000e+04 1.127806048730377734e+04
1.137500000000000000e+04 1.132806048730377734e+04
1.142500000000000000e+04 1.137806048730377734e+04
1.147500000000000000e+04 1.142806048730377734e+04
1.152500000000000000e+04 1.147806048730377734e+04
1.157500000000000000e+04 1.152806048730377734e+04
1.162500000000000000e+04 1.157806048730377734e+04
1.167500000000000000e+04 1.162806048730377734e+04
1.172500000000000000e+04 1.167806048730377734e+04
1.177500000000000000e+04 1.172806048730377734e+04
1.182500000000000000e+04 1.177806048730377734e+04
1.187500000000000000e+04 1.182806048730377734e+04
1.192500000000000000e+04 1.187806048730377734e+04
1.197500000000000000e+04 1.192806048730377734e+04
1.202500000000000000e+04 1.197806048730377734e+04
1.207500000000000000e+04 1.202806048730377734e+04
1.212500000000000000e+04 1.207806048730377734e+04
1.217500000000000000e+04 1.212806048730377734e+04
1.222500000000000000e+04 1.217806048730377734e+04
1.227500000000000000e+04 1.222806048730377734e+04
1.232500000000000000e+04 1.227806048730377734e+04
1.237500000000000000e+04 1.232806048730377734e+04
1.242500000000000000e+04 1.237806048730377734e+04
1.247500000000000000e+04 1.242806048730377734e+04
1.252500000000000000e+04 1.247806048730377734e+04
1.257500000000000000e+04 1.252806048730377734e+04
1.262500000000000000e+04 1.257806048730377734e+04
1.267500000000000000e+04 1.262806048730377734e+04
1.272500000000000000e+04 1.267806048730377734e+04
1.277500000000000000e+04 1.272806048730377734e+04
1.282500000000000000e+04 1.277806048730377734e+04
1.287500000000000000e+04 1.282806048730377734e+04
1.292500000000000000e+04 1.287806048730377734e+04
1.297500000000000000e+04 1.292806048730377734e+04
1.302500000000000000e+04 1.297806048730377734e+04
1.307500000000000000e+04 1.302806048730377734e+04
1.312500000000000000e+04 1.307806048730377734e+04
1.317500000000000000e+04 1.312806048730377734e+04
1.322500000000000000e+04 1.317806048730377734e+04
1.327500000000000000e+04 1.322806048730377734e+04
1.332500000000000000e+04 1.327806048730377734e+04
1.337500000000000000e+04 1.332806048730377734e+04
1.342500000000000000e+04 1.337806048730377734e+04
1.347500000000000000e+04 1.342806048730377734e+04
1.352500000000000000e+04 1.347806048730377734e+04
1.357500000000000000e+04 1.352806048730377734e+04
1.362500000000000000e+04 1.357806048730377734e+04
1.367500000000000000e+04 1.362806048730377734e+04
1.372500000000000000e+04 1.367806048730377734e+04
1.377500000000000000e+04 1.372806048730377734e+04
1.382500000000000000e+04 1.377806048730377734e+04
1.387500000000000000e+04 1.382806048730377734e+04
1.392500000000000000e+04 1.387806048730377734e+04
1.397500000000000000e+04 1.392806048730377734e+04
1.402500000000000000e+04 1.397806048730377734e+04
1.407500000000000000e+04 1.402806048730377734e+04
1.412500000000000000e+04 1.407806048730377734e+04
1.417500000000000000e+04 1.412806048730377734e+04
1.422500000000000000e+04 1.417806048730377734e+04
1.427500000000000000e+04 1.422806048730377734e+04
1.432500000000000000e+04 1.427806048730377734e+04
1.437500000000000000e+04 1.432806048730377734e+04
1.442500000000000000e+04 1.437806048730377734e+04
1.447500000000000000e+04 1.442806048730377734e+04
1.452500000000000000e+04 1.447806048730377734e+04
1.457500000000000000e+04 1.452806048730377734e+04
1.462500000000000000e+04 1.457806048730377734e+04
1.467500000000000000e+04 1.462806048730377734e+04
1.472500000000000000e+04 1.467806048730377734e+04
1.477500000000000000e+04 1.472806048730377734e+04
1.482500000000000000e+04 1.477806048730377734e+04
1.487500000000000000e+04 1.482806048730377734e+04
1.492500000000000000e+04 1.487806048730377734e+04
1.497500000000000000e+04 1.492806048730377734e+04
1.502500000000000000e+04 1.497806048730377734e+04
1.507500000000000000e+04 1.502806048730377734e+04
1.512500000000000000e+04 1.507806048730377734e+04
1.517500000000000000e+04 1.512806048730377734e+04
1.522500000000000000e+04 1.517806048730377734e+04
1.527500000000000000e+04 1.522806048730377734e+04
1.532500000000000000e+04 1.527806048730377734e+04
1.537500000000000000e+04 1.532806048730377734e+04
1.542500000000000000e+04 1.537806048730377734e+04
1.547500000000000000e+04 1.542806048730377734e+04
1.552500000000000000e+04 1.547806048730377734e+04
1.557500000000000000e+04 1.552806048730377734e+04
1.562500000000000000e+04 1.557806048730377734e+04
1.567500000000000000e+04 1.562806048730377734e+04
1.572500000000000000e+04 1.567806048730377734e+04
1.577500000000000000e+04 1.572806048730377734e+04
1.582500000000000000e+04 1.577806048730377734e+04
1.587500000000000000e+04 1.582806048730377734e+04
1.592500000000000000e+04 1.587806048730377734e+04
1.597500000000000000e+04 1.592806048730377734e+04
1.602500000000000000e+04 1.597806048730377734e+04
1.607500000000000000e+04 1.602806048730377734e+04
1.612500000000000000e+04 1.607806048730377734e+04
1.617500000000000000e+04 1.612806048730377734e+04
1.622500000000000000e+04 1.617806048730377734e+04
1.627500000000000000e+04 1.622806048730377734e+04
1.632500000000000000e+04 1.627806048730377734e+04
1.637500000000000000e+04 1.632806048730377734e+04
1.642500000000000000e+04 1.637806048730377734e+04
1.647500000000000000e+04 1.642806048730377006e+04
1.652500000000000000e+04 1.647806048730377006e+04
1.657500000000000000e+04 1.652806048730377006e+04
1.662500000000000000e+04 1.657806048730377006e+04
1.667500000000000000e+04 1.662806048730377006e+04
1.672500000000000000e+04 1.667806048730377006e+04
1.677500000000000000e+04 1.672806048730377006e+04
1.682500000000000000e+04 1.677806048730377006e+04
1.687500000000000000e+04 1.682806048730377006e+04
1.692500000000000000e+04 1.687806048730376278e+04
1.697500000000000000e+04 1.692806048730376278e+04
1.702500000000000000e+04 1.697806048730376278e+04
1.707500000000000000e+04 1.702806048730376278e+04
1.712500000000000000e+04 1.707806048730376278e+04
1.717500000000000000e+04 1.712806048730377006e+04
1.722500000000000000e+04 1.717806048730377006e+04
1.727500000000000000e+04 1.722806048730377734e+04
1.732500000000000000e+04 1.727806048730377734e+04
1.737500000000000000e+04 1.732806048730377734e+04
1.742500000000000000e+04 1.737806048730377734e+04
1.747500000000000000e+04 1.742806048730377734e+04
1.752500000000000000e+04 1.747806048730377734e+04
1.757500000000000000e+04 1.752806048730377006e+04
1.762500000000000000e+04 1.757806048730376278e+04
1.767500000000000000e+04 1.762806048730377734e+04
1.772500000000000000e+04 1.767806048730377006e+04
1.777500000000000000e+04 1.772806048730376278e+04
1.782500000000000000e+04 1.777806048730377006e+04
1.787500000000000000e+04 1.782806048730377006e+04
1.792500000000000000e+04 1.787806048730377734e+04
1.797500000000000000e+04 1.792806048730377734e+04
1.802500000000000000e+04 1.797806048730377734e+04
1.807500000000000000e+04 1.802806048730378461e+04
1.812500000000000000e+04 1.807806048730378461e+04
1.817500000000000000e+04 1.812806048730378461e+04
1.822500000000000000e+04 1.817806048730378461e+04
1.827500000000000000e+04 1.822806048730378461e+04
1.832500000000000000e+04 1.827806048730378461e+04
1.837500000000000000e+04 1.832806048730378461e+04
1.842500000000000000e+04 1.837806048730378461e+04
1.847500000000000000e+04 1.842806048730378461e+04
1.852500000000000000e+04 1.847806048730378461e+04
1.857500000000000000e+04 1.852806048730378461e+04
1.862500000000000000e+04 1.857806048730378461e+04
1.867500000000000000e+04 1.862806048730378461e+04
1.872500000000000000e+04 1.867806048730378461e+04
1.877500000000000000e+04 1.872806048730378461e+04
1.882500000000000000e+04 1.877806048730378461e+04
1.887500000000000000e+04 1.882806048730378461e+04
1.892500000000000000e+04 1.887806048730378461e+04
1.897500000000000000e+04 1.892806048730378461e+04
1.902500000000000000e+04 1.897806048730378461e+04
1.907500000000000000e+04 1.902806048730378461e+04
1.912500000000000000e+04 1.907806048730378461e+04
1.917500000000000000e+04 1.912806048730378461e+04
1.922500000000000000e+04 1.917806048730378461e+04
1.927500000000000000e+04 1.922806048730378461e+04
1.932500000000000000e+04 1.927806048730378461e+04
1.937500000000000000e+04 1.932806048730378461e+04
1.942500000000000000e+04 1.937806048730378461e+04
1.947500000000000000e+04 1.942806048730378461e+04
1.952500000000000000e+04 1.947806048730378461e+04
1.957500000000000000e+04 1.952806048730378461e+04
1.962500000000000000e+04 1.957806048730378461e+04
1.967500000000000000e+04 1.962806048730378461e+04
1.972500000000000000e+04 1.967806048730378461e+04
1.977500000000000000e+04 1.972806048730378461e+04
1.982500000000000000e+04 1.977806048730378461e+04
1.987500000000000000e+04 1.982806048730378461e+04
1.992500000000000000e+04 1.987806048730378461e+04
