1.025000000000000000e+03 9.989224929465488003e+02
1.075000000000000000e+03 1.048922492946548118e+03
1.125000000000000000e+03 1.098922492946548118e+03
1.175000000000000000e+03 1.148922492946547663e+03
1.225000000000000000e+03 1.198922492946548573e+03
1.275000000000000000e+03 1.248922492946548118e+03
1.325000000000000000e+03 1.298922492946549028e+03
1.375000000000000000e+03 1.348922492946549028e+03
1.425000000000000000e+03 1.398922492946549028e+03
1.475000000000000000e+03 1.448922492946548573e+03
1.525000000000000000e+03 1.498922492946548573e+03
1.575000000000000000e+03 1.548922492946548573e+03
1.625000000000000000e+03 1.598922492946548573e+03
1.675000000000000000e+03 1.648922492946548573e+03
1.725000000000000000e+03 1.698922492946548573e+03
1.775000000000000000e+03 1.748922492946548573e+03
1.825000000000000000e+03 1.798922492946549028e+03
1.875000000000000000e+03 1.848922492946549482e+03
1.925000000000000000e+03 1.898922492946549482e+03
1.975000000000000000e+03 1.948922492946549028e+03
2.025000000000000000e+03 1.998922492946549028e+03
2.075000000000000000e+03 2.048922492946549482e+03
2.125000000000000000e+03 2.098922492946550392e+03
2.175000000000000000e+03 2.148922492946549937e+03
2.225000000000000000e+03 2.198922492946548573e+03
2.275000000000000000e+03 2.248922492946547663e+03
2.325000000000000000e+03 2.298922492946547663e+03
2.375000000000000000e+03 2.348922492946549482e+03
2.425000000000000000e+03 2.398922492946549482e+03
2.475000000000000000e+03 2.448922492946549482e+03
2.525000000000000000e+03 2.498922492946550392e+03
2.575000000000000000e+03 2.548922492946549482e+03
2.625000000000000000e+03 2.598922492946549482e+03
2.675000000000000000e+03 2.648922492946550392e+03
2.725000000000000000e+03 2.698922492946549482e+03
2.775000000000000000e+03 2.748922492946548573e+03
2.825000000000000000e+03 2.798922492946547663e+03
2.875000000000000000e+03 2.848922492946547663e+03
2.925000000000000000e+03 2.898922492946547663e+03
2.975000000000000000e+03 2.948922492946547663e+03
3.025000000000000000e+03 2.998922492946549482e+03
3.075000000000000000e+03 3.048922492946549482e+03
3.125000000000000000e+03 3.098922492946549482e+03
3.175000000000000000e+03 3.148922492946549482e+03
3.225000000000000000e+03 3.198922492946549482e+03
3.275000000000000000e+03 3.248922492946549482e+03
3.325000000000000000e+03 3.298922492946549482e+03
3.375000000000000000e+03 3.348922492946549482e+03
3.425000000000000000e+03 3.398922492946549482e+03
3.475000000000000000e+03 3.448922492946549482e+03
3.525000000000000000e+03 3.498922492946549482e+03
3.575000000000000000e+03 3.548922492946549482e+03
3.625000000000000000e+03 3.598922492946549482e+03
3.675000000000000000e+03 3.648922492946549482e+03
3.725000000000000000e+03 3.698922492946549482e+03
3.775000000000000000e+03 3.748922492946549482e+03
3.825000000000000000e+03 3.798922492946549482e+03
3.875000000000000000e+03 3.848922492946549482e+03
3.925000000000000000e+03 3.898922492946549482e+03
3.975000000000000000e+03 3.948922492946549482e+03
4.025000000000000000e+03 3.998922492946549482e+03
4.075000000000000000e+03 4.048922492946549482e+03
4.125000000000000000e+03 4.098922492946549937e+03
4.175000000000000000e+03 4.148922492946549937e+03
4.225000000000000000e+03 4.198922492946551756e+03
4.275000000000000000e+03 4.248922492946550847e+03
4.325000000000000000e+03 4.298922492946551756e+03
4.375000000000000000e+03 4.348922492946548118e+03
4.425000000000000000e+03 4.398922492946548118e+03
4.475000000000000000e+03 4.448922492946549937e+03
4.525000000000000000e+03 4.498922492946551756e+03
4.575000000000000000e+03 4.548922492946551756e+03
4.625000000000000000e+03 4.598922492946553575e+03
4.675000000000000000e+03 4.648922492946551756e+03
4.725000000000000000e+03 4.698922492946548118e+03
4.775000000000000000e+03 4.748922492946548118e+03
4.825000000000000000e+03 4.798922492946548118e+03
4.875000000000000000e+03 4.848922492946548118e+03
4.925000000000000000e+03 4.898922492946549937e+03
4.975000000000000000e+03 4.948922492946548118e+03
5.025000000000000000e+03 4.998922492946549937e+03
5.075000000000000000e+03 5.048922492946548118e+03
5.125000000000000000e+03 5.098922492946548118e+03
5.175000000000000000e+03 5.148922492946548118e+03
5.225000000000000000e+03 5.198922492946548118e+03
5.275000000000000000e+03 5.248922492946548118e+03
5.325000000000000000e+03 5.298922492946548118e+03
5.375000000000000000e+03 5.348922492946548118e+03
5.425000000000000000e+03 5.398922492946548118e+03
5.475000000000000000e+03 5.448922492946548118e+03
5.525000000000000000e+03 5.498922492946548118e+03
5.575000000000000000e+03 5.548922492946548118e+03
5.625000000000000000e+03 5.598922492946548118e+03
5.675000000000000000e+03 5.648922492946548118e+03
5.725000000000000000e+03 5.698922492946548118e+03
5.775000000000000000e+03 5.748922492946548118e+03
5.825000000000000000e+03 5.798922492946548118e+03
5.875000000000000000e+03 5.848922492946548118e+03
5.925000000000000000e+03 5.898922492946548118e+03
5.975000000000000000e+03 5.948922492946548118e+03
6.025000000000000000e+03 5.998922492946548118e+03
6.075000000000000000e+03 6.048922492946548118e+03
6.125000000000000000e+03 6.098922492946548118e+03
6.175000000000000000e+03 6.148922492946548118e+03
6.225000000000000000e+03 6.198922492946548118e+03
6.275000000000000000e+03 6.248922492946548118e+03
6.325000000000000000e+03 6.298922492946548118e+03
6.375000000000000000e+03 6.348922492946548118e+03
6.425000000000000000e+03 6.398922492946548118e+03
6.475000000000000000e+03 6.448922492946548118e+03
6.525000000000000000e+03 6.498922492946548118e+03
6.575000000000000000e+03 6.548922492946548118e+03
6.625000000000000000e+03 6.598922492946548118e+03
6.675000000000000000e+03 6.648922492946548118e+03
6.725000000000000000e+03 6.698922492946548118e+03
6.775000000000000000e+03 6.748922492946548118e+03
6.825000000000000000e+03 6.798922492946548118e+03
6.875000000000000000e+03 6.848922492946548118e+03
6.925000000000000000e+03 6.898922492946548118e+03
6.975000000000000000e+03 6.948922492946548118e+03
7.025000000000000000e+03 6.998922492946548118e+03
7.075000000000000000e+03 7.048922492946548118e+03
7.125000000000000000e+03 7.098922492946548118e+03
7.175000000000000000e+03 7.148922492946548118e+03
7.225000000000000000e+03 7.198922492946548118e+03
7.275000000000000000e+03 7.248922492946548118e+03
7.325000000000000000e+03 7.298922492946548118e+03
7.375000000000000000e+03 7.348922492946548118e+03
7.425000000000000000e+03 7.398922492946548118e+03
7.475000000000000000e+03 7.448922492946548118e+03
7.525000000000000000e+03 7.498922492946548118e+03
7.575000000000000000e+03 7.548922492946548118e+03
7.625000000000000000e+03 7.598922492946548118e+03
7.675000000000000000e+03 7.648922492946548118e+03
7.725000000000000000e+03 7.698922492946548118e+03
7.775000000000000000e+03 7.748922492946548118e+03
7.825000000000000000e+03 7.798922492946548118e+03
7.875000000000000000e+03 7.848922492946548118e+03
7.925000000000000000e+03 7.898922492946548118e+03
7.975000000000000000e+03 7.948922492946548118e+03
8.025000000000000000e+03 7.998922492946548118e+03
8.075000000000000000e+03 8.048922492946548118e+03
8.125000000000000000e+03 8.098922492946548118e+03
8.175000000000000000e+03 8.148922492946548118e+03
8.225000000000000000e+03 8.198922492946547209e+03
8.275000000000000000e+03 8.248922492946550847e+03
8.325000000000000000e+03 8.298922492946549028e+03
8.375000000000000000e+03 8.348922492946552666e+03
8.425000000000000000e+03 8.398922492946552666e+03
8.475000000000000000e+03 8.448922492946552666e+03
8.525000000000000000e+03 8.498922492946547209e+03
8.575000000000000000e+03 8.548922492946549028e+03
8.625000000000000000e+03 8.598922492946541752e+03
8.675000000000000000e+03 8.648922492946538114e+03
8.725000000000000000e+03 8.698922492946538114e+03
8.775000000000000000e+03 8.748922492946534476e+03
8.825000000000000000e+03 8.798922492946534476e+03
8.875000000000000000e+03 8.848922492946534476e+03
8.925000000000000000e+03 8.898922492946534476e+03
8.975000000000000000e+03 8.948922492946534476e+03
9.025000000000000000e+03 8.998922492946534476e+03
9.075000000000000000e+03 9.048922492946538114e+03
9.125000000000000000e+03 9.098922492946538114e+03
9.175000000000000000e+03 9.148922492946534476e+03
9.225000000000000000e+03 9.198922492946538114e+03
9.275000000000000000e+03 9.248922492946538114e+03
9.325000000000000000e+03 9.298922492946538114e+03
9.375000000000000000e+03 9.348922492946538114e+03
9.425000000000000000e+03 9.398922492946538114e+03
9.475000000000000000e+03 9.448922492946538114e+03
9.525000000000000000e+03 9.498922492946538114e+03
9.575000000000000000e+03 9.548922492946538114e+03
9.625000000000000000e+03 9.598922492946538114e+03
9.675000000000000000e+03 9.648922492946538114e+03
9.725000000000000000e+03 9.698922492946538114e+03
9.775000000000000000e+03 9.748922492946538114e+03
9.825000000000000000e+03 9.798922492946538114e+03
9.875000000000000000e+03 9.848922492946538114e+03
9.925000000000000000e+03 9.898922492946538114e+03
9.975000000000000000e+03 9.948922492946538114e+03
1.002500000000000000e+04 9.998922492946538114e+03
1.007500000000000000e+04 1.004892249294653811e+04
1.012500000000000000e+04 1.009892249294653811e+04
1.017500000000000000e+04 1.014892249294653811e+04
1.022500000000000000e+04 1.019892249294653811e+04
1.027500000000000000e+04 1.024892249294653811e+04
1.032500000000000000e+04 1.029892249294653811e+04
1.037500000000000000e+04 1.034892249294653811e+04
1.042500000000000000e+04 1.039892249294653811e+04
1.047500000000000000e+04 1.044892249294653811e+04
1.052500000000000000e+04 1.049892249294653811e+04
1.057500000000000000e+04 1.054892249294653811e+04
1.062500000000000000e+04 1.059892249294653811e+04
1.067500000000000000e+04 1.064892249294653811e+04
1.072500000000000000e+04 1.069892249294653811e+04
1.077500000000000000e+04 1.074892249294653811e+04
1.082500000000000000e+04 1.079892249294653811e+04
1.087500000000000000e+04 1.084892249294653811e+04
1.092500000000000000e+04 1.089892249294653811e+04
1.097500000000000000e+04 1.094892249294653811e+04
1.102500000000000000e+04 1.099892249294653811e+04
1.107500000000000000e+04 1.104892249294653811e+04
1.112500000000000000e+04 1.109892249294653811e+04
1.117500000000000000e+04 1.114892249294653811e+04
1.122500000000000000e+04 1.119892249294653811e+04
1.127500000000000000e+04 1.124892249294653811e+04
1.132500000000000000e+04 1.129892249294653811e+04
1.137500000000000000e+04 1.134892249294653811e+04
1.142500000000000000e+04 1.139892249294653811e+04
1.147500000000000000e+04 1.144892249294653811e+04
1.152500000000000000e+04 1.149892249294653811e+04
1.157500000000000000e+04 1.154892249294653811e+04
1.162500000000000000e+04 1.159892249294653811e+04
1.167500000000000000e+04 1.164892249294653811e+04
1.172500000000000000e+04 1.169892249294653811e+04
1.177500000000000000e+04 1.174892249294653811e+04
1.182500000000000000e+04 1.179892249294653811e+04
1.187500000000000000e+04 1.184892249294653811e+04
1.192500000000000000e+04 1.189892249294653811e+04
1.197500000000000000e+04 1.194892249294653811e+04
1.202500000000000000e+04 1.199892249294653811e+04
1.207500000000000000e+04 1.204892249294653811e+04
1.212500000000000000e+04 1.209892249294653811e+04
1.217500000000000000e+04 1.214892249294653811e+04
1.222500000000000000e+04 1.219892249294653811e+04
1.227500000000000000e+04 1.224892249294653811e+04
1.232500000000000000e+04 1.229892249294653811e+04
1.237500000000000000e+04 1.234892249294653811e+04
1.242500000000000000e+04 1.239892249294653811e+04
1.247500000000000000e+04 1.244892249294653811e+04
1.252500000000000000e+04 1.249892249294653811e+04
1.257500000000000000e+04 1.254892249294653811e+04
1.262500000000000000e+04 1.259892249294653811e+04
1.267500000000000000e+04 1.264892249294653811e+04
1.272500000000000000e+04 1.269892249294653811e+04
1.277500000000000000e+04 1.274892249294653811e+04
1.282500000000000000e+04 1.279892249294653811e+04
1.287500000000000000e+04 1.284892249294653811e+04
1.292500000000000000e+04 1.289892249294653811e+04
1.297500000000000000e+04 1.294892249294653811e+04
1.302500000000000000e+04 1.299892249294653811e+04
1.307500000000000000e+04 1.304892249294653811e+04
1.312500000000000000e+04 1.309892249294653811e+04
1.317500000000000000e+04 1.314892249294653811e+04
1.322500000000000000e+04 1.319892249294653811e+04
1.327500000000000000e+04 1.324892249294653811e+04
1.332500000000000000e+04 1.329892249294653811e+04
1.337500000000000000e+04 1.334892249294653811e+04
1.342500000000000000e+04 1.339892249294653811e+04
1.347500000000000000e+04 1.344892249294653811e+04
1.352500000000000000e+04 1.349892249294653811e+04
1.357500000000000000e+04 1.354892249294653811e+04
1.362500000000000000e+04 1.359892249294653811e+04
1.367500000000000000e+04 1.364892249294653811e+04
1.372500000000000000e+04 1.369892249294653811e+04
1.377500000000000000e+04 1.374892249294653811e+04
1.382500000000000000e+04 1.379892249294653811e+04
1.387500000000000000e+04 1.384892249294653811e+04
1.392500000000000000e+04 1.389892249294653811e+04
1.397500000000000000e+04 1.394892249294653811e+04
1.402500000000000000e+04 1.399892249294653811e+04
1.407500000000000000e+04 1.404892249294653811e+04
1.412500000000000000e+04 1.409892249294653811e+04
1.417500000000000000e+04 1.414892249294653811e+04
1.422500000000000000e+04 1.419892249294653811e+04
1.427500000000000000e+04 1.424892249294653811e+04
1.432500000000000000e+04 1.429892249294653811e+04
1.437500000000000000e+04 1.434892249294653811e+04
1.442500000000000000e+04 1.439892249294653811e+04
1.447500000000000000e+04 1.444892249294653811e+04
1.452500000000000000e+04 1.449892249294653811e+04
1.457500000000000000e+04 1.454892249294653811e+04
1.462500000000000000e+04 1.459892249294653811e+04
1.467500000000000000e+04 1.464892249294653811e+04
1.472500000000000000e+04 1.469892249294653811e+04
1.477500000000000000e+04 1.474892249294653811e+04
1.482500000000000000e+04 1.479892249294653811e+04
1.487500000000000000e+04 1.484892249294653811e+04
1.492500000000000000e+04 1.489892249294653811e+04
1.497500000000000000e+04 1.494892249294653811e+04
1.502500000000000000e+04 1.499892249294653811e+04
1.507500000000000000e+04 1.504892249294653811e+04
1.512500000000000000e+04 1.509892249294653811e+04
1.517500000000000000e+04 1.514892249294653811e+04
1.522500000000000000e+04 1.519892249294653811e+04
1.527500000000000000e+04 1.524892249294653811e+04
1.532500000000000000e+04 1.529892249294653811e+04
1.537500000000000000e+04 1.534892249294653811e+04
1.542500000000000000e+04 1.539892249294653811e+04
1.547500000000000000e+04 1.544892249294653811e+04
1.552500000000000000e+04 1.549892249294653811e+04
1.557500000000000000e+04 1.554892249294653811e+04
1.562500000000000000e+04 1.559892249294653811e+04
1.567500000000000000e+04 1.564892249294653811e+04
1.572500000000000000e+04 1.569892249294653811e+04
1.577500000000000000e+04 1.574892249294653811e+04
1.582500000000000000e+04 1.579892249294653811e+04
1.587500000000000000e+04 1.584892249294653811e+04
1.592500000000000000e+04 1.589892249294653811e+04
1.597500000000000000e+04 1.594892249294653811e+04
1.602500000000000000e+04 1.599892249294653811e+04
1.607500000000000000e+04 1.604892249294653811e+04
1.612500000000000000e+04 1.609892249294653811e+04
1.617500000000000000e+04 1.614892249294653811e+04
1.622500000000000000e+04 1.619892249294653811e+04
1.627500000000000000e+04 1.624892249294653811e+04
1.632500000000000000e+04 1.629892249294653811e+04
1.637500000000000000e+04 1.634892249294653811e+04
1.642500000000000000e+04 1.639892249294653084e+04
1.647500000000000000e+04 1.644892249294652356e+04
1.652500000000000000e+04 1.649892249294653084e+04
1.657500000000000000e+04 1.654892249294652356e+04
1.662500000000000000e+04 1.659892249294652356e+04
1.667500000000000000e+04 1.664892249294652356e+04
1.672500000000000000e+04 1.669892249294653084e+04
1.677500000000000000e+04 1.674892249294653084e+04
1.682500000000000000e+04 1.679892249294653811e+04
1.687500000000000000e+04 1.684892249294653084e+04
1.692500000000000000e+04 1.689892249294653811e+04
1.697500000000000000e+04 1.694892249294653811e+04
1.702500000000000000e+04 1.699892249294653811e+04
1.707500000000000000e+04 1.704892249294654539e+04
1.712500000000000000e+04 1.709892249294654539e+04
1.717500000000000000e+04 1.714892249294654539e+04
1.722500000000000000e+04 1.719892249294653811e+04
1.727500000000000000e+04 1.724892249294653811e+04
1.732500000000000000e+04 1.729892249294654539e+04
1.737500000000000000e+04 1.734892249294653811e+04
1.742500000000000000e+04 1.739892249294653811e+04
1.747500000000000000e+04 1.744892249294653811e+04
1.752500000000000000e+04 1.749892249294653811e+04
1.757500000000000000e+04 1.754892249294653811e+04
1.762500000000000000e+04 1.759892249294653811e+04
1.767500000000000000e+04 1.764892249294653811e+04
1.772500000000000000e+04 1.769892249294653811e+04
1.777500000000000000e+04 1.774892249294653811e+04
1.782500000000000000e+04 1.779892249294653811e+04
1.787500000000000000e+04 1.784892249294653811e+04
1.792500000000000000e+04 1.789892249294653811e+04
1.797500000000000000e+04 1.794892249294653811e+04
1.802500000000000000e+04 1.799892249294653811e+04
1.807500000000000000e+04 1.804892249294653811e+04
1.812500000000000000e+04 1.809892249294653811e+04
1.817500000000000000e+04 1.814892249294653811e+04
1.822500000000000000e+04 1.819892249294653811e+04
1.827500000000000000e+04 1.824892249294653811e+04
1.832500000000000000e+04 1.829892249294653811e+04
1.837500000000000000e+04 1.834892249294653811e+04
1.842500000000000000e+04 1.839892249294653811e+04
1.847500000000000000e+04 1.844892249294653811e+04
1.852500000000000000e+04 1.849892249294653811e+04
1.857500000000000000e+04 1.854892249294653811e+04
1.862500000000000000e+04 1.859892249294653811e+04
1.867500000000000000e+04 1.864892249294653811e+04
1.872500000000000000e+04 1.869892249294653811e+04
1.877500000000000000e+04 1.874892249294653811e+04
1.882500000000000000e+04 1.879892249294653811e+04
1.887500000000000000e+04 1.884892249294653811e+04
1.892500000000000000e+04 1.889892249294653811e+04
1.897500000000000000e+04 1.894892249294653811e+04
1.902500000000000000e+04 1.899892249294653811e+04
1.907500000000000000e+04 1.904892249294653811e+04
1.912500000000000000e+04 1.909892249294653811e+04
1.917500000000000000e+04 1.914892249294653811e+04
1.922500000000000000e+04 1.919892249294653811e+04
1.927500000000000000e+04 1.924892249294653811e+04
1.932500000000000000e+04 1.929892249294653811e+04
1.937500000000000000e+04 1.934892249294653811e+04
1.942500000000000000e+04 1.939892249294653811e+04
1.947500000000000000e+04 1.944892249294653811e+04
1.952500000000000000e+04 1.949892249294653811e+04
1.957500000000000000e+04 1.954892249294653811e+04
1.962500000000000000e+04 1.959892249294653811e+04
1.967500000000000000e+04 1.964892249294653811e+04
1.972500000000000000e+04 1.969892249294653811e+04
1.977500000000000000e+04 1.974892249294653811e+04
1.982500000000000000e+04 1.979892249294653811e+04
1.987500000000000000e+04 1.984892249294653811e+04
1.992500000000000000e+04 1.989892249294653811e+04
