1.825000000000000000e+03 1.758015256316685054e+03
1.875000000000000000e+03 1.808015256316685054e+03
1.925000000000000000e+03 1.858015256316684599e+03
1.975000000000000000e+03 1.908015256316685054e+03
2.025000000000000000e+03 1.958015256316685054e+03
2.075000000000000000e+03 2.008015256316684599e+03
2.125000000000000000e+03 2.058015256316684827e+03
2.175000000000000000e+03 2.108015256316684372e+03
2.225000000000000000e+03 2.158015256316683917e+03
2.275000000000000000e+03 2.208015256316685736e+03
2.325000000000000000e+03 2.258015256316687555e+03
2.375000000000000000e+03 2.308015256316688465e+03
2.425000000000000000e+03 2.358015256316689374e+03
2.475000000000000000e+03 2.408015256316690284e+03
2.525000000000000000e+03 2.458015256316690284e+03
2.575000000000000000e+03 2.508015256316690284e+03
2.625000000000000000e+03 2.558015256316690284e+03
2.675000000000000000e+03 2.608015256316690284e+03
2.725000000000000000e+03 2.658015256316690284e+03
2.775000000000000000e+03 2.708015256316690284e+03
2.825000000000000000e+03 2.758015256316690284e+03
2.875000000000000000e+03 2.808015256316690284e+03
2.925000000000000000e+03 2.858015256316691193e+03
2.975000000000000000e+03 2.908015256316690284e+03
3.025000000000000000e+03 2.958015256316689374e+03
3.075000000000000000e+03 3.008015256316689374e+03
3.125000000000000000e+03 3.058015256316688465e+03
3.175000000000000000e+03 3.108015256316688465e+03
3.225000000000000000e+03 3.158015256316688465e+03
3.275000000000000000e+03 3.208015256316687555e+03
3.325000000000000000e+03 3.258015256316688465e+03
3.375000000000000000e+03 3.308015256316688465e+03
3.425000000000000000e+03 3.358015256316688465e+03
3.475000000000000000e+03 3.408015256316689374e+03
3.525000000000000000e+03 3.458015256316689374e+03
3.575000000000000000e+03 3.508015256316691193e+03
3.625000000000000000e+03 3.558015256316692103e+03
3.675000000000000000e+03 3.608015256316692103e+03
3.725000000000000000e+03 3.658015256316692103e+03
3.775000000000000000e+03 3.708015256316692103e+03
3.825000000000000000e+03 3.758015256316692103e+03
3.875000000000000000e+03 3.808015256316691193e+03
3.925000000000000000e+03 3.858015256316691193e+03
3.975000000000000000e+03 3.908015256316691193e+03
4.025000000000000000e+03 3.958015256316691193e+03
4.075000000000000000e+03 4.008015256316691193e+03
4.125000000000000000e+03 4.058015256316691193e+03
4.175000000000000000e+03 4.108015256316692103e+03
4.225000000000000000e+03 4.158015256316693012e+03
4.275000000000000000e+03 4.208015256316693012e+03
4.325000000000000000e+03 4.258015256316689374e+03
4.375000000000000000e+03 4.308015256316689374e+03
4.425000000000000000e+03 4.358015256316689374e+03
4.475000000000000000e+03 4.408015256316687555e+03
4.525000000000000000e+03 4.458015256316687555e+03
4.575000000000000000e+03 4.508015256316687555e+03
4.625000000000000000e+03 4.558015256316685736e+03
4.675000000000000000e+03 4.608015256316685736e+03
4.725000000000000000e+03 4.658015256316687555e+03
4.775000000000000000e+03 4.708015256316687555e+03
4.825000000000000000e+03 4.758015256316689374e+03
4.875000000000000000e+03 4.808015256316687555e+03
4.925000000000000000e+03 4.858015256316685736e+03
4.975000000000000000e+03 4.908015256316685736e+03
5.025000000000000000e+03 4.958015256316685736e+03
5.075000000000000000e+03 5.008015256316685736e+03
5.125000000000000000e+03 5.058015256316683917e+03
5.175000000000000000e+03 5.108015256316683917e+03
5.225000000000000000e+03 5.158015256316683917e+03
5.275000000000000000e+03 5.208015256316683917e+03
5.325000000000000000e+03 5.258015256316683917e+03
5.375000000000000000e+03 5.308015256316683917e+03
5.425000000000000000e+03 5.358015256316683917e+03
5.475000000000000000e+03 5.408015256316683917e+03
5.525000000000000000e+03 5.458015256316683917e+03
5.575000000000000000e+03 5.508015256316683917e+03
5.625000000000000000e+03 5.558015256316682098e+03
5.675000000000000000e+03 5.608015256316682098e+03
5.725000000000000000e+03 5.658015256316682098e+03
5.775000000000000000e+03 5.708015256316683917e+03
5.825000000000000000e+03 5.758015256316683917e+03
5.875000000000000000e+03 5.808015256316685736e+03
5.925000000000000000e+03 5.858015256316685736e+03
5.975000000000000000e+03 5.908015256316685736e+03
6.025000000000000000e+03 5.958015256316685736e+03
6.075000000000000000e+03 6.008015256316685736e+03
6.125000000000000000e+03 6.058015256316685736e+03
6.175000000000000000e+03 6.108015256316685736e+03
6.225000000000000000e+03 6.158015256316685736e+03
6.275000000000000000e+03 6.208015256316685736e+03
6.325000000000000000e+03 6.258015256316685736e+03
6.375000000000000000e+03 6.308015256316685736e+03
6.425000000000000000e+03 6.358015256316685736e+03
6.475000000000000000e+03 6.408015256316685736e+03
6.525000000000000000e+03 6.458015256316685736e+03
6.575000000000000000e+03 6.508015256316685736e+03
6.625000000000000000e+03 6.558015256316685736e+03
6.675000000000000000e+03 6.608015256316685736e+03
6.725000000000000000e+03 6.658015256316685736e+03
6.775000000000000000e+03 6.708015256316685736e+03
6.825000000000000000e+03 6.758015256316685736e+03
6.875000000000000000e+03 6.808015256316685736e+03
6.925000000000000000e+03 6.858015256316685736e+03
6.975000000000000000e+03 6.908015256316685736e+03
7.025000000000000000e+03 6.958015256316685736e+03
7.075000000000000000e+03 7.008015256316685736e+03
7.125000000000000000e+03 7.058015256316685736e+03
7.175000000000000000e+03 7.108015256316685736e+03
7.225000000000000000e+03 7.158015256316685736e+03
7.275000000000000000e+03 7.208015256316685736e+03
7.325000000000000000e+03 7.258015256316685736e+03
7.375000000000000000e+03 7.308015256316685736e+03
7.425000000000000000e+03 7.358015256316685736e+03
7.475000000000000000e+03 7.408015256316685736e+03
7.525000000000000000e+03 7.458015256316685736e+03
7.575000000000000000e+03 7.508015256316685736e+03
7.625000000000000000e+03 7.558015256316685736e+03
7.675000000000000000e+03 7.608015256316685736e+03
7.725000000000000000e+03 7.658015256316685736e+03
7.775000000000000000e+03 7.708015256316685736e+03
7.825000000000000000e+03 7.758015256316685736e+03
7.875000000000000000e+03 7.808015256316685736e+03
7.925000000000000000e+03 7.858015256316685736e+03
7.975000000000000000e+03 7.908015256316685736e+03
8.025000000000000000e+03 7.958015256316685736e+03
8.075000000000000000e+03 8.008015256316685736e+03
8.125000000000000000e+03 8.058015256316685736e+03
8.175000000000000000e+03 8.108015256316685736e+03
8.225000000000000000e+03 8.158015256316685736e+03
8.275000000000000000e+03 8.208015256316684827e+03
8.325000000000000000e+03 8.258015256316684827e+03
8.375000000000000000e+03 8.308015256316686646e+03
8.425000000000000000e+03 8.358015256316686646e+03
8.475000000000000000e+03 8.408015256316683008e+03
8.525000000000000000e+03 8.458015256316683008e+03
8.575000000000000000e+03 8.508015256316679370e+03
8.625000000000000000e+03 8.558015256316675732e+03
8.675000000000000000e+03 8.608015256316679370e+03
8.725000000000000000e+03 8.658015256316683008e+03
8.775000000000000000e+03 8.708015256316683008e+03
8.825000000000000000e+03 8.758015256316675732e+03
8.875000000000000000e+03 8.808015256316675732e+03
8.925000000000000000e+03 8.858015256316675732e+03
8.975000000000000000e+03 8.908015256316675732e+03
9.025000000000000000e+03 8.958015256316675732e+03
9.075000000000000000e+03 9.008015256316675732e+03
9.125000000000000000e+03 9.058015256316675732e+03
9.175000000000000000e+03 9.108015256316675732e+03
9.225000000000000000e+03 9.158015256316683008e+03
9.275000000000000000e+03 9.208015256316683008e+03
9.325000000000000000e+03 9.258015256316686646e+03
9.375000000000000000e+03 9.308015256316686646e+03
9.425000000000000000e+03 9.358015256316686646e+03
9.475000000000000000e+03 9.408015256316683008e+03
9.525000000000000000e+03 9.458015256316683008e+03
9.575000000000000000e+03 9.508015256316683008e+03
9.625000000000000000e+03 9.558015256316679370e+03
9.675000000000000000e+03 9.608015256316675732e+03
9.725000000000000000e+03 9.658015256316675732e+03
9.775000000000000000e+03 9.708015256316679370e+03
9.825000000000000000e+03 9.758015256316679370e+03
9.875000000000000000e+03 9.808015256316675732e+03
9.925000000000000000e+03 9.858015256316679370e+03
9.975000000000000000e+03 9.908015256316675732e+03
1.002500000000000000e+04 9.958015256316675732e+03
1.007500000000000000e+04 1.000801525631667573e+04
1.012500000000000000e+04 1.005801525631667573e+04
1.017500000000000000e+04 1.010801525631667573e+04
1.022500000000000000e+04 1.015801525631667573e+04
1.027500000000000000e+04 1.020801525631667573e+04
1.032500000000000000e+04 1.025801525631667573e+04
1.037500000000000000e+04 1.030801525631667573e+04
1.042500000000000000e+04 1.035801525631667573e+04
1.047500000000000000e+04 1.040801525631667573e+04
1.052500000000000000e+04 1.045801525631667573e+04
1.057500000000000000e+04 1.050801525631667573e+04
1.062500000000000000e+04 1.055801525631667573e+04
1.067500000000000000e+04 1.060801525631667573e+04
1.072500000000000000e+04 1.065801525631667573e+04
1.077500000000000000e+04 1.070801525631667573e+04
1.082500000000000000e+04 1.075801525631667573e+04
1.087500000000000000e+04 1.080801525631667573e+04
1.092500000000000000e+04 1.085801525631667573e+04
1.097500000000000000e+04 1.090801525631667573e+04
1.102500000000000000e+04 1.095801525631667573e+04
1.107500000000000000e+04 1.100801525631667573e+04
1.112500000000000000e+04 1.105801525631667573e+04
1.117500000000000000e+04 1.110801525631667573e+04
1.122500000000000000e+04 1.115801525631667573e+04
1.127500000000000000e+04 1.120801525631667573e+04
1.132500000000000000e+04 1.125801525631667573e+04
1.137500000000000000e+04 1.130801525631667573e+04
1.142500000000000000e+04 1.135801525631667573e+04
1.147500000000000000e+04 1.140801525631667573e+04
1.152500000000000000e+04 1.145801525631667573e+04
1.157500000000000000e+04 1.150801525631667573e+04
1.162500000000000000e+04 1.155801525631667573e+04
1.167500000000000000e+04 1.160801525631667573e+04
1.172500000000000000e+04 1.165801525631667573e+04
1.177500000000000000e+04 1.170801525631667573e+04
1.182500000000000000e+04 1.175801525631667573e+04
1.187500000000000000e+04 1.180801525631667573e+04
1.192500000000000000e+04 1.185801525631667573e+04
1.197500000000000000e+04 1.190801525631667573e+04
1.202500000000000000e+04 1.195801525631667573e+04
1.207500000000000000e+04 1.200801525631667573e+04
1.212500000000000000e+04 1.205801525631667573e+04
1.217500000000000000e+04 1.210801525631667573e+04
1.222500000000000000e+04 1.215801525631667573e+04
1.227500000000000000e+04 1.220801525631667573e+04
1.232500000000000000e+04 1.225801525631667573e+04
1.237500000000000000e+04 1.230801525631667573e+04
1.242500000000000000e+04 1.235801525631667573e+04
1.247500000000000000e+04 1.240801525631667573e+04
1.252500000000000000e+04 1.245801525631667573e+04
1.257500000000000000e+04 1.250801525631667573e+04
1.262500000000000000e+04 1.255801525631667573e+04
1.267500000000000000e+04 1.260801525631667573e+04
1.272500000000000000e+04 1.265801525631667573e+04
1.277500000000000000e+04 1.270801525631667573e+04
1.282500000000000000e+04 1.275801525631667573e+04
1.287500000000000000e+04 1.280801525631667573e+04
1.292500000000000000e+04 1.285801525631667573e+04
1.297500000000000000e+04 1.290801525631667573e+04
1.302500000000000000e+04 1.295801525631667573e+04
1.307500000000000000e+04 1.300801525631667573e+04
1.312500000000000000e+04 1.305801525631667573e+04
1.317500000000000000e+04 1.310801525631667573e+04
1.322500000000000000e+04 1.315801525631667573e+04
1.327500000000000000e+04 1.320801525631667573e+04
1.332500000000000000e+04 1.325801525631667573e+04
1.337500000000000000e+04 1.330801525631667573e+04
1.342500000000000000e+04 1.335801525631667573e+04
1.347500000000000000e+04 1.340801525631667573e+04
1.352500000000000000e+04 1.345801525631667573e+04
1.357500000000000000e+04 1.350801525631667573e+04
1.362500000000000000e+04 1.355801525631667573e+04
1.367500000000000000e+04 1.360801525631667573e+04
1.372500000000000000e+04 1.365801525631667573e+04
1.377500000000000000e+04 1.370801525631667573e+04
1.382500000000000000e+04 1.375801525631667573e+04
1.387500000000000000e+04 1.380801525631667573e+04
1.392500000000000000e+04 1.385801525631667573e+04
1.397500000000000000e+04 1.390801525631667573e+04
1.402500000000000000e+04 1.395801525631667573e+04
1.407500000000000000e+04 1.400801525631667573e+04
1.412500000000000000e+04 1.405801525631667573e+04
1.417500000000000000e+04 1.410801525631667573e+04
1.422500000000000000e+04 1.415801525631667573e+04
1.427500000000000000e+04 1.420801525631667573e+04
1.432500000000000000e+04 1.425801525631667573e+04
1.437500000000000000e+04 1.430801525631667573e+04
1.442500000000000000e+04 1.435801525631667573e+04
1.447500000000000000e+04 1.440801525631667573e+04
1.452500000000000000e+04 1.445801525631667573e+04
1.457500000000000000e+04 1.450801525631667573e+04
1.462500000000000000e+04 1.455801525631667573e+04
1.467500000000000000e+04 1.460801525631667573e+04
1.472500000000000000e+04 1.465801525631667573e+04
1.477500000000000000e+04 1.470801525631667573e+04
1.482500000000000000e+04 1.475801525631667573e+04
1.487500000000000000e+04 1.480801525631667573e+04
1.492500000000000000e+04 1.485801525631667573e+04
1.497500000000000000e+04 1.490801525631667573e+04
1.502500000000000000e+04 1.495801525631667573e+04
1.507500000000000000e+04 1.500801525631667573e+04
1.512500000000000000e+04 1.505801525631667573e+04
1.517500000000000000e+04 1.510801525631667573e+04
1.522500000000000000e+04 1.515801525631667573e+04
1.527500000000000000e+04 1.520801525631667573e+04
1.532500000000000000e+04 1.525801525631667573e+04
1.537500000000000000e+04 1.530801525631667573e+04
1.542500000000000000e+04 1.535801525631667573e+04
1.547500000000000000e+04 1.540801525631667573e+04
1.552500000000000000e+04 1.545801525631667573e+04
1.557500000000000000e+04 1.550801525631667573e+04
1.562500000000000000e+04 1.555801525631667573e+04
1.567500000000000000e+04 1.560801525631667573e+04
1.572500000000000000e+04 1.565801525631667573e+04
1.577500000000000000e+04 1.570801525631667573e+04
1.582500000000000000e+04 1.575801525631667573e+04
1.587500000000000000e+04 1.580801525631667573e+04
1.592500000000000000e+04 1.585801525631667573e+04
1.597500000000000000e+04 1.590801525631667573e+04
1.602500000000000000e+04 1.595801525631667573e+04
1.607500000000000000e+04 1.600801525631667573e+04
1.612500000000000000e+04 1.605801525631667573e+04
1.617500000000000000e+04 1.610801525631667573e+04
1.622500000000000000e+04 1.615801525631667573e+04
1.627500000000000000e+04 1.620801525631667573e+04
1.632500000000000000e+04 1.625801525631667573e+04
1.637500000000000000e+04 1.630801525631667573e+04
1.642500000000000000e+04 1.635801525631667573e+04
1.647500000000000000e+04 1.640801525631667755e+04
1.652500000000000000e+04 1.645801525631668119e+04
1.657500000000000000e+04 1.650801525631668119e+04
1.662500000000000000e+04 1.655801525631668119e+04
1.667500000000000000e+04 1.660801525631668483e+04
1.672500000000000000e+04 1.665801525631668846e+04
1.677500000000000000e+04 1.670801525631668846e+04
1.682500000000000000e+04 1.675801525631668119e+04
1.687500000000000000e+04 1.680801525631668846e+04
1.692500000000000000e+04 1.685801525631668119e+04
1.697500000000000000e+04 1.690801525631668119e+04
1.702500000000000000e+04 1.695801525631668119e+04
1.707500000000000000e+04 1.700801525631668846e+04
1.712500000000000000e+04 1.705801525631668119e+04
1.717500000000000000e+04 1.710801525631668119e+04
1.722500000000000000e+04 1.715801525631668119e+04
1.727500000000000000e+04 1.720801525631668119e+04
1.732500000000000000e+04 1.725801525631668846e+04
1.737500000000000000e+04 1.730801525631669574e+04
1.742500000000000000e+04 1.735801525631669574e+04
1.747500000000000000e+04 1.740801525631668846e+04
1.752500000000000000e+04 1.745801525631669574e+04
1.757500000000000000e+04 1.750801525631669574e+04
1.762500000000000000e+04 1.755801525631669574e+04
1.767500000000000000e+04 1.760801525631669574e+04
1.772500000000000000e+04 1.765801525631669574e+04
1.777500000000000000e+04 1.770801525631669574e+04
1.782500000000000000e+04 1.775801525631670302e+04
1.787500000000000000e+04 1.780801525631670302e+04
1.792500000000000000e+04 1.785801525631670302e+04
1.797500000000000000e+04 1.790801525631670302e+04
1.802500000000000000e+04 1.795801525631670302e+04
1.807500000000000000e+04 1.800801525631670302e+04
1.812500000000000000e+04 1.805801525631670302e+04
1.817500000000000000e+04 1.810801525631671029e+04
1.822500000000000000e+04 1.815801525631670302e+04
1.827500000000000000e+04 1.820801525631670302e+04
1.832500000000000000e+04 1.825801525631670302e+04
1.837500000000000000e+04 1.830801525631670302e+04
1.842500000000000000e+04 1.835801525631670302e+04
1.847500000000000000e+04 1.840801525631670302e+04
1.852500000000000000e+04 1.845801525631670302e+04
1.857500000000000000e+04 1.850801525631670302e+04
1.862500000000000000e+04 1.855801525631670302e+04
1.867500000000000000e+04 1.860801525631670302e+04
1.872500000000000000e+04 1.865801525631670302e+04
1.877500000000000000e+04 1.870801525631670302e+04
1.882500000000000000e+04 1.875801525631670302e+04
1.887500000000000000e+04 1.880801525631670302e+04
1.892500000000000000e+04 1.885801525631670302e+04
1.897500000000000000e+04 1.890801525631670302e+04
1.902500000000000000e+04 1.895801525631670302e+04
1.907500000000000000e+04 1.900801525631670302e+04
1.912500000000000000e+04 1.905801525631670302e+04
1.917500000000000000e+04 1.910801525631670302e+04
1.922500000000000000e+04 1.915801525631670302e+04
1.927500000000000000e+04 1.920801525631670302e+04
1.932500000000000000e+04 1.925801525631670302e+04
1.937500000000000000e+04 1.930801525631670302e+04
1.942500000000000000e+04 1.935801525631670302e+04
1.947500000000000000e+04 1.940801525631670302e+04
1.952500000000000000e+04 1.945801525631670302e+04
1.957500000000000000e+04 1.950801525631670302e+04
1.962500000000000000e+04 1.955801525631670302e+04
1.967500000000000000e+04 1.960801525631670302e+04
1.972500000000000000e+04 1.965801525631670302e+04
1.977500000000000000e+04 1.970801525631670302e+04
1.982500000000000000e+04 1.975801525631670302e+04
1.987500000000000000e+04 1.980801525631670302e+04
1.992500000000000000e+04 1.985801525631670302e+04
