2.250000000000000000e+02 2.215612251319394090e+02
2.750000000000000000e+02 2.715612251319396933e+02
3.250000000000000000e+02 3.215612251319391248e+02
3.750000000000000000e+02 3.715612251319390111e+02
4.250000000000000000e+02 4.215612251319386701e+02
4.750000000000000000e+02 4.715612251319387838e+02
5.250000000000000000e+02 5.215612251319388406e+02
5.750000000000000000e+02 5.715612251319395227e+02
6.250000000000000000e+02 6.215612251319388406e+02
6.750000000000000000e+02 6.715612251319388406e+02
7.250000000000000000e+02 7.215612251319397501e+02
7.750000000000000000e+02 7.715612251319397501e+02
8.250000000000000000e+02 8.215612251319397501e+02
8.750000000000000000e+02 8.715612251319397501e+02
9.250000000000000000e+02 9.215612251319397501e+02
9.750000000000000000e+02 9.715612251319397501e+02
1.025000000000000000e+03 1.021561225131939750e+03
1.075000000000000000e+03 1.071561225131940091e+03
1.125000000000000000e+03 1.121561225131941455e+03
1.175000000000000000e+03 1.171561225131941910e+03
1.225000000000000000e+03 1.221561225131940546e+03
1.275000000000000000e+03 1.271561225131940546e+03
1.325000000000000000e+03 1.321561225131940546e+03
1.375000000000000000e+03 1.371561225131940546e+03
1.425000000000000000e+03 1.421561225131940546e+03
1.475000000000000000e+03 1.471561225131940546e+03
1.525000000000000000e+03 1.521561225131940546e+03
1.575000000000000000e+03 1.571561225131940546e+03
1.625000000000000000e+03 1.621561225131940546e+03
1.675000000000000000e+03 1.671561225131940546e+03
1.725000000000000000e+03 1.721561225131940546e+03
1.775000000000000000e+03 1.771561225131940546e+03
1.825000000000000000e+03 1.821561225131940546e+03
1.875000000000000000e+03 1.871561225131940546e+03
1.925000000000000000e+03 1.921561225131940546e+03
1.975000000000000000e+03 1.971561225131940546e+03
2.025000000000000000e+03 2.021561225131940546e+03
2.075000000000000000e+03 2.071561225131942138e+03
2.125000000000000000e+03 2.121561225131942138e+03
2.175000000000000000e+03 2.171561225131942138e+03
2.225000000000000000e+03 2.221561225131940319e+03
2.275000000000000000e+03 2.271561225131941228e+03
2.325000000000000000e+03 2.321561225131941228e+03
2.375000000000000000e+03 2.371561225131941228e+03
2.425000000000000000e+03 2.421561225131941228e+03
2.475000000000000000e+03 2.471561225131941228e+03
2.525000000000000000e+03 2.521561225131941228e+03
2.575000000000000000e+03 2.571561225131941228e+03
2.625000000000000000e+03 2.621561225131941228e+03
2.675000000000000000e+03 2.671561225131941228e+03
2.725000000000000000e+03 2.721561225131941228e+03
2.775000000000000000e+03 2.771561225131941228e+03
2.825000000000000000e+03 2.821561225131941228e+03
2.875000000000000000e+03 2.871561225131941228e+03
2.925000000000000000e+03 2.921561225131941228e+03
2.975000000000000000e+03 2.971561225131941228e+03
3.025000000000000000e+03 3.021561225131941228e+03
3.075000000000000000e+03 3.071561225131941228e+03
3.125000000000000000e+03 3.121561225131941228e+03
3.175000000000000000e+03 3.171561225131941228e+03
3.225000000000000000e+03 3.221561225131941228e+03
3.275000000000000000e+03 3.271561225131941228e+03
3.325000000000000000e+03 3.321561225131941228e+03
3.375000000000000000e+03 3.371561225131941228e+03
3.425000000000000000e+03 3.421561225131941228e+03
3.475000000000000000e+03 3.471561225131941228e+03
3.525000000000000000e+03 3.521561225131941228e+03
3.575000000000000000e+03 3.571561225131941228e+03
3.625000000000000000e+03 3.621561225131941228e+03
3.675000000000000000e+03 3.671561225131941228e+03
3.725000000000000000e+03 3.721561225131941228e+03
3.775000000000000000e+03 3.771561225131941228e+03
3.825000000000000000e+03 3.821561225131941228e+03
3.875000000000000000e+03 3.871561225131941228e+03
3.925000000000000000e+03 3.921561225131941228e+03
3.975000000000000000e+03 3.971561225131941228e+03
4.025000000000000000e+03 4.021561225131941228e+03
4.075000000000000000e+03 4.071561225131941228e+03
4.125000000000000000e+03 4.121561225131938954e+03
4.175000000000000000e+03 4.171561225131938954e+03
4.225000000000000000e+03 4.221561225131940773e+03
4.275000000000000000e+03 4.271561225131942592e+03
4.325000000000000000e+03 4.321561225131942592e+03
4.375000000000000000e+03 4.371561225131942592e+03
4.425000000000000000e+03 4.421561225131942592e+03
4.475000000000000000e+03 4.471561225131942592e+03
4.525000000000000000e+03 4.521561225131942592e+03
4.575000000000000000e+03 4.571561225131942592e+03
4.625000000000000000e+03 4.621561225131942592e+03
4.675000000000000000e+03 4.671561225131942592e+03
4.725000000000000000e+03 4.721561225131942592e+03
4.775000000000000000e+03 4.771561225131942592e+03
4.825000000000000000e+03 4.821561225131942592e+03
4.875000000000000000e+03 4.871561225131942592e+03
4.925000000000000000e+03 4.921561225131942592e+03
4.975000000000000000e+03 4.971561225131942592e+03
5.025000000000000000e+03 5.021561225131942592e+03
5.075000000000000000e+03 5.071561225131942592e+03
5.125000000000000000e+03 5.121561225131942592e+03
5.175000000000000000e+03 5.171561225131942592e+03
5.225000000000000000e+03 5.221561225131942592e+03
5.275000000000000000e+03 5.271561225131942592e+03
5.325000000000000000e+03 5.321561225131942592e+03
5.375000000000000000e+03 5.371561225131942592e+03
5.425000000000000000e+03 5.421561225131942592e+03
5.475000000000000000e+03 5.471561225131942592e+03
5.525000000000000000e+03 5.521561225131942592e+03
5.575000000000000000e+03 5.571561225131942592e+03
5.625000000000000000e+03 5.621561225131942592e+03
5.675000000000000000e+03 5.671561225131942592e+03
5.725000000000000000e+03 5.721561225131942592e+03
5.775000000000000000e+03 5.771561225131942592e+03
5.825000000000000000e+03 5.821561225131942592e+03
5.875000000000000000e+03 5.871561225131942592e+03
5.925000000000000000e+03 5.921561225131942592e+03
5.975000000000000000e+03 5.971561225131942592e+03
6.025000000000000000e+03 6.021561225131942592e+03
6.075000000000000000e+03 6.071561225131942592e+03
6.125000000000000000e+03 6.121561225131942592e+03
6.175000000000000000e+03 6.171561225131942592e+03
6.225000000000000000e+03 6.221561225131942592e+03
6.275000000000000000e+03 6.271561225131942592e+03
6.325000000000000000e+03 6.321561225131942592e+03
6.375000000000000000e+03 6.371561225131942592e+03
6.425000000000000000e+03 6.421561225131942592e+03
6.475000000000000000e+03 6.471561225131942592e+03
6.525000000000000000e+03 6.521561225131942592e+03
6.575000000000000000e+03 6.571561225131942592e+03
6.625000000000000000e+03 6.621561225131942592e+03
6.675000000000000000e+03 6.671561225131942592e+03
6.725000000000000000e+03 6.721561225131942592e+03
6.775000000000000000e+03 6.771561225131942592e+03
6.825000000000000000e+03 6.821561225131942592e+03
6.875000000000000000e+03 6.871561225131942592e+03
6.925000000000000000e+03 6.921561225131942592e+03
6.975000000000000000e+03 6.971561225131942592e+03
7.025000000000000000e+03 7.021561225131942592e+03
7.075000000000000000e+03 7.071561225131942592e+03
7.125000000000000000e+03 7.121561225131942592e+03
7.175000000000000000e+03 7.171561225131942592e+03
7.225000000000000000e+03 7.221561225131942592e+03
7.275000000000000000e+03 7.271561225131942592e+03
7.325000000000000000e+03 7.321561225131942592e+03
7.375000000000000000e+03 7.371561225131942592e+03
7.425000000000000000e+03 7.421561225131942592e+03
7.475000000000000000e+03 7.471561225131942592e+03
7.525000000000000000e+03 7.521561225131942592e+03
7.575000000000000000e+03 7.571561225131942592e+03
7.625000000000000000e+03 7.621561225131942592e+03
7.675000000000000000e+03 7.671561225131942592e+03
7.725000000000000000e+03 7.721561225131942592e+03
7.775000000000000000e+03 7.771561225131942592e+03
7.825000000000000000e+03 7.821561225131942592e+03
7.875000000000000000e+03 7.871561225131942592e+03
7.925000000000000000e+03 7.921561225131942592e+03
7.975000000000000000e+03 7.971561225131942592e+03
8.025000000000000000e+03 8.021561225131942592e+03
8.075000000000000000e+03 8.071561225131942592e+03
8.125000000000000000e+03 8.121561225131942592e+03
8.175000000000000000e+03 8.171561225131942592e+03
8.225000000000000000e+03 8.221561225131947140e+03
8.275000000000000000e+03 8.271561225131943502e+03
8.325000000000000000e+03 8.321561225131943502e+03
8.375000000000000000e+03 8.371561225131943502e+03
8.425000000000000000e+03 8.421561225131939864e+03
8.475000000000000000e+03 8.471561225131939864e+03
8.525000000000000000e+03 8.521561225131939864e+03
8.575000000000000000e+03 8.571561225131939864e+03
8.625000000000000000e+03 8.621561225131939864e+03
8.675000000000000000e+03 8.671561225131939864e+03
8.725000000000000000e+03 8.721561225131939864e+03
8.775000000000000000e+03 8.771561225131939864e+03
8.825000000000000000e+03 8.821561225131939864e+03
8.875000000000000000e+03 8.871561225131939864e+03
8.925000000000000000e+03 8.921561225131939864e+03
8.975000000000000000e+03 8.971561225131939864e+03
9.025000000000000000e+03 9.021561225131939864e+03
9.075000000000000000e+03 9.071561225131939864e+03
9.125000000000000000e+03 9.121561225131939864e+03
9.175000000000000000e+03 9.171561225131939864e+03
9.225000000000000000e+03 9.221561225131939864e+03
9.275000000000000000e+03 9.271561225131939864e+03
9.325000000000000000e+03 9.321561225131939864e+03
9.375000000000000000e+03 9.371561225131939864e+03
9.425000000000000000e+03 9.421561225131939864e+03
9.475000000000000000e+03 9.471561225131939864e+03
9.525000000000000000e+03 9.521561225131939864e+03
9.575000000000000000e+03 9.571561225131939864e+03
9.625000000000000000e+03 9.621561225131939864e+03
9.675000000000000000e+03 9.671561225131939864e+03
9.725000000000000000e+03 9.721561225131939864e+03
9.775000000000000000e+03 9.771561225131939864e+03
9.825000000000000000e+03 9.821561225131939864e+03
9.875000000000000000e+03 9.871561225131939864e+03
9.925000000000000000e+03 9.921561225131939864e+03
9.975000000000000000e+03 9.971561225131939864e+03
1.002500000000000000e+04 1.002156122513193986e+04
1.007500000000000000e+04 1.007156122513193986e+04
1.012500000000000000e+04 1.012156122513193986e+04
1.017500000000000000e+04 1.017156122513193986e+04
1.022500000000000000e+04 1.022156122513193986e+04
1.027500000000000000e+04 1.027156122513193986e+04
1.032500000000000000e+04 1.032156122513193986e+04
1.037500000000000000e+04 1.037156122513193986e+04
1.042500000000000000e+04 1.042156122513193986e+04
1.047500000000000000e+04 1.047156122513193986e+04
1.052500000000000000e+04 1.052156122513193986e+04
1.057500000000000000e+04 1.057156122513193986e+04
1.062500000000000000e+04 1.062156122513193986e+04
1.067500000000000000e+04 1.067156122513193986e+04
1.072500000000000000e+04 1.072156122513193986e+04
1.077500000000000000e+04 1.077156122513193986e+04
1.082500000000000000e+04 1.082156122513193986e+04
1.087500000000000000e+04 1.087156122513193986e+04
1.092500000000000000e+04 1.092156122513193986e+04
1.097500000000000000e+04 1.097156122513193986e+04
1.102500000000000000e+04 1.102156122513193986e+04
1.107500000000000000e+04 1.107156122513193986e+04
1.112500000000000000e+04 1.112156122513193986e+04
1.117500000000000000e+04 1.117156122513193986e+04
1.122500000000000000e+04 1.122156122513193986e+04
1.127500000000000000e+04 1.127156122513193986e+04
1.132500000000000000e+04 1.132156122513193986e+04
1.137500000000000000e+04 1.137156122513193986e+04
1.142500000000000000e+04 1.142156122513193986e+04
1.147500000000000000e+04 1.147156122513193986e+04
1.152500000000000000e+04 1.152156122513193986e+04
1.157500000000000000e+04 1.157156122513193986e+04
1.162500000000000000e+04 1.162156122513193986e+04
1.167500000000000000e+04 1.167156122513193986e+04
1.172500000000000000e+04 1.172156122513193986e+04
1.177500000000000000e+04 1.177156122513193986e+04
1.182500000000000000e+04 1.182156122513193986e+04
1.187500000000000000e+04 1.187156122513193986e+04
1.192500000000000000e+04 1.192156122513193986e+04
1.197500000000000000e+04 1.197156122513193986e+04
1.202500000000000000e+04 1.202156122513193986e+04
1.207500000000000000e+04 1.207156122513193986e+04
1.212500000000000000e+04 1.212156122513193986e+04
1.217500000000000000e+04 1.217156122513193986e+04
1.222500000000000000e+04 1.222156122513193986e+04
1.227500000000000000e+04 1.227156122513193986e+04
1.232500000000000000e+04 1.232156122513193986e+04
1.237500000000000000e+04 1.237156122513193986e+04
1.242500000000000000e+04 1.242156122513193986e+04
1.247500000000000000e+04 1.247156122513193986e+04
1.252500000000000000e+04 1.252156122513193986e+04
1.257500000000000000e+04 1.257156122513193986e+04
1.262500000000000000e+04 1.262156122513193986e+04
1.267500000000000000e+04 1.267156122513193986e+04
1.272500000000000000e+04 1.272156122513193986e+04
1.277500000000000000e+04 1.277156122513193986e+04
1.282500000000000000e+04 1.282156122513193986e+04
1.287500000000000000e+04 1.287156122513193986e+04
1.292500000000000000e+04 1.292156122513193986e+04
1.297500000000000000e+04 1.297156122513193986e+04
1.302500000000000000e+04 1.302156122513193986e+04
1.307500000000000000e+04 1.307156122513193986e+04
1.312500000000000000e+04 1.312156122513193986e+04
1.317500000000000000e+04 1.317156122513193986e+04
1.322500000000000000e+04 1.322156122513193986e+04
1.327500000000000000e+04 1.327156122513193986e+04
1.332500000000000000e+04 1.332156122513193986e+04
1.337500000000000000e+04 1.337156122513193986e+04
1.342500000000000000e+04 1.342156122513193986e+04
1.347500000000000000e+04 1.347156122513193986e+04
1.352500000000000000e+04 1.352156122513193986e+04
1.357500000000000000e+04 1.357156122513193986e+04
1.362500000000000000e+04 1.362156122513193986e+04
1.367500000000000000e+04 1.367156122513193986e+04
1.372500000000000000e+04 1.372156122513193986e+04
1.377500000000000000e+04 1.377156122513193986e+04
1.382500000000000000e+04 1.382156122513193986e+04
1.387500000000000000e+04 1.387156122513193986e+04
1.392500000000000000e+04 1.392156122513193986e+04
1.397500000000000000e+04 1.397156122513193986e+04
1.402500000000000000e+04 1.402156122513193986e+04
1.407500000000000000e+04 1.407156122513193986e+04
1.412500000000000000e+04 1.412156122513193986e+04
1.417500000000000000e+04 1.417156122513193986e+04
1.422500000000000000e+04 1.422156122513193986e+04
1.427500000000000000e+04 1.427156122513193986e+04
1.432500000000000000e+04 1.432156122513193986e+04
1.437500000000000000e+04 1.437156122513193986e+04
1.442500000000000000e+04 1.442156122513193986e+04
1.447500000000000000e+04 1.447156122513193986e+04
1.452500000000000000e+04 1.452156122513193986e+04
1.457500000000000000e+04 1.457156122513193986e+04
1.462500000000000000e+04 1.462156122513193986e+04
1.467500000000000000e+04 1.467156122513193986e+04
1.472500000000000000e+04 1.472156122513193986e+04
1.477500000000000000e+04 1.477156122513193986e+04
1.482500000000000000e+04 1.482156122513193986e+04
1.487500000000000000e+04 1.487156122513193986e+04
1.492500000000000000e+04 1.492156122513193986e+04
1.497500000000000000e+04 1.497156122513193986e+04
1.502500000000000000e+04 1.502156122513193986e+04
1.507500000000000000e+04 1.507156122513193986e+04
1.512500000000000000e+04 1.512156122513193986e+04
1.517500000000000000e+04 1.517156122513193986e+04
1.522500000000000000e+04 1.522156122513193986e+04
1.527500000000000000e+04 1.527156122513193986e+04
1.532500000000000000e+04 1.532156122513193986e+04
1.537500000000000000e+04 1.537156122513193986e+04
1.542500000000000000e+04 1.542156122513193986e+04
1.547500000000000000e+04 1.547156122513193986e+04
1.552500000000000000e+04 1.552156122513193986e+04
1.557500000000000000e+04 1.557156122513193986e+04
1.562500000000000000e+04 1.562156122513193986e+04
1.567500000000000000e+04 1.567156122513193986e+04
1.572500000000000000e+04 1.572156122513193986e+04
1.577500000000000000e+04 1.577156122513193986e+04
1.582500000000000000e+04 1.582156122513193986e+04
1.587500000000000000e+04 1.587156122513193986e+04
1.592500000000000000e+04 1.592156122513193986e+04
1.597500000000000000e+04 1.597156122513193986e+04
1.602500000000000000e+04 1.602156122513193986e+04
1.607500000000000000e+04 1.607156122513193986e+04
1.612500000000000000e+04 1.612156122513193986e+04
1.617500000000000000e+04 1.617156122513193986e+04
1.622500000000000000e+04 1.622156122513193986e+04
1.627500000000000000e+04 1.627156122513193986e+04
1.632500000000000000e+04 1.632156122513193986e+04
1.637500000000000000e+04 1.637156122513193986e+04
1.642500000000000000e+04 1.642156122513193623e+04
1.647500000000000000e+04 1.647156122513193259e+04
1.652500000000000000e+04 1.652156122513192531e+04
1.657500000000000000e+04 1.657156122513191076e+04
1.662500000000000000e+04 1.662156122513191804e+04
1.667500000000000000e+04 1.667156122513191804e+04
1.672500000000000000e+04 1.672156122513191804e+04
1.677500000000000000e+04 1.677156122513191804e+04
1.682500000000000000e+04 1.682156122513191804e+04
1.687500000000000000e+04 1.687156122513191804e+04
1.692500000000000000e+04 1.692156122513191804e+04
1.697500000000000000e+04 1.697156122513191804e+04
1.702500000000000000e+04 1.702156122513191804e+04
1.707500000000000000e+04 1.707156122513191804e+04
1.712500000000000000e+04 1.712156122513191804e+04
1.717500000000000000e+04 1.717156122513191804e+04
1.722500000000000000e+04 1.722156122513191804e+04
1.727500000000000000e+04 1.727156122513191804e+04
1.732500000000000000e+04 1.732156122513191804e+04
1.737500000000000000e+04 1.737156122513191804e+04
1.742500000000000000e+04 1.742156122513191804e+04
1.747500000000000000e+04 1.747156122513191804e+04
1.752500000000000000e+04 1.752156122513191804e+04
1.757500000000000000e+04 1.757156122513191804e+04
1.762500000000000000e+04 1.762156122513191804e+04
1.767500000000000000e+04 1.767156122513191804e+04
1.772500000000000000e+04 1.772156122513191804e+04
1.777500000000000000e+04 1.777156122513191804e+04
1.782500000000000000e+04 1.782156122513191804e+04
1.787500000000000000e+04 1.787156122513191804e+04
1.792500000000000000e+04 1.792156122513191804e+04
1.797500000000000000e+04 1.797156122513191804e+04
1.802500000000000000e+04 1.802156122513191804e+04
1.807500000000000000e+04 1.807156122513191804e+04
1.812500000000000000e+04 1.812156122513191804e+04
1.817500000000000000e+04 1.817156122513191804e+04
1.822500000000000000e+04 1.822156122513191804e+04
1.827500000000000000e+04 1.827156122513191804e+04
1.832500000000000000e+04 1.832156122513191804e+04
1.837500000000000000e+04 1.837156122513191804e+04
1.842500000000000000e+04 1.842156122513191804e+04
1.847500000000000000e+04 1.847156122513191804e+04
1.852500000000000000e+04 1.852156122513191804e+04
1.857500000000000000e+04 1.857156122513191804e+04
1.862500000000000000e+04 1.862156122513191804e+04
1.867500000000000000e+04 1.867156122513191804e+04
1.872500000000000000e+04 1.872156122513191804e+04
1.877500000000000000e+04 1.877156122513191804e+04
1.882500000000000000e+04 1.882156122513191804e+04
1.887500000000000000e+04 1.887156122513191804e+04
1.892500000000000000e+04 1.892156122513191804e+04
1.897500000000000000e+04 1.897156122513191804e+04
1.902500000000000000e+04 1.902156122513191804e+04
1.907500000000000000e+04 1.907156122513191804e+04
1.912500000000000000e+04 1.912156122513191804e+04
1.917500000000000000e+04 1.917156122513191804e+04
1.922500000000000000e+04 1.922156122513191804e+04
1.927500000000000000e+04 1.927156122513191804e+04
1.932500000000000000e+04 1.932156122513191804e+04
1.937500000000000000e+04 1.937156122513191804e+04
1.942500000000000000e+04 1.942156122513191804e+04
1.947500000000000000e+04 1.947156122513191804e+04
1.952500000000000000e+04 1.952156122513191804e+04
1.957500000000000000e+04 1.957156122513191804e+04
1.962500000000000000e+04 1.962156122513191804e+04
1.967500000000000000e+04 1.967156122513191804e+04
1.972500000000000000e+04 1.972156122513191804e+04
1.977500000000000000e+04 1.977156122513191804e+04
1.982500000000000000e+04 1.982156122513191804e+04
1.987500000000000000e+04 1.987156122513191804e+04
1.992500000000000000e+04 1.992156122513191804e+04
