1.025000000000000000e+03 1.023790513776251601e+03
1.075000000000000000e+03 1.073790513776249554e+03
1.125000000000000000e+03 1.123790513776248645e+03
1.175000000000000000e+03 1.173790513776248645e+03
1.225000000000000000e+03 1.223790513776249099e+03
1.275000000000000000e+03 1.273790513776248645e+03
1.325000000000000000e+03 1.323790513776249099e+03
1.375000000000000000e+03 1.373790513776248645e+03
1.425000000000000000e+03 1.423790513776248645e+03
1.475000000000000000e+03 1.473790513776248645e+03
1.525000000000000000e+03 1.523790513776248645e+03
1.575000000000000000e+03 1.573790513776248645e+03
1.625000000000000000e+03 1.623790513776249099e+03
1.675000000000000000e+03 1.673790513776249099e+03
1.725000000000000000e+03 1.723790513776249099e+03
1.775000000000000000e+03 1.773790513776249099e+03
1.825000000000000000e+03 1.823790513776248645e+03
1.875000000000000000e+03 1.873790513776248645e+03
1.925000000000000000e+03 1.923790513776248645e+03
1.975000000000000000e+03 1.973790513776248190e+03
2.025000000000000000e+03 2.023790513776248645e+03
2.075000000000000000e+03 2.073790513776248190e+03
2.125000000000000000e+03 2.123790513776248645e+03
2.175000000000000000e+03 2.173790513776250918e+03
2.225000000000000000e+03 2.223790513776250464e+03
2.275000000000000000e+03 2.273790513776249554e+03
2.325000000000000000e+03 2.323790513776248645e+03
2.375000000000000000e+03 2.373790513776248645e+03
2.425000000000000000e+03 2.423790513776248645e+03
2.475000000000000000e+03 2.473790513776247735e+03
2.525000000000000000e+03 2.523790513776248645e+03
2.575000000000000000e+03 2.573790513776247735e+03
2.625000000000000000e+03 2.623790513776247735e+03
2.675000000000000000e+03 2.673790513776247735e+03
2.725000000000000000e+03 2.723790513776246826e+03
2.775000000000000000e+03 2.773790513776247735e+03
2.825000000000000000e+03 2.823790513776246826e+03
2.875000000000000000e+03 2.873790513776246826e+03
2.925000000000000000e+03 2.923790513776245916e+03
2.975000000000000000e+03 2.973790513776245007e+03
3.025000000000000000e+03 3.023790513776244097e+03
3.075000000000000000e+03 3.073790513776244097e+03
3.125000000000000000e+03 3.123790513776244097e+03
3.175000000000000000e+03 3.173790513776244097e+03
3.225000000000000000e+03 3.223790513776244097e+03
3.275000000000000000e+03 3.273790513776244097e+03
3.325000000000000000e+03 3.323790513776244097e+03
3.375000000000000000e+03 3.373790513776244097e+03
3.425000000000000000e+03 3.423790513776244097e+03
3.475000000000000000e+03 3.473790513776244097e+03
3.525000000000000000e+03 3.523790513776244097e+03
3.575000000000000000e+03 3.573790513776244097e+03
3.625000000000000000e+03 3.623790513776244097e+03
3.675000000000000000e+03 3.673790513776244097e+03
3.725000000000000000e+03 3.723790513776244097e+03
3.775000000000000000e+03 3.773790513776244097e+03
3.825000000000000000e+03 3.823790513776244097e+03
3.875000000000000000e+03 3.873790513776244097e+03
3.925000000000000000e+03 3.923790513776244097e+03
3.975000000000000000e+03 3.973790513776244097e+03
4.025000000000000000e+03 4.023790513776244097e+03
4.075000000000000000e+03 4.073790513776244097e+03
4.125000000000000000e+03 4.123790513776242733e+03
4.175000000000000000e+03 4.173790513776244552e+03
4.225000000000000000e+03 4.223790513776244552e+03
4.275000000000000000e+03 4.273790513776242733e+03
4.325000000000000000e+03 4.323790513776244552e+03
4.375000000000000000e+03 4.373790513776242733e+03
4.425000000000000000e+03 4.423790513776242733e+03
4.475000000000000000e+03 4.473790513776242733e+03
4.525000000000000000e+03 4.523790513776244552e+03
4.575000000000000000e+03 4.573790513776244552e+03
4.625000000000000000e+03 4.623790513776246371e+03
4.675000000000000000e+03 4.673790513776246371e+03
4.725000000000000000e+03 4.723790513776244552e+03
4.775000000000000000e+03 4.773790513776244552e+03
4.825000000000000000e+03 4.823790513776246371e+03
4.875000000000000000e+03 4.873790513776246371e+03
4.925000000000000000e+03 4.923790513776246371e+03
4.975000000000000000e+03 4.973790513776248190e+03
5.025000000000000000e+03 5.023790513776248190e+03
5.075000000000000000e+03 5.073790513776250009e+03
5.125000000000000000e+03 5.123790513776250009e+03
5.175000000000000000e+03 5.173790513776250009e+03
5.225000000000000000e+03 5.223790513776250009e+03
5.275000000000000000e+03 5.273790513776250009e+03
5.325000000000000000e+03 5.323790513776250009e+03
5.375000000000000000e+03 5.373790513776250009e+03
5.425000000000000000e+03 5.423790513776250009e+03
5.475000000000000000e+03 5.473790513776250009e+03
5.525000000000000000e+03 5.523790513776250009e+03
5.575000000000000000e+03 5.573790513776250009e+03
5.625000000000000000e+03 5.623790513776250009e+03
5.675000000000000000e+03 5.673790513776250009e+03
5.725000000000000000e+03 5.723790513776250009e+03
5.775000000000000000e+03 5.773790513776250009e+03
5.825000000000000000e+03 5.823790513776250009e+03
5.875000000000000000e+03 5.873790513776250009e+03
5.925000000000000000e+03 5.923790513776250009e+03
5.975000000000000000e+03 5.973790513776250009e+03
6.025000000000000000e+03 6.023790513776250009e+03
6.075000000000000000e+03 6.073790513776250009e+03
6.125000000000000000e+03 6.123790513776250009e+03
6.175000000000000000e+03 6.173790513776250009e+03
6.225000000000000000e+03 6.223790513776250009e+03
6.275000000000000000e+03 6.273790513776250009e+03
6.325000000000000000e+03 6.323790513776250009e+03
6.375000000000000000e+03 6.373790513776250009e+03
6.425000000000000000e+03 6.423790513776250009e+03
6.475000000000000000e+03 6.473790513776250009e+03
6.525000000000000000e+03 6.523790513776250009e+03
6.575000000000000000e+03 6.573790513776250009e+03
6.625000000000000000e+03 6.623790513776250009e+03
6.675000000000000000e+03 6.673790513776250009e+03
6.725000000000000000e+03 6.723790513776250009e+03
6.775000000000000000e+03 6.773790513776250009e+03
6.825000000000000000e+03 6.823790513776250009e+03
6.875000000000000000e+03 6.873790513776250009e+03
6.925000000000000000e+03 6.923790513776250009e+03
6.975000000000000000e+03 6.973790513776250009e+03
7.025000000000000000e+03 7.023790513776250009e+03
7.075000000000000000e+03 7.073790513776250009e+03
7.125000000000000000e+03 7.123790513776250009e+03
7.175000000000000000e+03 7.173790513776250009e+03
7.225000000000000000e+03 7.223790513776250009e+03
7.275000000000000000e+03 7.273790513776250009e+03
7.325000000000000000e+03 7.323790513776250009e+03
7.375000000000000000e+03 7.373790513776250009e+03
7.425000000000000000e+03 7.423790513776250009e+03
7.475000000000000000e+03 7.473790513776250009e+03
7.525000000000000000e+03 7.523790513776250009e+03
7.575000000000000000e+03 7.573790513776250009e+03
7.625000000000000000e+03 7.623790513776250009e+03
7.675000000000000000e+03 7.673790513776250009e+03
7.725000000000000000e+03 7.723790513776250009e+03
7.775000000000000000e+03 7.773790513776250009e+03
7.825000000000000000e+03 7.823790513776250009e+03
7.875000000000000000e+03 7.873790513776250009e+03
7.925000000000000000e+03 7.923790513776250009e+03
7.975000000000000000e+03 7.973790513776250009e+03
8.025000000000000000e+03 8.023790513776250009e+03
8.075000000000000000e+03 8.073790513776250009e+03
8.125000000000000000e+03 8.123790513776250009e+03
8.175000000000000000e+03 8.173790513776250009e+03
8.225000000000000000e+03 8.223790513776251828e+03
8.275000000000000000e+03 8.273790513776250009e+03
8.325000000000000000e+03 8.323790513776250009e+03
8.375000000000000000e+03 8.373790513776255466e+03
8.425000000000000000e+03 8.423790513776257285e+03
8.475000000000000000e+03 8.473790513776257285e+03
8.525000000000000000e+03 8.523790513776259104e+03
8.575000000000000000e+03 8.573790513776259104e+03
8.625000000000000000e+03 8.623790513776259104e+03
8.675000000000000000e+03 8.673790513776259104e+03
8.725000000000000000e+03 8.723790513776259104e+03
8.775000000000000000e+03 8.773790513776259104e+03
8.825000000000000000e+03 8.823790513776259104e+03
8.875000000000000000e+03 8.873790513776259104e+03
8.925000000000000000e+03 8.923790513776262742e+03
8.975000000000000000e+03 8.973790513776262742e+03
9.025000000000000000e+03 9.023790513776262742e+03
9.075000000000000000e+03 9.073790513776262742e+03
9.125000000000000000e+03 9.123790513776262742e+03
9.175000000000000000e+03 9.173790513776262742e+03
9.225000000000000000e+03 9.223790513776262742e+03
9.275000000000000000e+03 9.273790513776262742e+03
9.325000000000000000e+03 9.323790513776262742e+03
9.375000000000000000e+03 9.373790513776262742e+03
9.425000000000000000e+03 9.423790513776262742e+03
9.475000000000000000e+03 9.473790513776262742e+03
9.525000000000000000e+03 9.523790513776262742e+03
9.575000000000000000e+03 9.573790513776262742e+03
9.625000000000000000e+03 9.623790513776262742e+03
9.675000000000000000e+03 9.673790513776262742e+03
9.725000000000000000e+03 9.723790513776262742e+03
9.775000000000000000e+03 9.773790513776262742e+03
9.825000000000000000e+03 9.823790513776262742e+03
9.875000000000000000e+03 9.873790513776262742e+03
9.925000000000000000e+03 9.923790513776262742e+03
9.975000000000000000e+03 9.973790513776262742e+03
1.002500000000000000e+04 1.002379051377626274e+04
1.007500000000000000e+04 1.007379051377626274e+04
1.012500000000000000e+04 1.012379051377626274e+04
1.017500000000000000e+04 1.017379051377626274e+04
1.022500000000000000e+04 1.022379051377626274e+04
1.027500000000000000e+04 1.027379051377626274e+04
1.032500000000000000e+04 1.032379051377626274e+04
1.037500000000000000e+04 1.037379051377626274e+04
1.042500000000000000e+04 1.042379051377626274e+04
1.047500000000000000e+04 1.047379051377626274e+04
1.052500000000000000e+04 1.052379051377626274e+04
1.057500000000000000e+04 1.057379051377626274e+04
1.062500000000000000e+04 1.062379051377626274e+04
1.067500000000000000e+04 1.067379051377626274e+04
1.072500000000000000e+04 1.072379051377626274e+04
1.077500000000000000e+04 1.077379051377626274e+04
1.082500000000000000e+04 1.082379051377626274e+04
1.087500000000000000e+04 1.087379051377626274e+04
1.092500000000000000e+04 1.092379051377626274e+04
1.097500000000000000e+04 1.097379051377626274e+04
1.102500000000000000e+04 1.102379051377626274e+04
1.107500000000000000e+04 1.107379051377626274e+04
1.112500000000000000e+04 1.112379051377626274e+04
1.117500000000000000e+04 1.117379051377626274e+04
1.122500000000000000e+04 1.122379051377626274e+04
1.127500000000000000e+04 1.127379051377626274e+04
1.132500000000000000e+04 1.132379051377626274e+04
1.137500000000000000e+04 1.137379051377626274e+04
1.142500000000000000e+04 1.142379051377626274e+04
1.147500000000000000e+04 1.147379051377626274e+04
1.152500000000000000e+04 1.152379051377626274e+04
1.157500000000000000e+04 1.157379051377626274e+04
1.162500000000000000e+04 1.162379051377626274e+04
1.167500000000000000e+04 1.167379051377626274e+04
1.172500000000000000e+04 1.172379051377626274e+04
1.177500000000000000e+04 1.177379051377626274e+04
1.182500000000000000e+04 1.182379051377626274e+04
1.187500000000000000e+04 1.187379051377626274e+04
1.192500000000000000e+04 1.192379051377626274e+04
1.197500000000000000e+04 1.197379051377626274e+04
1.202500000000000000e+04 1.202379051377626274e+04
1.207500000000000000e+04 1.207379051377626274e+04
1.212500000000000000e+04 1.212379051377626274e+04
1.217500000000000000e+04 1.217379051377626274e+04
1.222500000000000000e+04 1.222379051377626274e+04
1.227500000000000000e+04 1.227379051377626274e+04
1.232500000000000000e+04 1.232379051377626274e+04
1.237500000000000000e+04 1.237379051377626274e+04
1.242500000000000000e+04 1.242379051377626274e+04
1.247500000000000000e+04 1.247379051377626274e+04
1.252500000000000000e+04 1.252379051377626274e+04
1.257500000000000000e+04 1.257379051377626274e+04
1.262500000000000000e+04 1.262379051377626274e+04
1.267500000000000000e+04 1.267379051377626274e+04
1.272500000000000000e+04 1.272379051377626274e+04
1.277500000000000000e+04 1.277379051377626274e+04
1.282500000000000000e+04 1.282379051377626274e+04
1.287500000000000000e+04 1.287379051377626274e+04
1.292500000000000000e+04 1.292379051377626274e+04
1.297500000000000000e+04 1.297379051377626274e+04
1.302500000000000000e+04 1.302379051377626274e+04
1.307500000000000000e+04 1.307379051377626274e+04
1.312500000000000000e+04 1.312379051377626274e+04
1.317500000000000000e+04 1.317379051377626274e+04
1.322500000000000000e+04 1.322379051377626274e+04
1.327500000000000000e+04 1.327379051377626274e+04
1.332500000000000000e+04 1.332379051377626274e+04
1.337500000000000000e+04 1.337379051377626274e+04
1.342500000000000000e+04 1.342379051377626274e+04
1.347500000000000000e+04 1.347379051377626274e+04
1.352500000000000000e+04 1.352379051377626274e+04
1.357500000000000000e+04 1.357379051377626274e+04
1.362500000000000000e+04 1.362379051377626274e+04
1.367500000000000000e+04 1.367379051377626274e+04
1.372500000000000000e+04 1.372379051377626274e+04
1.377500000000000000e+04 1.377379051377626274e+04
1.382500000000000000e+04 1.382379051377626274e+04
1.387500000000000000e+04 1.387379051377626274e+04
1.392500000000000000e+04 1.392379051377626274e+04
1.397500000000000000e+04 1.397379051377626274e+04
1.402500000000000000e+04 1.402379051377626274e+04
1.407500000000000000e+04 1.407379051377626274e+04
1.412500000000000000e+04 1.412379051377626274e+04
1.417500000000000000e+04 1.417379051377626274e+04
1.422500000000000000e+04 1.422379051377626274e+04
1.427500000000000000e+04 1.427379051377626274e+04
1.432500000000000000e+04 1.432379051377626274e+04
1.437500000000000000e+04 1.437379051377626274e+04
1.442500000000000000e+04 1.442379051377626274e+04
1.447500000000000000e+04 1.447379051377626274e+04
1.452500000000000000e+04 1.452379051377626274e+04
1.457500000000000000e+04 1.457379051377626274e+04
1.462500000000000000e+04 1.462379051377626274e+04
1.467500000000000000e+04 1.467379051377626274e+04
1.472500000000000000e+04 1.472379051377626274e+04
1.477500000000000000e+04 1.477379051377626274e+04
1.482500000000000000e+04 1.482379051377626274e+04
1.487500000000000000e+04 1.487379051377626274e+04
1.492500000000000000e+04 1.492379051377626274e+04
1.497500000000000000e+04 1.497379051377626274e+04
1.502500000000000000e+04 1.502379051377626274e+04
1.507500000000000000e+04 1.507379051377626274e+04
1.512500000000000000e+04 1.512379051377626274e+04
1.517500000000000000e+04 1.517379051377626274e+04
1.522500000000000000e+04 1.522379051377626274e+04
1.527500000000000000e+04 1.527379051377626274e+04
1.532500000000000000e+04 1.532379051377626274e+04
1.537500000000000000e+04 1.537379051377626274e+04
1.542500000000000000e+04 1.542379051377626274e+04
1.547500000000000000e+04 1.547379051377626274e+04
1.552500000000000000e+04 1.552379051377626274e+04
1.557500000000000000e+04 1.557379051377626274e+04
1.562500000000000000e+04 1.562379051377626274e+04
1.567500000000000000e+04 1.567379051377626274e+04
1.572500000000000000e+04 1.572379051377626274e+04
1.577500000000000000e+04 1.577379051377626274e+04
1.582500000000000000e+04 1.582379051377626274e+04
1.587500000000000000e+04 1.587379051377626274e+04
1.592500000000000000e+04 1.592379051377626274e+04
1.597500000000000000e+04 1.597379051377626274e+04
1.602500000000000000e+04 1.602379051377626274e+04
1.607500000000000000e+04 1.607379051377626274e+04
1.612500000000000000e+04 1.612379051377626274e+04
1.617500000000000000e+04 1.617379051377626274e+04
1.622500000000000000e+04 1.622379051377626274e+04
1.627500000000000000e+04 1.627379051377626274e+04
1.632500000000000000e+04 1.632379051377626274e+04
1.637500000000000000e+04 1.637379051377626274e+04
1.642500000000000000e+04 1.642379051377626456e+04
1.647500000000000000e+04 1.647379051377626820e+04
1.652500000000000000e+04 1.652379051377626456e+04
1.657500000000000000e+04 1.657379051377626456e+04
1.662500000000000000e+04 1.662379051377626456e+04
1.667500000000000000e+04 1.667379051377626820e+04
1.672500000000000000e+04 1.672379051377627184e+04
1.677500000000000000e+04 1.677379051377627184e+04
1.682500000000000000e+04 1.682379051377626456e+04
1.687500000000000000e+04 1.687379051377626092e+04
1.692500000000000000e+04 1.692379051377626820e+04
1.697500000000000000e+04 1.697379051377626820e+04
1.702500000000000000e+04 1.702379051377626820e+04
1.707500000000000000e+04 1.707379051377626820e+04
1.712500000000000000e+04 1.712379051377626820e+04
1.717500000000000000e+04 1.717379051377626820e+04
1.722500000000000000e+04 1.722379051377626820e+04
1.727500000000000000e+04 1.727379051377626820e+04
1.732500000000000000e+04 1.732379051377626820e+04
1.737500000000000000e+04 1.737379051377626820e+04
1.742500000000000000e+04 1.742379051377626820e+04
1.747500000000000000e+04 1.747379051377626820e+04
1.752500000000000000e+04 1.752379051377626820e+04
1.757500000000000000e+04 1.757379051377626820e+04
1.762500000000000000e+04 1.762379051377626820e+04
1.767500000000000000e+04 1.767379051377626820e+04
1.772500000000000000e+04 1.772379051377626820e+04
1.777500000000000000e+04 1.777379051377626820e+04
1.782500000000000000e+04 1.782379051377626820e+04
1.787500000000000000e+04 1.787379051377626820e+04
1.792500000000000000e+04 1.792379051377626820e+04
1.797500000000000000e+04 1.797379051377626820e+04
1.802500000000000000e+04 1.802379051377626820e+04
1.807500000000000000e+04 1.807379051377626820e+04
1.812500000000000000e+04 1.812379051377626820e+04
1.817500000000000000e+04 1.817379051377626820e+04
1.822500000000000000e+04 1.822379051377626820e+04
1.827500000000000000e+04 1.827379051377626820e+04
1.832500000000000000e+04 1.832379051377626820e+04
1.837500000000000000e+04 1.837379051377626820e+04
1.842500000000000000e+04 1.842379051377626820e+04
1.847500000000000000e+04 1.847379051377626820e+04
1.852500000000000000e+04 1.852379051377626820e+04
1.857500000000000000e+04 1.857379051377626820e+04
1.862500000000000000e+04 1.862379051377626820e+04
1.867500000000000000e+04 1.867379051377626820e+04
1.872500000000000000e+04 1.872379051377626820e+04
1.877500000000000000e+04 1.877379051377626820e+04
1.882500000000000000e+04 1.882379051377626820e+04
1.887500000000000000e+04 1.887379051377626820e+04
1.892500000000000000e+04 1.892379051377626820e+04
1.897500000000000000e+04 1.897379051377626820e+04
1.902500000000000000e+04 1.902379051377626820e+04
1.907500000000000000e+04 1.907379051377626820e+04
1.912500000000000000e+04 1.912379051377626820e+04
1.917500000000000000e+04 1.917379051377626820e+04
1.922500000000000000e+04 1.922379051377626820e+04
1.927500000000000000e+04 1.927379051377626820e+04
1.932500000000000000e+04 1.932379051377626820e+04
1.937500000000000000e+04 1.937379051377626820e+04
1.942500000000000000e+04 1.942379051377626820e+04
1.947500000000000000e+04 1.947379051377626820e+04
1.952500000000000000e+04 1.952379051377626820e+04
1.957500000000000000e+04 1.957379051377626820e+04
1.962500000000000000e+04 1.962379051377626820e+04
1.967500000000000000e+04 1.967379051377626820e+04
1.972500000000000000e+04 1.972379051377626820e+04
1.977500000000000000e+04 1.977379051377626820e+04
1.982500000000000000e+04 1.982379051377626820e+04
1.987500000000000000e+04 1.987379051377626820e+04
1.992500000000000000e+04 1.992379051377626820e+04
