1.625000000000000000e+03 1.583275988714477307e+03
1.675000000000000000e+03 1.633275988714477307e+03
1.725000000000000000e+03 1.683275988714477307e+03
1.775000000000000000e+03 1.733275988714477762e+03
1.825000000000000000e+03 1.783275988714477762e+03
1.875000000000000000e+03 1.833275988714478217e+03
1.925000000000000000e+03 1.883275988714478217e+03
1.975000000000000000e+03 1.933275988714478672e+03
2.025000000000000000e+03 1.983275988714478672e+03
2.075000000000000000e+03 2.033275988714478672e+03
2.125000000000000000e+03 2.083275988714478444e+03
2.175000000000000000e+03 2.133275988714480263e+03
2.225000000000000000e+03 2.183275988714478444e+03
2.275000000000000000e+03 2.233275988714479354e+03
2.325000000000000000e+03 2.283275988714478444e+03
2.375000000000000000e+03 2.333275988714478444e+03
2.425000000000000000e+03 2.383275988714478444e+03
2.475000000000000000e+03 2.433275988714479354e+03
2.525000000000000000e+03 2.483275988714478444e+03
2.575000000000000000e+03 2.533275988714478444e+03
2.625000000000000000e+03 2.583275988714477535e+03
2.675000000000000000e+03 2.633275988714477535e+03
2.725000000000000000e+03 2.683275988714477535e+03
2.775000000000000000e+03 2.733275988714477535e+03
2.825000000000000000e+03 2.783275988714477535e+03
2.875000000000000000e+03 2.833275988714477535e+03
2.925000000000000000e+03 2.883275988714477535e+03
2.975000000000000000e+03 2.933275988714477535e+03
3.025000000000000000e+03 2.983275988714477535e+03
3.075000000000000000e+03 3.033275988714477535e+03
3.125000000000000000e+03 3.083275988714477535e+03
3.175000000000000000e+03 3.133275988714476625e+03
3.225000000000000000e+03 3.183275988714476625e+03
3.275000000000000000e+03 3.233275988714476625e+03
3.325000000000000000e+03 3.283275988714476625e+03
3.375000000000000000e+03 3.333275988714476625e+03
3.425000000000000000e+03 3.383275988714476625e+03
3.475000000000000000e+03 3.433275988714477535e+03
3.525000000000000000e+03 3.483275988714478444e+03
3.575000000000000000e+03 3.533275988714478444e+03
3.625000000000000000e+03 3.583275988714476625e+03
3.675000000000000000e+03 3.633275988714476625e+03
3.725000000000000000e+03 3.683275988714476625e+03
3.775000000000000000e+03 3.733275988714476625e+03
3.825000000000000000e+03 3.783275988714476625e+03
3.875000000000000000e+03 3.833275988714476625e+03
3.925000000000000000e+03 3.883275988714476625e+03
3.975000000000000000e+03 3.933275988714476625e+03
4.025000000000000000e+03 3.983275988714476625e+03
4.075000000000000000e+03 4.033275988714476625e+03
4.125000000000000000e+03 4.083275988714476625e+03
4.175000000000000000e+03 4.133275988714478444e+03
4.225000000000000000e+03 4.183275988714475716e+03
4.275000000000000000e+03 4.233275988714473897e+03
4.325000000000000000e+03 4.283275988714476625e+03
4.375000000000000000e+03 4.333275988714476625e+03
4.425000000000000000e+03 4.383275988714474806e+03
4.475000000000000000e+03 4.433275988714472987e+03
4.525000000000000000e+03 4.483275988714474806e+03
4.575000000000000000e+03 4.533275988714474806e+03
4.625000000000000000e+03 4.583275988714474806e+03
4.675000000000000000e+03 4.633275988714472987e+03
4.725000000000000000e+03 4.683275988714472987e+03
4.775000000000000000e+03 4.733275988714472987e+03
4.825000000000000000e+03 4.783275988714472987e+03
4.875000000000000000e+03 4.833275988714471168e+03
4.925000000000000000e+03 4.883275988714471168e+03
4.975000000000000000e+03 4.933275988714469349e+03
5.025000000000000000e+03 4.983275988714469349e+03
5.075000000000000000e+03 5.033275988714469349e+03
5.125000000000000000e+03 5.083275988714467530e+03
5.175000000000000000e+03 5.133275988714467530e+03
5.225000000000000000e+03 5.183275988714467530e+03
5.275000000000000000e+03 5.233275988714467530e+03
5.325000000000000000e+03 5.283275988714465711e+03
5.375000000000000000e+03 5.333275988714465711e+03
5.425000000000000000e+03 5.383275988714463892e+03
5.475000000000000000e+03 5.433275988714462073e+03
5.525000000000000000e+03 5.483275988714463892e+03
5.575000000000000000e+03 5.533275988714462073e+03
5.625000000000000000e+03 5.583275988714462073e+03
5.675000000000000000e+03 5.633275988714462073e+03
5.725000000000000000e+03 5.683275988714462073e+03
5.775000000000000000e+03 5.733275988714462073e+03
5.825000000000000000e+03 5.783275988714462073e+03
5.875000000000000000e+03 5.833275988714462073e+03
5.925000000000000000e+03 5.883275988714462073e+03
5.975000000000000000e+03 5.933275988714462073e+03
6.025000000000000000e+03 5.983275988714462073e+03
6.075000000000000000e+03 6.033275988714462073e+03
6.125000000000000000e+03 6.083275988714462073e+03
6.175000000000000000e+03 6.133275988714462073e+03
6.225000000000000000e+03 6.183275988714462073e+03
6.275000000000000000e+03 6.233275988714462073e+03
6.325000000000000000e+03 6.283275988714462073e+03
6.375000000000000000e+03 6.333275988714462073e+03
6.425000000000000000e+03 6.383275988714462073e+03
6.475000000000000000e+03 6.433275988714462073e+03
6.525000000000000000e+03 6.483275988714462073e+03
6.575000000000000000e+03 6.533275988714462073e+03
6.625000000000000000e+03 6.583275988714462073e+03
6.675000000000000000e+03 6.633275988714462073e+03
6.725000000000000000e+03 6.683275988714462073e+03
6.775000000000000000e+03 6.733275988714462073e+03
6.825000000000000000e+03 6.783275988714462073e+03
6.875000000000000000e+03 6.833275988714462073e+03
6.925000000000000000e+03 6.883275988714462073e+03
6.975000000000000000e+03 6.933275988714462073e+03
7.025000000000000000e+03 6.983275988714462073e+03
7.075000000000000000e+03 7.033275988714462073e+03
7.125000000000000000e+03 7.083275988714462073e+03
7.175000000000000000e+03 7.133275988714462073e+03
7.225000000000000000e+03 7.183275988714462073e+03
7.275000000000000000e+03 7.233275988714462073e+03
7.325000000000000000e+03 7.283275988714462073e+03
7.375000000000000000e+03 7.333275988714462073e+03
7.425000000000000000e+03 7.383275988714462073e+03
7.475000000000000000e+03 7.433275988714462073e+03
7.525000000000000000e+03 7.483275988714462073e+03
7.575000000000000000e+03 7.533275988714462073e+03
7.625000000000000000e+03 7.583275988714462073e+03
7.675000000000000000e+03 7.633275988714462073e+03
7.725000000000000000e+03 7.683275988714462073e+03
7.775000000000000000e+03 7.733275988714462073e+03
7.825000000000000000e+03 7.783275988714462073e+03
7.875000000000000000e+03 7.833275988714462073e+03
7.925000000000000000e+03 7.883275988714462073e+03
7.975000000000000000e+03 7.933275988714462073e+03
8.025000000000000000e+03 7.983275988714462073e+03
8.075000000000000000e+03 8.033275988714462073e+03
8.125000000000000000e+03 8.083275988714462073e+03
8.175000000000000000e+03 8.133275988714462073e+03
8.225000000000000000e+03 8.183275988714462073e+03
8.275000000000000000e+03 8.233275988714462073e+03
8.325000000000000000e+03 8.283275988714463892e+03
8.375000000000000000e+03 8.333275988714465711e+03
8.425000000000000000e+03 8.383275988714465711e+03
8.475000000000000000e+03 8.433275988714467530e+03
8.525000000000000000e+03 8.483275988714474806e+03
8.575000000000000000e+03 8.533275988714471168e+03
8.625000000000000000e+03 8.583275988714467530e+03
8.675000000000000000e+03 8.633275988714467530e+03
8.725000000000000000e+03 8.683275988714471168e+03
8.775000000000000000e+03 8.733275988714474806e+03
8.825000000000000000e+03 8.783275988714474806e+03
8.875000000000000000e+03 8.833275988714478444e+03
8.925000000000000000e+03 8.883275988714478444e+03
8.975000000000000000e+03 8.933275988714478444e+03
9.025000000000000000e+03 8.983275988714478444e+03
9.075000000000000000e+03 9.033275988714482082e+03
9.125000000000000000e+03 9.083275988714482082e+03
9.175000000000000000e+03 9.133275988714482082e+03
9.225000000000000000e+03 9.183275988714482082e+03
9.275000000000000000e+03 9.233275988714485720e+03
9.325000000000000000e+03 9.283275988714482082e+03
9.375000000000000000e+03 9.333275988714482082e+03
9.425000000000000000e+03 9.383275988714485720e+03
9.475000000000000000e+03 9.433275988714485720e+03
9.525000000000000000e+03 9.483275988714489358e+03
9.575000000000000000e+03 9.533275988714489358e+03
9.625000000000000000e+03 9.583275988714485720e+03
9.675000000000000000e+03 9.633275988714485720e+03
9.725000000000000000e+03 9.683275988714489358e+03
9.775000000000000000e+03 9.733275988714485720e+03
9.825000000000000000e+03 9.783275988714485720e+03
9.875000000000000000e+03 9.833275988714485720e+03
9.925000000000000000e+03 9.883275988714485720e+03
9.975000000000000000e+03 9.933275988714485720e+03
1.002500000000000000e+04 9.983275988714485720e+03
1.007500000000000000e+04 1.003327598871448572e+04
1.012500000000000000e+04 1.008327598871448572e+04
1.017500000000000000e+04 1.013327598871448572e+04
1.022500000000000000e+04 1.018327598871448572e+04
1.027500000000000000e+04 1.023327598871448572e+04
1.032500000000000000e+04 1.028327598871448572e+04
1.037500000000000000e+04 1.033327598871448572e+04
1.042500000000000000e+04 1.038327598871448572e+04
1.047500000000000000e+04 1.043327598871448572e+04
1.052500000000000000e+04 1.048327598871448572e+04
1.057500000000000000e+04 1.053327598871448572e+04
1.062500000000000000e+04 1.058327598871448572e+04
1.067500000000000000e+04 1.063327598871448572e+04
1.072500000000000000e+04 1.068327598871448572e+04
1.077500000000000000e+04 1.073327598871448572e+04
1.082500000000000000e+04 1.078327598871448572e+04
1.087500000000000000e+04 1.083327598871448572e+04
1.092500000000000000e+04 1.088327598871448572e+04
1.097500000000000000e+04 1.093327598871448572e+04
1.102500000000000000e+04 1.098327598871448572e+04
1.107500000000000000e+04 1.103327598871448572e+04
1.112500000000000000e+04 1.108327598871448572e+04
1.117500000000000000e+04 1.113327598871448572e+04
1.122500000000000000e+04 1.118327598871448572e+04
1.127500000000000000e+04 1.123327598871448572e+04
1.132500000000000000e+04 1.128327598871448572e+04
1.137500000000000000e+04 1.133327598871448572e+04
1.142500000000000000e+04 1.138327598871448572e+04
1.147500000000000000e+04 1.143327598871448572e+04
1.152500000000000000e+04 1.148327598871448572e+04
1.157500000000000000e+04 1.153327598871448572e+04
1.162500000000000000e+04 1.158327598871448572e+04
1.167500000000000000e+04 1.163327598871448572e+04
1.172500000000000000e+04 1.168327598871448572e+04
1.177500000000000000e+04 1.173327598871448572e+04
1.182500000000000000e+04 1.178327598871448572e+04
1.187500000000000000e+04 1.183327598871448572e+04
1.192500000000000000e+04 1.188327598871448572e+04
1.197500000000000000e+04 1.193327598871448572e+04
1.202500000000000000e+04 1.198327598871448572e+04
1.207500000000000000e+04 1.203327598871448572e+04
1.212500000000000000e+04 1.208327598871448572e+04
1.217500000000000000e+04 1.213327598871448572e+04
1.222500000000000000e+04 1.218327598871448572e+04
1.227500000000000000e+04 1.223327598871448572e+04
1.232500000000000000e+04 1.228327598871448572e+04
1.237500000000000000e+04 1.233327598871448572e+04
1.242500000000000000e+04 1.238327598871448572e+04
1.247500000000000000e+04 1.243327598871448572e+04
1.252500000000000000e+04 1.248327598871448572e+04
1.257500000000000000e+04 1.253327598871448572e+04
1.262500000000000000e+04 1.258327598871448572e+04
1.267500000000000000e+04 1.263327598871448572e+04
1.272500000000000000e+04 1.268327598871448572e+04
1.277500000000000000e+04 1.273327598871448572e+04
1.282500000000000000e+04 1.278327598871448572e+04
1.287500000000000000e+04 1.283327598871448572e+04
1.292500000000000000e+04 1.288327598871448572e+04
1.297500000000000000e+04 1.293327598871448572e+04
1.302500000000000000e+04 1.298327598871448572e+04
1.307500000000000000e+04 1.303327598871448572e+04
1.312500000000000000e+04 1.308327598871448572e+04
1.317500000000000000e+04 1.313327598871448572e+04
1.322500000000000000e+04 1.318327598871448572e+04
1.327500000000000000e+04 1.323327598871448572e+04
1.332500000000000000e+04 1.328327598871448572e+04
1.337500000000000000e+04 1.333327598871448572e+04
1.342500000000000000e+04 1.338327598871448572e+04
1.347500000000000000e+04 1.343327598871448572e+04
1.352500000000000000e+04 1.348327598871448572e+04
1.357500000000000000e+04 1.353327598871448572e+04
1.362500000000000000e+04 1.358327598871448572e+04
1.367500000000000000e+04 1.363327598871448572e+04
1.372500000000000000e+04 1.368327598871448572e+04
1.377500000000000000e+04 1.373327598871448572e+04
1.382500000000000000e+04 1.378327598871448572e+04
1.387500000000000000e+04 1.383327598871448572e+04
1.392500000000000000e+04 1.388327598871448572e+04
1.397500000000000000e+04 1.393327598871448572e+04
1.402500000000000000e+04 1.398327598871448572e+04
1.407500000000000000e+04 1.403327598871448572e+04
1.412500000000000000e+04 1.408327598871448572e+04
1.417500000000000000e+04 1.413327598871448572e+04
1.422500000000000000e+04 1.418327598871448572e+04
1.427500000000000000e+04 1.423327598871448572e+04
1.432500000000000000e+04 1.428327598871448572e+04
1.437500000000000000e+04 1.433327598871448572e+04
1.442500000000000000e+04 1.438327598871448572e+04
1.447500000000000000e+04 1.443327598871448572e+04
1.452500000000000000e+04 1.448327598871448572e+04
1.457500000000000000e+04 1.453327598871448572e+04
1.462500000000000000e+04 1.458327598871448572e+04
1.467500000000000000e+04 1.463327598871448572e+04
1.472500000000000000e+04 1.468327598871448572e+04
1.477500000000000000e+04 1.473327598871448572e+04
1.482500000000000000e+04 1.478327598871448572e+04
1.487500000000000000e+04 1.483327598871448572e+04
1.492500000000000000e+04 1.488327598871448572e+04
1.497500000000000000e+04 1.493327598871448572e+04
1.502500000000000000e+04 1.498327598871448572e+04
1.507500000000000000e+04 1.503327598871448572e+04
1.512500000000000000e+04 1.508327598871448572e+04
1.517500000000000000e+04 1.513327598871448572e+04
1.522500000000000000e+04 1.518327598871448572e+04
1.527500000000000000e+04 1.523327598871448572e+04
1.532500000000000000e+04 1.528327598871448572e+04
1.537500000000000000e+04 1.533327598871448572e+04
1.542500000000000000e+04 1.538327598871448572e+04
1.547500000000000000e+04 1.543327598871448572e+04
1.552500000000000000e+04 1.548327598871448572e+04
1.557500000000000000e+04 1.553327598871448572e+04
1.562500000000000000e+04 1.558327598871448572e+04
1.567500000000000000e+04 1.563327598871448572e+04
1.572500000000000000e+04 1.568327598871448572e+04
1.577500000000000000e+04 1.573327598871448572e+04
1.582500000000000000e+04 1.578327598871448572e+04
1.587500000000000000e+04 1.583327598871448572e+04
1.592500000000000000e+04 1.588327598871448572e+04
1.597500000000000000e+04 1.593327598871448572e+04
1.602500000000000000e+04 1.598327598871448572e+04
1.607500000000000000e+04 1.603327598871448572e+04
1.612500000000000000e+04 1.608327598871448572e+04
1.617500000000000000e+04 1.613327598871448572e+04
1.622500000000000000e+04 1.618327598871448572e+04
1.627500000000000000e+04 1.623327598871448572e+04
1.632500000000000000e+04 1.628327598871448572e+04
1.637500000000000000e+04 1.633327598871448572e+04
1.642500000000000000e+04 1.638327598871448572e+04
1.647500000000000000e+04 1.643327598871448936e+04
1.652500000000000000e+04 1.648327598871448936e+04
1.657500000000000000e+04 1.653327598871448208e+04
1.662500000000000000e+04 1.658327598871447844e+04
1.667500000000000000e+04 1.663327598871448208e+04
1.672500000000000000e+04 1.668327598871448208e+04
1.677500000000000000e+04 1.673327598871448208e+04
1.682500000000000000e+04 1.678327598871448936e+04
1.687500000000000000e+04 1.683327598871448572e+04
1.692500000000000000e+04 1.688327598871448572e+04
1.697500000000000000e+04 1.693327598871447844e+04
1.702500000000000000e+04 1.698327598871447117e+04
1.707500000000000000e+04 1.703327598871447117e+04
1.712500000000000000e+04 1.708327598871447117e+04
1.717500000000000000e+04 1.713327598871447844e+04
1.722500000000000000e+04 1.718327598871447117e+04
1.727500000000000000e+04 1.723327598871446389e+04
1.732500000000000000e+04 1.728327598871446389e+04
1.737500000000000000e+04 1.733327598871447117e+04
1.742500000000000000e+04 1.738327598871447117e+04
1.747500000000000000e+04 1.743327598871447117e+04
1.752500000000000000e+04 1.748327598871447117e+04
1.757500000000000000e+04 1.753327598871447844e+04
1.762500000000000000e+04 1.758327598871448572e+04
1.767500000000000000e+04 1.763327598871447844e+04
1.772500000000000000e+04 1.768327598871447844e+04
1.777500000000000000e+04 1.773327598871447844e+04
1.782500000000000000e+04 1.778327598871447844e+04
1.787500000000000000e+04 1.783327598871447844e+04
1.792500000000000000e+04 1.788327598871447844e+04
1.797500000000000000e+04 1.793327598871447844e+04
1.802500000000000000e+04 1.798327598871447117e+04
1.807500000000000000e+04 1.803327598871447117e+04
1.812500000000000000e+04 1.808327598871447117e+04
1.817500000000000000e+04 1.813327598871447117e+04
1.822500000000000000e+04 1.818327598871447117e+04
1.827500000000000000e+04 1.823327598871447117e+04
1.832500000000000000e+04 1.828327598871447117e+04
1.837500000000000000e+04 1.833327598871447117e+04
1.842500000000000000e+04 1.838327598871447117e+04
1.847500000000000000e+04 1.843327598871447117e+04
1.852500000000000000e+04 1.848327598871447117e+04
1.857500000000000000e+04 1.853327598871447117e+04
1.862500000000000000e+04 1.858327598871447117e+04
1.867500000000000000e+04 1.863327598871447117e+04
1.872500000000000000e+04 1.868327598871447117e+04
1.877500000000000000e+04 1.873327598871447117e+04
1.882500000000000000e+04 1.878327598871447117e+04
1.887500000000000000e+04 1.883327598871447117e+04
1.892500000000000000e+04 1.888327598871447117e+04
1.897500000000000000e+04 1.893327598871447117e+04
1.902500000000000000e+04 1.898327598871447117e+04
1.907500000000000000e+04 1.903327598871447117e+04
1.912500000000000000e+04 1.908327598871447117e+04
1.917500000000000000e+04 1.913327598871447117e+04
1.922500000000000000e+04 1.918327598871447117e+04
1.927500000000000000e+04 1.923327598871447117e+04
1.932500000000000000e+04 1.928327598871447117e+04
1.937500000000000000e+04 1.933327598871447117e+04
1.942500000000000000e+04 1.938327598871447117e+04
1.947500000000000000e+04 1.943327598871447117e+04
1.952500000000000000e+04 1.948327598871447117e+04
1.957500000000000000e+04 1.953327598871447117e+04
1.962500000000000000e+04 1.958327598871447117e+04
1.967500000000000000e+04 1.963327598871447117e+04
1.972500000000000000e+04 1.968327598871447117e+04
1.977500000000000000e+04 1.973327598871447117e+04
1.982500000000000000e+04 1.978327598871447117e+04
1.987500000000000000e+04 1.983327598871447117e+04
1.992500000000000000e+04 1.988327598871447117e+04
