1.425000000000000000e+03 1.424999999999999091e+03
1.475000000000000000e+03 1.474999999999999091e+03
1.525000000000000000e+03 1.524999999999999091e+03
1.575000000000000000e+03 1.574999999999999091e+03
1.625000000000000000e+03 1.624999999999999545e+03
1.675000000000000000e+03 1.674999999999999545e+03
1.725000000000000000e+03 1.724999999999999545e+03
1.775000000000000000e+03 1.774999999999999091e+03
1.825000000000000000e+03 1.824999999999999091e+03
1.875000000000000000e+03 1.874999999999999091e+03
1.925000000000000000e+03 1.924999999999999091e+03
1.975000000000000000e+03 1.974999999999999091e+03
2.025000000000000000e+03 2.024999999999999091e+03
2.075000000000000000e+03 2.074999999999999091e+03
2.125000000000000000e+03 2.124999999999999091e+03
2.175000000000000000e+03 2.175000000000000000e+03
2.225000000000000000e+03 2.225000000000000000e+03
2.275000000000000000e+03 2.275000000000000000e+03
2.325000000000000000e+03 2.325000000000000000e+03
2.375000000000000000e+03 2.375000000000000909e+03
2.425000000000000000e+03 2.425000000000001819e+03
2.475000000000000000e+03 2.475000000000001819e+03
2.525000000000000000e+03 2.525000000000000909e+03
2.575000000000000000e+03 2.575000000000000000e+03
2.625000000000000000e+03 2.625000000000000000e+03
2.675000000000000000e+03 2.675000000000000000e+03
2.725000000000000000e+03 2.725000000000001819e+03
2.775000000000000000e+03 2.775000000000001819e+03
2.825000000000000000e+03 2.825000000000001819e+03
2.875000000000000000e+03 2.875000000000000909e+03
2.925000000000000000e+03 2.925000000000000909e+03
2.975000000000000000e+03 2.975000000000000909e+03
3.025000000000000000e+03 3.025000000000000909e+03
3.075000000000000000e+03 3.075000000000000000e+03
3.125000000000000000e+03 3.125000000000000000e+03
3.175000000000000000e+03 3.175000000000001819e+03
3.225000000000000000e+03 3.225000000000001819e+03
3.275000000000000000e+03 3.275000000000001819e+03
3.325000000000000000e+03 3.325000000000000909e+03
3.375000000000000000e+03 3.375000000000000909e+03
3.425000000000000000e+03 3.425000000000000000e+03
3.475000000000000000e+03 3.475000000000000000e+03
3.525000000000000000e+03 3.525000000000000000e+03
3.575000000000000000e+03 3.575000000000000000e+03
3.625000000000000000e+03 3.625000000000000000e+03
3.675000000000000000e+03 3.675000000000000000e+03
3.725000000000000000e+03 3.725000000000000000e+03
3.775000000000000000e+03 3.775000000000000000e+03
3.825000000000000000e+03 3.825000000000000000e+03
3.875000000000000000e+03 3.875000000000000000e+03
3.925000000000000000e+03 3.925000000000000000e+03
3.975000000000000000e+03 3.975000000000000000e+03
4.025000000000000000e+03 4.025000000000000000e+03
4.075000000000000000e+03 4.075000000000000000e+03
4.125000000000000000e+03 4.125000000000000909e+03
4.175000000000000000e+03 4.175000000000001819e+03
4.225000000000000000e+03 4.225000000000001819e+03
4.275000000000000000e+03 4.275000000000003638e+03
4.325000000000000000e+03 4.325000000000000000e+03
4.375000000000000000e+03 4.375000000000003638e+03
4.425000000000000000e+03 4.425000000000001819e+03
4.475000000000000000e+03 4.475000000000000000e+03
4.525000000000000000e+03 4.525000000000000000e+03
4.575000000000000000e+03 4.575000000000001819e+03
4.625000000000000000e+03 4.625000000000001819e+03
4.675000000000000000e+03 4.675000000000000000e+03
4.725000000000000000e+03 4.725000000000000000e+03
4.775000000000000000e+03 4.775000000000000000e+03
4.825000000000000000e+03 4.824999999999998181e+03
4.875000000000000000e+03 4.874999999999998181e+03
4.925000000000000000e+03 4.924999999999998181e+03
4.975000000000000000e+03 4.974999999999998181e+03
5.025000000000000000e+03 5.024999999999998181e+03
5.075000000000000000e+03 5.074999999999998181e+03
5.125000000000000000e+03 5.125000000000000000e+03
5.175000000000000000e+03 5.175000000000000000e+03
5.225000000000000000e+03 5.225000000000000000e+03
5.275000000000000000e+03 5.275000000000000000e+03
5.325000000000000000e+03 5.325000000000001819e+03
5.375000000000000000e+03 5.375000000000001819e+03
5.425000000000000000e+03 5.425000000000001819e+03
5.475000000000000000e+03 5.475000000000003638e+03
5.525000000000000000e+03 5.525000000000003638e+03
5.575000000000000000e+03 5.575000000000003638e+03
5.625000000000000000e+03 5.625000000000003638e+03
5.675000000000000000e+03 5.675000000000003638e+03
5.725000000000000000e+03 5.725000000000003638e+03
5.775000000000000000e+03 5.775000000000003638e+03
5.825000000000000000e+03 5.825000000000003638e+03
5.875000000000000000e+03 5.875000000000003638e+03
5.925000000000000000e+03 5.925000000000003638e+03
5.975000000000000000e+03 5.975000000000003638e+03
6.025000000000000000e+03 6.025000000000003638e+03
6.075000000000000000e+03 6.075000000000003638e+03
6.125000000000000000e+03 6.125000000000003638e+03
6.175000000000000000e+03 6.175000000000003638e+03
6.225000000000000000e+03 6.225000000000003638e+03
6.275000000000000000e+03 6.275000000000003638e+03
6.325000000000000000e+03 6.325000000000003638e+03
6.375000000000000000e+03 6.375000000000003638e+03
6.425000000000000000e+03 6.425000000000003638e+03
6.475000000000000000e+03 6.475000000000003638e+03
6.525000000000000000e+03 6.525000000000003638e+03
6.575000000000000000e+03 6.575000000000003638e+03
6.625000000000000000e+03 6.625000000000003638e+03
6.675000000000000000e+03 6.675000000000003638e+03
6.725000000000000000e+03 6.725000000000003638e+03
6.775000000000000000e+03 6.775000000000003638e+03
6.825000000000000000e+03 6.825000000000003638e+03
6.875000000000000000e+03 6.875000000000003638e+03
6.925000000000000000e+03 6.925000000000003638e+03
6.975000000000000000e+03 6.975000000000003638e+03
7.025000000000000000e+03 7.025000000000003638e+03
7.075000000000000000e+03 7.075000000000003638e+03
7.125000000000000000e+03 7.125000000000003638e+03
7.175000000000000000e+03 7.175000000000003638e+03
7.225000000000000000e+03 7.225000000000003638e+03
7.275000000000000000e+03 7.275000000000003638e+03
7.325000000000000000e+03 7.325000000000003638e+03
7.375000000000000000e+03 7.375000000000003638e+03
7.425000000000000000e+03 7.425000000000003638e+03
7.475000000000000000e+03 7.475000000000003638e+03
7.525000000000000000e+03 7.525000000000003638e+03
7.575000000000000000e+03 7.575000000000003638e+03
7.625000000000000000e+03 7.625000000000003638e+03
7.675000000000000000e+03 7.675000000000003638e+03
7.725000000000000000e+03 7.725000000000003638e+03
7.775000000000000000e+03 7.775000000000003638e+03
7.825000000000000000e+03 7.825000000000003638e+03
7.875000000000000000e+03 7.875000000000003638e+03
7.925000000000000000e+03 7.925000000000003638e+03
7.975000000000000000e+03 7.975000000000003638e+03
8.025000000000000000e+03 8.025000000000003638e+03
8.075000000000000000e+03 8.075000000000003638e+03
8.125000000000000000e+03 8.125000000000003638e+03
8.175000000000000000e+03 8.175000000000003638e+03
8.225000000000000000e+03 8.225000000000005457e+03
8.275000000000000000e+03 8.275000000000003638e+03
8.325000000000000000e+03 8.324999999999998181e+03
8.375000000000000000e+03 8.374999999999998181e+03
8.425000000000000000e+03 8.425000000000000000e+03
8.475000000000000000e+03 8.475000000000001819e+03
8.525000000000000000e+03 8.525000000000003638e+03
8.575000000000000000e+03 8.575000000000005457e+03
8.625000000000000000e+03 8.625000000000003638e+03
8.675000000000000000e+03 8.675000000000001819e+03
8.725000000000000000e+03 8.725000000000001819e+03
8.775000000000000000e+03 8.775000000000001819e+03
8.825000000000000000e+03 8.825000000000001819e+03
8.875000000000000000e+03 8.875000000000005457e+03
8.925000000000000000e+03 8.925000000000005457e+03
8.975000000000000000e+03 8.975000000000009095e+03
9.025000000000000000e+03 9.025000000000009095e+03
9.075000000000000000e+03 9.075000000000009095e+03
9.125000000000000000e+03 9.125000000000012733e+03
9.175000000000000000e+03 9.175000000000009095e+03
9.225000000000000000e+03 9.225000000000009095e+03
9.275000000000000000e+03 9.275000000000009095e+03
9.325000000000000000e+03 9.325000000000009095e+03
9.375000000000000000e+03 9.375000000000009095e+03
9.425000000000000000e+03 9.425000000000005457e+03
9.475000000000000000e+03 9.475000000000009095e+03
9.525000000000000000e+03 9.525000000000012733e+03
9.575000000000000000e+03 9.575000000000009095e+03
9.625000000000000000e+03 9.625000000000009095e+03
9.675000000000000000e+03 9.675000000000009095e+03
9.725000000000000000e+03 9.725000000000009095e+03
9.775000000000000000e+03 9.775000000000009095e+03
9.825000000000000000e+03 9.825000000000009095e+03
9.875000000000000000e+03 9.875000000000009095e+03
9.925000000000000000e+03 9.925000000000009095e+03
9.975000000000000000e+03 9.975000000000009095e+03
1.002500000000000000e+04 1.002500000000000909e+04
1.007500000000000000e+04 1.007500000000000909e+04
1.012500000000000000e+04 1.012500000000000909e+04
1.017500000000000000e+04 1.017500000000000909e+04
1.022500000000000000e+04 1.022500000000000909e+04
1.027500000000000000e+04 1.027500000000000909e+04
1.032500000000000000e+04 1.032500000000000909e+04
1.037500000000000000e+04 1.037500000000000909e+04
1.042500000000000000e+04 1.042500000000000909e+04
1.047500000000000000e+04 1.047500000000000909e+04
1.052500000000000000e+04 1.052500000000000909e+04
1.057500000000000000e+04 1.057500000000000909e+04
1.062500000000000000e+04 1.062500000000000909e+04
1.067500000000000000e+04 1.067500000000000909e+04
1.072500000000000000e+04 1.072500000000000909e+04
1.077500000000000000e+04 1.077500000000000909e+04
1.082500000000000000e+04 1.082500000000000909e+04
1.087500000000000000e+04 1.087500000000000909e+04
1.092500000000000000e+04 1.092500000000000909e+04
1.097500000000000000e+04 1.097500000000000909e+04
1.102500000000000000e+04 1.102500000000000909e+04
1.107500000000000000e+04 1.107500000000000909e+04
1.112500000000000000e+04 1.112500000000000909e+04
1.117500000000000000e+04 1.117500000000000909e+04
1.122500000000000000e+04 1.122500000000000909e+04
1.127500000000000000e+04 1.127500000000000909e+04
1.132500000000000000e+04 1.132500000000000909e+04
1.137500000000000000e+04 1.137500000000000909e+04
1.142500000000000000e+04 1.142500000000000909e+04
1.147500000000000000e+04 1.147500000000000909e+04
1.152500000000000000e+04 1.152500000000000909e+04
1.157500000000000000e+04 1.157500000000000909e+04
1.162500000000000000e+04 1.162500000000000909e+04
1.167500000000000000e+04 1.167500000000000909e+04
1.172500000000000000e+04 1.172500000000000909e+04
1.177500000000000000e+04 1.177500000000000909e+04
1.182500000000000000e+04 1.182500000000000909e+04
1.187500000000000000e+04 1.187500000000000909e+04
1.192500000000000000e+04 1.192500000000000909e+04
1.197500000000000000e+04 1.197500000000000909e+04
1.202500000000000000e+04 1.202500000000000909e+04
1.207500000000000000e+04 1.207500000000000909e+04
1.212500000000000000e+04 1.212500000000000909e+04
1.217500000000000000e+04 1.217500000000000909e+04
1.222500000000000000e+04 1.222500000000000909e+04
1.227500000000000000e+04 1.227500000000000909e+04
1.232500000000000000e+04 1.232500000000000909e+04
1.237500000000000000e+04 1.237500000000000909e+04
1.242500000000000000e+04 1.242500000000000909e+04
1.247500000000000000e+04 1.247500000000000909e+04
1.252500000000000000e+04 1.252500000000000909e+04
1.257500000000000000e+04 1.257500000000000909e+04
1.262500000000000000e+04 1.262500000000000909e+04
1.267500000000000000e+04 1.267500000000000909e+04
1.272500000000000000e+04 1.272500000000000909e+04
1.277500000000000000e+04 1.277500000000000909e+04
1.282500000000000000e+04 1.282500000000000909e+04
1.287500000000000000e+04 1.287500000000000909e+04
1.292500000000000000e+04 1.292500000000000909e+04
1.297500000000000000e+04 1.297500000000000909e+04
1.302500000000000000e+04 1.302500000000000909e+04
1.307500000000000000e+04 1.307500000000000909e+04
1.312500000000000000e+04 1.312500000000000909e+04
1.317500000000000000e+04 1.317500000000000909e+04
1.322500000000000000e+04 1.322500000000000909e+04
1.327500000000000000e+04 1.327500000000000909e+04
1.332500000000000000e+04 1.332500000000000909e+04
1.337500000000000000e+04 1.337500000000000909e+04
1.342500000000000000e+04 1.342500000000000909e+04
1.347500000000000000e+04 1.347500000000000909e+04
1.352500000000000000e+04 1.352500000000000909e+04
1.357500000000000000e+04 1.357500000000000909e+04
1.362500000000000000e+04 1.362500000000000909e+04
1.367500000000000000e+04 1.367500000000000909e+04
1.372500000000000000e+04 1.372500000000000909e+04
1.377500000000000000e+04 1.377500000000000909e+04
1.382500000000000000e+04 1.382500000000000909e+04
1.387500000000000000e+04 1.387500000000000909e+04
1.392500000000000000e+04 1.392500000000000909e+04
1.397500000000000000e+04 1.397500000000000909e+04
1.402500000000000000e+04 1.402500000000000909e+04
1.407500000000000000e+04 1.407500000000000909e+04
1.412500000000000000e+04 1.412500000000000909e+04
1.417500000000000000e+04 1.417500000000000909e+04
1.422500000000000000e+04 1.422500000000000909e+04
1.427500000000000000e+04 1.427500000000000909e+04
1.432500000000000000e+04 1.432500000000000909e+04
1.437500000000000000e+04 1.437500000000000909e+04
1.442500000000000000e+04 1.442500000000000909e+04
1.447500000000000000e+04 1.447500000000000909e+04
1.452500000000000000e+04 1.452500000000000909e+04
1.457500000000000000e+04 1.457500000000000909e+04
1.462500000000000000e+04 1.462500000000000909e+04
1.467500000000000000e+04 1.467500000000000909e+04
1.472500000000000000e+04 1.472500000000000909e+04
1.477500000000000000e+04 1.477500000000000909e+04
1.482500000000000000e+04 1.482500000000000909e+04
1.487500000000000000e+04 1.487500000000000909e+04
1.492500000000000000e+04 1.492500000000000909e+04
1.497500000000000000e+04 1.497500000000000909e+04
1.502500000000000000e+04 1.502500000000000909e+04
1.507500000000000000e+04 1.507500000000000909e+04
1.512500000000000000e+04 1.512500000000000909e+04
1.517500000000000000e+04 1.517500000000000909e+04
1.522500000000000000e+04 1.522500000000000909e+04
1.527500000000000000e+04 1.527500000000000909e+04
1.532500000000000000e+04 1.532500000000000909e+04
1.537500000000000000e+04 1.537500000000000909e+04
1.542500000000000000e+04 1.542500000000000909e+04
1.547500000000000000e+04 1.547500000000000909e+04
1.552500000000000000e+04 1.552500000000000909e+04
1.557500000000000000e+04 1.557500000000000909e+04
1.562500000000000000e+04 1.562500000000000909e+04
1.567500000000000000e+04 1.567500000000000909e+04
1.572500000000000000e+04 1.572500000000000909e+04
1.577500000000000000e+04 1.577500000000000909e+04
1.582500000000000000e+04 1.582500000000000909e+04
1.587500000000000000e+04 1.587500000000000909e+04
1.592500000000000000e+04 1.592500000000000909e+04
1.597500000000000000e+04 1.597500000000000909e+04
1.602500000000000000e+04 1.602500000000000909e+04
1.607500000000000000e+04 1.607500000000000909e+04
1.612500000000000000e+04 1.612500000000000909e+04
1.617500000000000000e+04 1.617500000000000909e+04
1.622500000000000000e+04 1.622500000000000909e+04
1.627500000000000000e+04 1.627500000000000909e+04
1.632500000000000000e+04 1.632500000000000909e+04
1.637500000000000000e+04 1.637500000000000909e+04
1.642500000000000000e+04 1.642500000000000728e+04
1.647500000000000000e+04 1.647500000000000364e+04
1.652500000000000000e+04 1.652500000000000364e+04
1.657500000000000000e+04 1.657500000000000728e+04
1.662500000000000000e+04 1.662500000000000000e+04
1.667500000000000000e+04 1.667500000000000728e+04
1.672500000000000000e+04 1.672500000000000728e+04
1.677500000000000000e+04 1.677500000000000000e+04
1.682500000000000000e+04 1.682500000000000728e+04
1.687500000000000000e+04 1.687500000000000728e+04
1.692500000000000000e+04 1.692500000000001455e+04
1.697500000000000000e+04 1.697500000000001455e+04
1.702500000000000000e+04 1.702500000000001455e+04
1.707500000000000000e+04 1.707500000000001455e+04
1.712500000000000000e+04 1.712500000000001455e+04
1.717500000000000000e+04 1.717500000000001455e+04
1.722500000000000000e+04 1.722500000000000728e+04
1.727500000000000000e+04 1.727500000000001455e+04
1.732500000000000000e+04 1.732500000000000728e+04
1.737500000000000000e+04 1.737500000000000728e+04
1.742500000000000000e+04 1.742500000000000000e+04
1.747500000000000000e+04 1.747499999999999272e+04
1.752500000000000000e+04 1.752499999999998545e+04
1.757500000000000000e+04 1.757499999999999272e+04
1.762500000000000000e+04 1.762499999999998545e+04
1.767500000000000000e+04 1.767499999999998545e+04
1.772500000000000000e+04 1.772499999999998545e+04
1.777500000000000000e+04 1.777499999999997817e+04
1.782500000000000000e+04 1.782499999999997817e+04
1.787500000000000000e+04 1.787499999999997817e+04
1.792500000000000000e+04 1.792499999999997817e+04
1.797500000000000000e+04 1.797499999999997817e+04
1.802500000000000000e+04 1.802499999999997817e+04
1.807500000000000000e+04 1.807499999999997817e+04
1.812500000000000000e+04 1.812499999999997817e+04
1.817500000000000000e+04 1.817499999999997817e+04
1.822500000000000000e+04 1.822499999999997817e+04
1.827500000000000000e+04 1.827499999999997817e+04
1.832500000000000000e+04 1.832499999999997817e+04
1.837500000000000000e+04 1.837499999999997817e+04
1.842500000000000000e+04 1.842499999999997817e+04
1.847500000000000000e+04 1.847499999999997817e+04
1.852500000000000000e+04 1.852499999999997817e+04
1.857500000000000000e+04 1.857499999999997817e+04
1.862500000000000000e+04 1.862499999999997817e+04
1.867500000000000000e+04 1.867499999999997817e+04
1.872500000000000000e+04 1.872499999999997817e+04
1.877500000000000000e+04 1.877499999999997817e+04
1.882500000000000000e+04 1.882499999999997817e+04
1.887500000000000000e+04 1.887499999999997817e+04
1.892500000000000000e+04 1.892499999999997817e+04
1.897500000000000000e+04 1.897499999999997817e+04
1.902500000000000000e+04 1.902499999999997817e+04
1.907500000000000000e+04 1.907499999999997817e+04
1.912500000000000000e+04 1.912499999999997817e+04
1.917500000000000000e+04 1.917499999999997817e+04
1.922500000000000000e+04 1.922499999999997817e+04
1.927500000000000000e+04 1.927499999999997817e+04
1.932500000000000000e+04 1.932499999999997817e+04
1.937500000000000000e+04 1.937499999999997817e+04
1.942500000000000000e+04 1.942499999999997817e+04
1.947500000000000000e+04 1.947499999999997817e+04
1.952500000000000000e+04 1.952499999999997817e+04
1.957500000000000000e+04 1.957499999999997817e+04
1.962500000000000000e+04 1.962499999999997817e+04
1.967500000000000000e+04 1.967499999999997817e+04
1.972500000000000000e+04 1.972499999999997817e+04
1.977500000000000000e+04 1.977499999999997817e+04
1.982500000000000000e+04 1.982499999999997817e+04
1.987500000000000000e+04 1.987499999999997817e+04
1.992500000000000000e+04 1.992499999999997817e+04
