1.825000000000000000e+03 1.819823950227232899e+03
1.875000000000000000e+03 1.869823950227232899e+03
1.925000000000000000e+03 1.919823950227232444e+03
1.975000000000000000e+03 1.969823950227232899e+03
2.025000000000000000e+03 2.019823950227232899e+03
2.075000000000000000e+03 2.069823950227232672e+03
2.125000000000000000e+03 2.119823950227231762e+03
2.175000000000000000e+03 2.169823950227231762e+03
2.225000000000000000e+03 2.219823950227231762e+03
2.275000000000000000e+03 2.269823950227231762e+03
2.325000000000000000e+03 2.319823950227233581e+03
2.375000000000000000e+03 2.369823950227233581e+03
2.425000000000000000e+03 2.419823950227233581e+03
2.475000000000000000e+03 2.469823950227233581e+03
2.525000000000000000e+03 2.519823950227231762e+03
2.575000000000000000e+03 2.569823950227232672e+03
2.625000000000000000e+03 2.619823950227232672e+03
2.675000000000000000e+03 2.669823950227232672e+03
2.725000000000000000e+03 2.719823950227232672e+03
2.775000000000000000e+03 2.769823950227232672e+03
2.825000000000000000e+03 2.819823950227232672e+03
2.875000000000000000e+03 2.869823950227232672e+03
2.925000000000000000e+03 2.919823950227232672e+03
2.975000000000000000e+03 2.969823950227232672e+03
3.025000000000000000e+03 3.019823950227231762e+03
3.075000000000000000e+03 3.069823950227231762e+03
3.125000000000000000e+03 3.119823950227231762e+03
3.175000000000000000e+03 3.169823950227231762e+03
3.225000000000000000e+03 3.219823950227231762e+03
3.275000000000000000e+03 3.269823950227231762e+03
3.325000000000000000e+03 3.319823950227231762e+03
3.375000000000000000e+03 3.369823950227231762e+03
3.425000000000000000e+03 3.419823950227231762e+03
3.475000000000000000e+03 3.469823950227231762e+03
3.525000000000000000e+03 3.519823950227231762e+03
3.575000000000000000e+03 3.569823950227231762e+03
3.625000000000000000e+03 3.619823950227231762e+03
3.675000000000000000e+03 3.669823950227231762e+03
3.725000000000000000e+03 3.719823950227231762e+03
3.775000000000000000e+03 3.769823950227231762e+03
3.825000000000000000e+03 3.819823950227231762e+03
3.875000000000000000e+03 3.869823950227233581e+03
3.925000000000000000e+03 3.919823950227233581e+03
3.975000000000000000e+03 3.969823950227233581e+03
4.025000000000000000e+03 4.019823950227233581e+03
4.075000000000000000e+03 4.069823950227233581e+03
4.125000000000000000e+03 4.119823950227234491e+03
4.175000000000000000e+03 4.169823950227234491e+03
4.225000000000000000e+03 4.219823950227234491e+03
4.275000000000000000e+03 4.269823950227236310e+03
4.325000000000000000e+03 4.319823950227234491e+03
4.375000000000000000e+03 4.369823950227234491e+03
4.425000000000000000e+03 4.419823950227232672e+03
4.475000000000000000e+03 4.469823950227234491e+03
4.525000000000000000e+03 4.519823950227232672e+03
4.575000000000000000e+03 4.569823950227234491e+03
4.625000000000000000e+03 4.619823950227236310e+03
4.675000000000000000e+03 4.669823950227234491e+03
4.725000000000000000e+03 4.719823950227236310e+03
4.775000000000000000e+03 4.769823950227234491e+03
4.825000000000000000e+03 4.819823950227234491e+03
4.875000000000000000e+03 4.869823950227236310e+03
4.925000000000000000e+03 4.919823950227236310e+03
4.975000000000000000e+03 4.969823950227238129e+03
5.025000000000000000e+03 5.019823950227238129e+03
5.075000000000000000e+03 5.069823950227236310e+03
5.125000000000000000e+03 5.119823950227236310e+03
5.175000000000000000e+03 5.169823950227236310e+03
5.225000000000000000e+03 5.219823950227236310e+03
5.275000000000000000e+03 5.269823950227234491e+03
5.325000000000000000e+03 5.319823950227234491e+03
5.375000000000000000e+03 5.369823950227234491e+03
5.425000000000000000e+03 5.419823950227232672e+03
5.475000000000000000e+03 5.469823950227234491e+03
5.525000000000000000e+03 5.519823950227232672e+03
5.575000000000000000e+03 5.569823950227234491e+03
5.625000000000000000e+03 5.619823950227234491e+03
5.675000000000000000e+03 5.669823950227234491e+03
5.725000000000000000e+03 5.719823950227234491e+03
5.775000000000000000e+03 5.769823950227234491e+03
5.825000000000000000e+03 5.819823950227234491e+03
5.875000000000000000e+03 5.869823950227234491e+03
5.925000000000000000e+03 5.919823950227232672e+03
5.975000000000000000e+03 5.969823950227232672e+03
6.025000000000000000e+03 6.019823950227232672e+03
6.075000000000000000e+03 6.069823950227232672e+03
6.125000000000000000e+03 6.119823950227232672e+03
6.175000000000000000e+03 6.169823950227232672e+03
6.225000000000000000e+03 6.219823950227232672e+03
6.275000000000000000e+03 6.269823950227232672e+03
6.325000000000000000e+03 6.319823950227232672e+03
6.375000000000000000e+03 6.369823950227232672e+03
6.425000000000000000e+03 6.419823950227232672e+03
6.475000000000000000e+03 6.469823950227232672e+03
6.525000000000000000e+03 6.519823950227232672e+03
6.575000000000000000e+03 6.569823950227232672e+03
6.625000000000000000e+03 6.619823950227232672e+03
6.675000000000000000e+03 6.669823950227232672e+03
6.725000000000000000e+03 6.719823950227232672e+03
6.775000000000000000e+03 6.769823950227232672e+03
6.825000000000000000e+03 6.819823950227232672e+03
6.875000000000000000e+03 6.869823950227232672e+03
6.925000000000000000e+03 6.919823950227232672e+03
6.975000000000000000e+03 6.969823950227232672e+03
7.025000000000000000e+03 7.019823950227232672e+03
7.075000000000000000e+03 7.069823950227232672e+03
7.125000000000000000e+03 7.119823950227232672e+03
7.175000000000000000e+03 7.169823950227232672e+03
7.225000000000000000e+03 7.219823950227232672e+03
7.275000000000000000e+03 7.269823950227232672e+03
7.325000000000000000e+03 7.319823950227232672e+03
7.375000000000000000e+03 7.369823950227232672e+03
7.425000000000000000e+03 7.419823950227232672e+03
7.475000000000000000e+03 7.469823950227232672e+03
7.525000000000000000e+03 7.519823950227232672e+03
7.575000000000000000e+03 7.569823950227232672e+03
7.625000000000000000e+03 7.619823950227232672e+03
7.675000000000000000e+03 7.669823950227232672e+03
7.725000000000000000e+03 7.719823950227232672e+03
7.775000000000000000e+03 7.769823950227232672e+03
7.825000000000000000e+03 7.819823950227232672e+03
7.875000000000000000e+03 7.869823950227232672e+03
7.925000000000000000e+03 7.919823950227232672e+03
7.975000000000000000e+03 7.969823950227232672e+03
8.025000000000000000e+03 8.019823950227232672e+03
8.075000000000000000e+03 8.069823950227232672e+03
8.125000000000000000e+03 8.119823950227232672e+03
8.175000000000000000e+03 8.169823950227232672e+03
8.225000000000000000e+03 8.219823950227231762e+03
8.275000000000000000e+03 8.269823950227231762e+03
8.325000000000000000e+03 8.319823950227228124e+03
8.375000000000000000e+03 8.369823950227228124e+03
8.425000000000000000e+03 8.419823950227228124e+03
8.475000000000000000e+03 8.469823950227228124e+03
8.525000000000000000e+03 8.519823950227231762e+03
8.575000000000000000e+03 8.569823950227228124e+03
8.625000000000000000e+03 8.619823950227228124e+03
8.675000000000000000e+03 8.669823950227224486e+03
8.725000000000000000e+03 8.719823950227224486e+03
8.775000000000000000e+03 8.769823950227231762e+03
8.825000000000000000e+03 8.819823950227231762e+03
8.875000000000000000e+03 8.869823950227231762e+03
8.925000000000000000e+03 8.919823950227231762e+03
8.975000000000000000e+03 8.969823950227228124e+03
9.025000000000000000e+03 9.019823950227228124e+03
9.075000000000000000e+03 9.069823950227228124e+03
9.125000000000000000e+03 9.119823950227224486e+03
9.175000000000000000e+03 9.169823950227224486e+03
9.225000000000000000e+03 9.219823950227224486e+03
9.275000000000000000e+03 9.269823950227224486e+03
9.325000000000000000e+03 9.319823950227224486e+03
9.375000000000000000e+03 9.369823950227224486e+03
9.425000000000000000e+03 9.419823950227228124e+03
9.475000000000000000e+03 9.469823950227231762e+03
9.525000000000000000e+03 9.519823950227231762e+03
9.575000000000000000e+03 9.569823950227231762e+03
9.625000000000000000e+03 9.619823950227231762e+03
9.675000000000000000e+03 9.669823950227231762e+03
9.725000000000000000e+03 9.719823950227231762e+03
9.775000000000000000e+03 9.769823950227231762e+03
9.825000000000000000e+03 9.819823950227231762e+03
9.875000000000000000e+03 9.869823950227231762e+03
9.925000000000000000e+03 9.919823950227231762e+03
9.975000000000000000e+03 9.969823950227231762e+03
1.002500000000000000e+04 1.001982395022723176e+04
1.007500000000000000e+04 1.006982395022723176e+04
1.012500000000000000e+04 1.011982395022723176e+04
1.017500000000000000e+04 1.016982395022723176e+04
1.022500000000000000e+04 1.021982395022723176e+04
1.027500000000000000e+04 1.026982395022723176e+04
1.032500000000000000e+04 1.031982395022723176e+04
1.037500000000000000e+04 1.036982395022723176e+04
1.042500000000000000e+04 1.041982395022723176e+04
1.047500000000000000e+04 1.046982395022723176e+04
1.052500000000000000e+04 1.051982395022723176e+04
1.057500000000000000e+04 1.056982395022723176e+04
1.062500000000000000e+04 1.061982395022723176e+04
1.067500000000000000e+04 1.066982395022723176e+04
1.072500000000000000e+04 1.071982395022723176e+04
1.077500000000000000e+04 1.076982395022723176e+04
1.082500000000000000e+04 1.081982395022723176e+04
1.087500000000000000e+04 1.086982395022723176e+04
1.092500000000000000e+04 1.091982395022723176e+04
1.097500000000000000e+04 1.096982395022723176e+04
1.102500000000000000e+04 1.101982395022723176e+04
1.107500000000000000e+04 1.106982395022723176e+04
1.112500000000000000e+04 1.111982395022723176e+04
1.117500000000000000e+04 1.116982395022723176e+04
1.122500000000000000e+04 1.121982395022723176e+04
1.127500000000000000e+04 1.126982395022723176e+04
1.132500000000000000e+04 1.131982395022723176e+04
1.137500000000000000e+04 1.136982395022723176e+04
1.142500000000000000e+04 1.141982395022723176e+04
1.147500000000000000e+04 1.146982395022723176e+04
1.152500000000000000e+04 1.151982395022723176e+04
1.157500000000000000e+04 1.156982395022723176e+04
1.162500000000000000e+04 1.161982395022723176e+04
1.167500000000000000e+04 1.166982395022723176e+04
1.172500000000000000e+04 1.171982395022723176e+04
1.177500000000000000e+04 1.176982395022723176e+04
1.182500000000000000e+04 1.181982395022723176e+04
1.187500000000000000e+04 1.186982395022723176e+04
1.192500000000000000e+04 1.191982395022723176e+04
1.197500000000000000e+04 1.196982395022723176e+04
1.202500000000000000e+04 1.201982395022723176e+04
1.207500000000000000e+04 1.206982395022723176e+04
1.212500000000000000e+04 1.211982395022723176e+04
1.217500000000000000e+04 1.216982395022723176e+04
1.222500000000000000e+04 1.221982395022723176e+04
1.227500000000000000e+04 1.226982395022723176e+04
1.232500000000000000e+04 1.231982395022723176e+04
1.237500000000000000e+04 1.236982395022723176e+04
1.242500000000000000e+04 1.241982395022723176e+04
1.247500000000000000e+04 1.246982395022723176e+04
1.252500000000000000e+04 1.251982395022723176e+04
1.257500000000000000e+04 1.256982395022723176e+04
1.262500000000000000e+04 1.261982395022723176e+04
1.267500000000000000e+04 1.266982395022723176e+04
1.272500000000000000e+04 1.271982395022723176e+04
1.277500000000000000e+04 1.276982395022723176e+04
1.282500000000000000e+04 1.281982395022723176e+04
1.287500000000000000e+04 1.286982395022723176e+04
1.292500000000000000e+04 1.291982395022723176e+04
1.297500000000000000e+04 1.296982395022723176e+04
1.302500000000000000e+04 1.301982395022723176e+04
1.307500000000000000e+04 1.306982395022723176e+04
1.312500000000000000e+04 1.311982395022723176e+04
1.317500000000000000e+04 1.316982395022723176e+04
1.322500000000000000e+04 1.321982395022723176e+04
1.327500000000000000e+04 1.326982395022723176e+04
1.332500000000000000e+04 1.331982395022723176e+04
1.337500000000000000e+04 1.336982395022723176e+04
1.342500000000000000e+04 1.341982395022723176e+04
1.347500000000000000e+04 1.346982395022723176e+04
1.352500000000000000e+04 1.351982395022723176e+04
1.357500000000000000e+04 1.356982395022723176e+04
1.362500000000000000e+04 1.361982395022723176e+04
1.367500000000000000e+04 1.366982395022723176e+04
1.372500000000000000e+04 1.371982395022723176e+04
1.377500000000000000e+04 1.376982395022723176e+04
1.382500000000000000e+04 1.381982395022723176e+04
1.387500000000000000e+04 1.386982395022723176e+04
1.392500000000000000e+04 1.391982395022723176e+04
1.397500000000000000e+04 1.396982395022723176e+04
1.402500000000000000e+04 1.401982395022723176e+04
1.407500000000000000e+04 1.406982395022723176e+04
1.412500000000000000e+04 1.411982395022723176e+04
1.417500000000000000e+04 1.416982395022723176e+04
1.422500000000000000e+04 1.421982395022723176e+04
1.427500000000000000e+04 1.426982395022723176e+04
1.432500000000000000e+04 1.431982395022723176e+04
1.437500000000000000e+04 1.436982395022723176e+04
1.442500000000000000e+04 1.441982395022723176e+04
1.447500000000000000e+04 1.446982395022723176e+04
1.452500000000000000e+04 1.451982395022723176e+04
1.457500000000000000e+04 1.456982395022723176e+04
1.462500000000000000e+04 1.461982395022723176e+04
1.467500000000000000e+04 1.466982395022723176e+04
1.472500000000000000e+04 1.471982395022723176e+04
1.477500000000000000e+04 1.476982395022723176e+04
1.482500000000000000e+04 1.481982395022723176e+04
1.487500000000000000e+04 1.486982395022723176e+04
1.492500000000000000e+04 1.491982395022723176e+04
1.497500000000000000e+04 1.496982395022723176e+04
1.502500000000000000e+04 1.501982395022723176e+04
1.507500000000000000e+04 1.506982395022723176e+04
1.512500000000000000e+04 1.511982395022723176e+04
1.517500000000000000e+04 1.516982395022723176e+04
1.522500000000000000e+04 1.521982395022723176e+04
1.527500000000000000e+04 1.526982395022723176e+04
1.532500000000000000e+04 1.531982395022723176e+04
1.537500000000000000e+04 1.536982395022723176e+04
1.542500000000000000e+04 1.541982395022723176e+04
1.547500000000000000e+04 1.546982395022723176e+04
1.552500000000000000e+04 1.551982395022723176e+04
1.557500000000000000e+04 1.556982395022723176e+04
1.562500000000000000e+04 1.561982395022723176e+04
1.567500000000000000e+04 1.566982395022723176e+04
1.572500000000000000e+04 1.571982395022723176e+04
1.577500000000000000e+04 1.576982395022723176e+04
1.582500000000000000e+04 1.581982395022723176e+04
1.587500000000000000e+04 1.586982395022723176e+04
1.592500000000000000e+04 1.591982395022723176e+04
1.597500000000000000e+04 1.596982395022723176e+04
1.602500000000000000e+04 1.601982395022723176e+04
1.607500000000000000e+04 1.606982395022723176e+04
1.612500000000000000e+04 1.611982395022723176e+04
1.617500000000000000e+04 1.616982395022723176e+04
1.622500000000000000e+04 1.621982395022723176e+04
1.627500000000000000e+04 1.626982395022723176e+04
1.632500000000000000e+04 1.631982395022723176e+04
1.637500000000000000e+04 1.636982395022723176e+04
1.642500000000000000e+04 1.641982395022723722e+04
1.647500000000000000e+04 1.646982395022724086e+04
1.652500000000000000e+04 1.651982395022723358e+04
1.657500000000000000e+04 1.656982395022723358e+04
1.662500000000000000e+04 1.661982395022723358e+04
1.667500000000000000e+04 1.666982395022722631e+04
1.672500000000000000e+04 1.671982395022723358e+04
1.677500000000000000e+04 1.676982395022723358e+04
1.682500000000000000e+04 1.681982395022723358e+04
1.687500000000000000e+04 1.686982395022723358e+04
1.692500000000000000e+04 1.691982395022722631e+04
1.697500000000000000e+04 1.696982395022722631e+04
1.702500000000000000e+04 1.701982395022722631e+04
1.707500000000000000e+04 1.706982395022723358e+04
1.712500000000000000e+04 1.711982395022722631e+04
1.717500000000000000e+04 1.716982395022723358e+04
1.722500000000000000e+04 1.721982395022723358e+04
1.727500000000000000e+04 1.726982395022724086e+04
1.732500000000000000e+04 1.731982395022723358e+04
1.737500000000000000e+04 1.736982395022723358e+04
1.742500000000000000e+04 1.741982395022722631e+04
1.747500000000000000e+04 1.746982395022722631e+04
1.752500000000000000e+04 1.751982395022722631e+04
1.757500000000000000e+04 1.756982395022723358e+04
1.762500000000000000e+04 1.761982395022723358e+04
1.767500000000000000e+04 1.766982395022723358e+04
1.772500000000000000e+04 1.771982395022724086e+04
1.777500000000000000e+04 1.776982395022724086e+04
1.782500000000000000e+04 1.781982395022724086e+04
1.787500000000000000e+04 1.786982395022724086e+04
1.792500000000000000e+04 1.791982395022724086e+04
1.797500000000000000e+04 1.796982395022724086e+04
1.802500000000000000e+04 1.801982395022724086e+04
1.807500000000000000e+04 1.806982395022724086e+04
1.812500000000000000e+04 1.811982395022723358e+04
1.817500000000000000e+04 1.816982395022724086e+04
1.822500000000000000e+04 1.821982395022724086e+04
1.827500000000000000e+04 1.826982395022724086e+04
1.832500000000000000e+04 1.831982395022724086e+04
1.837500000000000000e+04 1.836982395022724086e+04
1.842500000000000000e+04 1.841982395022724086e+04
1.847500000000000000e+04 1.846982395022724086e+04
1.852500000000000000e+04 1.851982395022724086e+04
1.857500000000000000e+04 1.856982395022724086e+04
1.862500000000000000e+04 1.861982395022724086e+04
1.867500000000000000e+04 1.866982395022724086e+04
1.872500000000000000e+04 1.871982395022724086e+04
1.877500000000000000e+04 1.876982395022724086e+04
1.882500000000000000e+04 1.881982395022724086e+04
1.887500000000000000e+04 1.886982395022724086e+04
1.892500000000000000e+04 1.891982395022724086e+04
1.897500000000000000e+04 1.896982395022724086e+04
1.902500000000000000e+04 1.901982395022724086e+04
1.907500000000000000e+04 1.906982395022724086e+04
1.912500000000000000e+04 1.911982395022724086e+04
1.917500000000000000e+04 1.916982395022724086e+04
1.922500000000000000e+04 1.921982395022724086e+04
1.927500000000000000e+04 1.926982395022724086e+04
1.932500000000000000e+04 1.931982395022724086e+04
1.937500000000000000e+04 1.936982395022724086e+04
1.942500000000000000e+04 1.941982395022724086e+04
1.947500000000000000e+04 1.946982395022724086e+04
1.952500000000000000e+04 1.951982395022724086e+04
1.957500000000000000e+04 1.956982395022724086e+04
1.962500000000000000e+04 1.961982395022724086e+04
1.967500000000000000e+04 1.966982395022724086e+04
1.972500000000000000e+04 1.971982395022724086e+04
1.977500000000000000e+04 1.976982395022724086e+04
1.982500000000000000e+04 1.981982395022724086e+04
1.987500000000000000e+04 1.986982395022724086e+04
1.992500000000000000e+04 1.991982395022724086e+04
