2.025000000000000000e+03 1.950572507018540591e+03
2.075000000000000000e+03 2.000572507018540591e+03
2.125000000000000000e+03 2.050572507018540364e+03
2.175000000000000000e+03 2.100572507018542183e+03
2.225000000000000000e+03 2.150572507018541273e+03
2.275000000000000000e+03 2.200572507018542183e+03
2.325000000000000000e+03 2.250572507018543092e+03
2.375000000000000000e+03 2.300572507018543092e+03
2.425000000000000000e+03 2.350572507018542183e+03
2.475000000000000000e+03 2.400572507018542183e+03
2.525000000000000000e+03 2.450572507018543092e+03
2.575000000000000000e+03 2.500572507018542183e+03
2.625000000000000000e+03 2.550572507018543092e+03
2.675000000000000000e+03 2.600572507018543092e+03
2.725000000000000000e+03 2.650572507018544002e+03
2.775000000000000000e+03 2.700572507018543092e+03
2.825000000000000000e+03 2.750572507018543092e+03
2.875000000000000000e+03 2.800572507018543092e+03
2.925000000000000000e+03 2.850572507018543092e+03
2.975000000000000000e+03 2.900572507018543092e+03
3.025000000000000000e+03 2.950572507018544002e+03
3.075000000000000000e+03 3.000572507018543092e+03
3.125000000000000000e+03 3.050572507018543092e+03
3.175000000000000000e+03 3.100572507018543092e+03
3.225000000000000000e+03 3.150572507018542183e+03
3.275000000000000000e+03 3.200572507018541273e+03
3.325000000000000000e+03 3.250572507018541273e+03
3.375000000000000000e+03 3.300572507018541273e+03
3.425000000000000000e+03 3.350572507018541273e+03
3.475000000000000000e+03 3.400572507018542183e+03
3.525000000000000000e+03 3.450572507018542183e+03
3.575000000000000000e+03 3.500572507018542183e+03
3.625000000000000000e+03 3.550572507018542183e+03
3.675000000000000000e+03 3.600572507018542183e+03
3.725000000000000000e+03 3.650572507018542183e+03
3.775000000000000000e+03 3.700572507018542183e+03
3.825000000000000000e+03 3.750572507018543092e+03
3.875000000000000000e+03 3.800572507018543092e+03
3.925000000000000000e+03 3.850572507018543092e+03
3.975000000000000000e+03 3.900572507018543092e+03
4.025000000000000000e+03 3.950572507018542183e+03
4.075000000000000000e+03 4.000572507018543092e+03
4.125000000000000000e+03 4.050572507018543092e+03
4.175000000000000000e+03 4.100572507018542638e+03
4.225000000000000000e+03 4.150572507018539000e+03
4.275000000000000000e+03 4.200572507018539000e+03
4.325000000000000000e+03 4.250572507018539000e+03
4.375000000000000000e+03 4.300572507018537181e+03
4.425000000000000000e+03 4.350572507018538090e+03
4.475000000000000000e+03 4.400572507018541728e+03
4.525000000000000000e+03 4.450572507018541728e+03
4.575000000000000000e+03 4.500572507018541728e+03
4.625000000000000000e+03 4.550572507018539909e+03
4.675000000000000000e+03 4.600572507018541728e+03
4.725000000000000000e+03 4.650572507018541728e+03
4.775000000000000000e+03 4.700572507018543547e+03
4.825000000000000000e+03 4.750572507018545366e+03
4.875000000000000000e+03 4.800572507018543547e+03
4.925000000000000000e+03 4.850572507018543547e+03
4.975000000000000000e+03 4.900572507018543547e+03
5.025000000000000000e+03 4.950572507018543547e+03
5.075000000000000000e+03 5.000572507018545366e+03
5.125000000000000000e+03 5.050572507018547185e+03
5.175000000000000000e+03 5.100572507018547185e+03
5.225000000000000000e+03 5.150572507018547185e+03
5.275000000000000000e+03 5.200572507018549004e+03
5.325000000000000000e+03 5.250572507018549004e+03
5.375000000000000000e+03 5.300572507018549004e+03
5.425000000000000000e+03 5.350572507018550823e+03
5.475000000000000000e+03 5.400572507018549004e+03
5.525000000000000000e+03 5.450572507018549004e+03
5.575000000000000000e+03 5.500572507018549004e+03
5.625000000000000000e+03 5.550572507018549004e+03
5.675000000000000000e+03 5.600572507018549004e+03
5.725000000000000000e+03 5.650572507018549004e+03
5.775000000000000000e+03 5.700572507018549004e+03
5.825000000000000000e+03 5.750572507018547185e+03
5.875000000000000000e+03 5.800572507018547185e+03
5.925000000000000000e+03 5.850572507018547185e+03
5.975000000000000000e+03 5.900572507018547185e+03
6.025000000000000000e+03 5.950572507018549004e+03
6.075000000000000000e+03 6.000572507018550823e+03
6.125000000000000000e+03 6.050572507018549004e+03
6.175000000000000000e+03 6.100572507018549004e+03
6.225000000000000000e+03 6.150572507018549004e+03
6.275000000000000000e+03 6.200572507018549004e+03
6.325000000000000000e+03 6.250572507018549004e+03
6.375000000000000000e+03 6.300572507018549004e+03
6.425000000000000000e+03 6.350572507018549004e+03
6.475000000000000000e+03 6.400572507018549004e+03
6.525000000000000000e+03 6.450572507018549004e+03
6.575000000000000000e+03 6.500572507018549004e+03
6.625000000000000000e+03 6.550572507018549004e+03
6.675000000000000000e+03 6.600572507018549004e+03
6.725000000000000000e+03 6.650572507018549004e+03
6.775000000000000000e+03 6.700572507018549004e+03
6.825000000000000000e+03 6.750572507018549004e+03
6.875000000000000000e+03 6.800572507018549004e+03
6.925000000000000000e+03 6.850572507018549004e+03
6.975000000000000000e+03 6.900572507018549004e+03
7.025000000000000000e+03 6.950572507018549004e+03
7.075000000000000000e+03 7.000572507018549004e+03
7.125000000000000000e+03 7.050572507018549004e+03
7.175000000000000000e+03 7.100572507018549004e+03
7.225000000000000000e+03 7.150572507018549004e+03
7.275000000000000000e+03 7.200572507018549004e+03
7.325000000000000000e+03 7.250572507018549004e+03
7.375000000000000000e+03 7.300572507018549004e+03
7.425000000000000000e+03 7.350572507018549004e+03
7.475000000000000000e+03 7.400572507018549004e+03
7.525000000000000000e+03 7.450572507018549004e+03
7.575000000000000000e+03 7.500572507018549004e+03
7.625000000000000000e+03 7.550572507018549004e+03
7.675000000000000000e+03 7.600572507018549004e+03
7.725000000000000000e+03 7.650572507018549004e+03
7.775000000000000000e+03 7.700572507018549004e+03
7.825000000000000000e+03 7.750572507018549004e+03
7.875000000000000000e+03 7.800572507018549004e+03
7.925000000000000000e+03 7.850572507018549004e+03
7.975000000000000000e+03 7.900572507018549004e+03
8.025000000000000000e+03 7.950572507018549004e+03
8.075000000000000000e+03 8.000572507018549004e+03
8.125000000000000000e+03 8.050572507018549004e+03
8.175000000000000000e+03 8.100572507018549004e+03
8.225000000000000000e+03 8.150572507018549004e+03
8.275000000000000000e+03 8.200572507018549004e+03
8.325000000000000000e+03 8.250572507018550823e+03
8.375000000000000000e+03 8.300572507018549004e+03
8.425000000000000000e+03 8.350572507018549004e+03
8.475000000000000000e+03 8.400572507018556280e+03
8.525000000000000000e+03 8.450572507018552642e+03
8.575000000000000000e+03 8.500572507018549004e+03
8.625000000000000000e+03 8.550572507018549004e+03
8.675000000000000000e+03 8.600572507018545366e+03
8.725000000000000000e+03 8.650572507018549004e+03
8.775000000000000000e+03 8.700572507018549004e+03
8.825000000000000000e+03 8.750572507018541728e+03
8.875000000000000000e+03 8.800572507018538090e+03
8.925000000000000000e+03 8.850572507018538090e+03
8.975000000000000000e+03 8.900572507018538090e+03
9.025000000000000000e+03 8.950572507018541728e+03
9.075000000000000000e+03 9.000572507018541728e+03
9.125000000000000000e+03 9.050572507018541728e+03
9.175000000000000000e+03 9.100572507018538090e+03
9.225000000000000000e+03 9.150572507018538090e+03
9.275000000000000000e+03 9.200572507018541728e+03
9.325000000000000000e+03 9.250572507018545366e+03
9.375000000000000000e+03 9.300572507018541728e+03
9.425000000000000000e+03 9.350572507018545366e+03
9.475000000000000000e+03 9.400572507018541728e+03
9.525000000000000000e+03 9.450572507018538090e+03
9.575000000000000000e+03 9.500572507018538090e+03
9.625000000000000000e+03 9.550572507018541728e+03
9.675000000000000000e+03 9.600572507018541728e+03
9.725000000000000000e+03 9.650572507018545366e+03
9.775000000000000000e+03 9.700572507018545366e+03
9.825000000000000000e+03 9.750572507018541728e+03
9.875000000000000000e+03 9.800572507018538090e+03
9.925000000000000000e+03 9.850572507018538090e+03
9.975000000000000000e+03 9.900572507018538090e+03
1.002500000000000000e+04 9.950572507018538090e+03
1.007500000000000000e+04 1.000057250701853809e+04
1.012500000000000000e+04 1.005057250701853445e+04
1.017500000000000000e+04 1.010057250701853809e+04
1.022500000000000000e+04 1.015057250701853809e+04
1.027500000000000000e+04 1.020057250701853809e+04
1.032500000000000000e+04 1.025057250701853809e+04
1.037500000000000000e+04 1.030057250701853809e+04
1.042500000000000000e+04 1.035057250701853809e+04
1.047500000000000000e+04 1.040057250701853809e+04
1.052500000000000000e+04 1.045057250701853809e+04
1.057500000000000000e+04 1.050057250701853809e+04
1.062500000000000000e+04 1.055057250701853809e+04
1.067500000000000000e+04 1.060057250701853809e+04
1.072500000000000000e+04 1.065057250701853809e+04
1.077500000000000000e+04 1.070057250701853809e+04
1.082500000000000000e+04 1.075057250701853809e+04
1.087500000000000000e+04 1.080057250701853809e+04
1.092500000000000000e+04 1.085057250701853809e+04
1.097500000000000000e+04 1.090057250701853809e+04
1.102500000000000000e+04 1.095057250701853809e+04
1.107500000000000000e+04 1.100057250701853809e+04
1.112500000000000000e+04 1.105057250701853809e+04
1.117500000000000000e+04 1.110057250701853809e+04
1.122500000000000000e+04 1.115057250701853809e+04
1.127500000000000000e+04 1.120057250701853809e+04
1.132500000000000000e+04 1.125057250701853809e+04
1.137500000000000000e+04 1.130057250701853809e+04
1.142500000000000000e+04 1.135057250701853809e+04
1.147500000000000000e+04 1.140057250701853809e+04
1.152500000000000000e+04 1.145057250701853809e+04
1.157500000000000000e+04 1.150057250701853809e+04
1.162500000000000000e+04 1.155057250701853809e+04
1.167500000000000000e+04 1.160057250701853809e+04
1.172500000000000000e+04 1.165057250701853809e+04
1.177500000000000000e+04 1.170057250701853809e+04
1.182500000000000000e+04 1.175057250701853809e+04
1.187500000000000000e+04 1.180057250701853809e+04
1.192500000000000000e+04 1.185057250701853809e+04
1.197500000000000000e+04 1.190057250701853809e+04
1.202500000000000000e+04 1.195057250701853809e+04
1.207500000000000000e+04 1.200057250701853809e+04
1.212500000000000000e+04 1.205057250701853809e+04
1.217500000000000000e+04 1.210057250701853809e+04
1.222500000000000000e+04 1.215057250701853809e+04
1.227500000000000000e+04 1.220057250701853809e+04
1.232500000000000000e+04 1.225057250701853809e+04
1.237500000000000000e+04 1.230057250701853809e+04
1.242500000000000000e+04 1.235057250701853809e+04
1.247500000000000000e+04 1.240057250701853809e+04
1.252500000000000000e+04 1.245057250701853809e+04
1.257500000000000000e+04 1.250057250701853809e+04
1.262500000000000000e+04 1.255057250701853809e+04
1.267500000000000000e+04 1.260057250701853809e+04
1.272500000000000000e+04 1.265057250701853809e+04
1.277500000000000000e+04 1.270057250701853809e+04
1.282500000000000000e+04 1.275057250701853809e+04
1.287500000000000000e+04 1.280057250701853809e+04
1.292500000000000000e+04 1.285057250701853809e+04
1.297500000000000000e+04 1.290057250701853809e+04
1.302500000000000000e+04 1.295057250701853809e+04
1.307500000000000000e+04 1.300057250701853809e+04
1.312500000000000000e+04 1.305057250701853809e+04
1.317500000000000000e+04 1.310057250701853809e+04
1.322500000000000000e+04 1.315057250701853809e+04
1.327500000000000000e+04 1.320057250701853809e+04
1.332500000000000000e+04 1.325057250701853809e+04
1.337500000000000000e+04 1.330057250701853809e+04
1.342500000000000000e+04 1.335057250701853809e+04
1.347500000000000000e+04 1.340057250701853809e+04
1.352500000000000000e+04 1.345057250701853809e+04
1.357500000000000000e+04 1.350057250701853809e+04
1.362500000000000000e+04 1.355057250701853809e+04
1.367500000000000000e+04 1.360057250701853809e+04
1.372500000000000000e+04 1.365057250701853809e+04
1.377500000000000000e+04 1.370057250701853809e+04
1.382500000000000000e+04 1.375057250701853809e+04
1.387500000000000000e+04 1.380057250701853809e+04
1.392500000000000000e+04 1.385057250701853809e+04
1.397500000000000000e+04 1.390057250701853809e+04
1.402500000000000000e+04 1.395057250701853809e+04
1.407500000000000000e+04 1.400057250701853809e+04
1.412500000000000000e+04 1.405057250701853809e+04
1.417500000000000000e+04 1.410057250701853809e+04
1.422500000000000000e+04 1.415057250701853809e+04
1.427500000000000000e+04 1.420057250701853809e+04
1.432500000000000000e+04 1.425057250701853809e+04
1.437500000000000000e+04 1.430057250701853809e+04
1.442500000000000000e+04 1.435057250701853809e+04
1.447500000000000000e+04 1.440057250701853809e+04
1.452500000000000000e+04 1.445057250701853809e+04
1.457500000000000000e+04 1.450057250701853809e+04
1.462500000000000000e+04 1.455057250701853809e+04
1.467500000000000000e+04 1.460057250701853809e+04
1.472500000000000000e+04 1.465057250701853809e+04
1.477500000000000000e+04 1.470057250701853809e+04
1.482500000000000000e+04 1.475057250701853809e+04
1.487500000000000000e+04 1.480057250701853809e+04
1.492500000000000000e+04 1.485057250701853809e+04
1.497500000000000000e+04 1.490057250701853809e+04
1.502500000000000000e+04 1.495057250701853809e+04
1.507500000000000000e+04 1.500057250701853809e+04
1.512500000000000000e+04 1.505057250701853809e+04
1.517500000000000000e+04 1.510057250701853809e+04
1.522500000000000000e+04 1.515057250701853809e+04
1.527500000000000000e+04 1.520057250701853809e+04
1.532500000000000000e+04 1.525057250701853809e+04
1.537500000000000000e+04 1.530057250701853809e+04
1.542500000000000000e+04 1.535057250701853809e+04
1.547500000000000000e+04 1.540057250701853809e+04
1.552500000000000000e+04 1.545057250701853809e+04
1.557500000000000000e+04 1.550057250701853809e+04
1.562500000000000000e+04 1.555057250701853809e+04
1.567500000000000000e+04 1.560057250701853809e+04
1.572500000000000000e+04 1.565057250701853809e+04
1.577500000000000000e+04 1.570057250701853809e+04
1.582500000000000000e+04 1.575057250701853809e+04
1.587500000000000000e+04 1.580057250701853809e+04
1.592500000000000000e+04 1.585057250701853809e+04
1.597500000000000000e+04 1.590057250701853809e+04
1.602500000000000000e+04 1.595057250701853809e+04
1.607500000000000000e+04 1.600057250701853809e+04
1.612500000000000000e+04 1.605057250701853809e+04
1.617500000000000000e+04 1.610057250701853809e+04
1.622500000000000000e+04 1.615057250701853809e+04
1.627500000000000000e+04 1.620057250701853809e+04
1.632500000000000000e+04 1.625057250701853809e+04
1.637500000000000000e+04 1.630057250701853809e+04
1.642500000000000000e+04 1.635057250701853809e+04
1.647500000000000000e+04 1.640057250701853991e+04
1.652500000000000000e+04 1.645057250701853991e+04
1.657500000000000000e+04 1.650057250701853991e+04
1.662500000000000000e+04 1.655057250701853991e+04
1.667500000000000000e+04 1.660057250701853627e+04
1.672500000000000000e+04 1.665057250701853627e+04
1.677500000000000000e+04 1.670057250701853627e+04
1.682500000000000000e+04 1.675057250701854355e+04
1.687500000000000000e+04 1.680057250701855082e+04
1.692500000000000000e+04 1.685057250701855082e+04
1.697500000000000000e+04 1.690057250701855082e+04
1.702500000000000000e+04 1.695057250701855082e+04
1.707500000000000000e+04 1.700057250701855810e+04
1.712500000000000000e+04 1.705057250701855810e+04
1.717500000000000000e+04 1.710057250701855810e+04
1.722500000000000000e+04 1.715057250701855810e+04
1.727500000000000000e+04 1.720057250701855082e+04
1.732500000000000000e+04 1.725057250701855082e+04
1.737500000000000000e+04 1.730057250701855810e+04
1.742500000000000000e+04 1.735057250701855082e+04
1.747500000000000000e+04 1.740057250701855810e+04
1.752500000000000000e+04 1.745057250701855082e+04
1.757500000000000000e+04 1.750057250701855082e+04
1.762500000000000000e+04 1.755057250701855082e+04
1.767500000000000000e+04 1.760057250701855810e+04
1.772500000000000000e+04 1.765057250701855082e+04
1.777500000000000000e+04 1.770057250701855810e+04
1.782500000000000000e+04 1.775057250701855082e+04
1.787500000000000000e+04 1.780057250701855082e+04
1.792500000000000000e+04 1.785057250701854355e+04
1.797500000000000000e+04 1.790057250701854355e+04
1.802500000000000000e+04 1.795057250701855082e+04
1.807500000000000000e+04 1.800057250701855082e+04
1.812500000000000000e+04 1.805057250701855082e+04
1.817500000000000000e+04 1.810057250701855082e+04
1.822500000000000000e+04 1.815057250701854355e+04
1.827500000000000000e+04 1.820057250701854355e+04
1.832500000000000000e+04 1.825057250701854355e+04
1.837500000000000000e+04 1.830057250701854355e+04
1.842500000000000000e+04 1.835057250701854355e+04
1.847500000000000000e+04 1.840057250701854355e+04
1.852500000000000000e+04 1.845057250701854355e+04
1.857500000000000000e+04 1.850057250701854355e+04
1.862500000000000000e+04 1.855057250701854355e+04
1.867500000000000000e+04 1.860057250701854355e+04
1.872500000000000000e+04 1.865057250701854355e+04
1.877500000000000000e+04 1.870057250701854355e+04
1.882500000000000000e+04 1.875057250701854355e+04
1.887500000000000000e+04 1.880057250701854355e+04
1.892500000000000000e+04 1.885057250701854355e+04
1.897500000000000000e+04 1.890057250701854355e+04
1.902500000000000000e+04 1.895057250701854355e+04
1.907500000000000000e+04 1.900057250701854355e+04
1.912500000000000000e+04 1.905057250701854355e+04
1.917500000000000000e+04 1.910057250701854355e+04
1.922500000000000000e+04 1.915057250701854355e+04
1.927500000000000000e+04 1.920057250701854355e+04
1.932500000000000000e+04 1.925057250701854355e+04
1.937500000000000000e+04 1.930057250701854355e+04
1.942500000000000000e+04 1.935057250701854355e+04
1.947500000000000000e+04 1.940057250701854355e+04
1.952500000000000000e+04 1.945057250701854355e+04
1.957500000000000000e+04 1.950057250701854355e+04
1.962500000000000000e+04 1.955057250701854355e+04
1.967500000000000000e+04 1.960057250701854355e+04
1.972500000000000000e+04 1.965057250701854355e+04
1.977500000000000000e+04 1.970057250701854355e+04
1.982500000000000000e+04 1.975057250701854355e+04
1.987500000000000000e+04 1.980057250701854355e+04
1.992500000000000000e+04 1.985057250701854355e+04
