1.425000000000000000e+03 1.420974183510069224e+03
1.475000000000000000e+03 1.470974183510069224e+03
1.525000000000000000e+03 1.520974183510069224e+03
1.575000000000000000e+03 1.570974183510069679e+03
1.625000000000000000e+03 1.620974183510069679e+03
1.675000000000000000e+03 1.670974183510069679e+03
1.725000000000000000e+03 1.720974183510069679e+03
1.775000000000000000e+03 1.770974183510069224e+03
1.825000000000000000e+03 1.820974183510069224e+03
1.875000000000000000e+03 1.870974183510069224e+03
1.925000000000000000e+03 1.920974183510069224e+03
1.975000000000000000e+03 1.970974183510069224e+03
2.025000000000000000e+03 2.020974183510069224e+03
2.075000000000000000e+03 2.070974183510068997e+03
2.125000000000000000e+03 2.120974183510068087e+03
2.175000000000000000e+03 2.170974183510066268e+03
2.225000000000000000e+03 2.220974183510067178e+03
2.275000000000000000e+03 2.270974183510066268e+03
2.325000000000000000e+03 2.320974183510066268e+03
2.375000000000000000e+03 2.370974183510068087e+03
2.425000000000000000e+03 2.420974183510068997e+03
2.475000000000000000e+03 2.470974183510068087e+03
2.525000000000000000e+03 2.520974183510068997e+03
2.575000000000000000e+03 2.570974183510068087e+03
2.625000000000000000e+03 2.620974183510068087e+03
2.675000000000000000e+03 2.670974183510068087e+03
2.725000000000000000e+03 2.720974183510068997e+03
2.775000000000000000e+03 2.770974183510068997e+03
2.825000000000000000e+03 2.820974183510068997e+03
2.875000000000000000e+03 2.870974183510068997e+03
2.925000000000000000e+03 2.920974183510068997e+03
2.975000000000000000e+03 2.970974183510068997e+03
3.025000000000000000e+03 3.020974183510068997e+03
3.075000000000000000e+03 3.070974183510068997e+03
3.125000000000000000e+03 3.120974183510069906e+03
3.175000000000000000e+03 3.170974183510070816e+03
3.225000000000000000e+03 3.220974183510070816e+03
3.275000000000000000e+03 3.270974183510071725e+03
3.325000000000000000e+03 3.320974183510071725e+03
3.375000000000000000e+03 3.370974183510070816e+03
3.425000000000000000e+03 3.420974183510070816e+03
3.475000000000000000e+03 3.470974183510071725e+03
3.525000000000000000e+03 3.520974183510071725e+03
3.575000000000000000e+03 3.570974183510071725e+03
3.625000000000000000e+03 3.620974183510071725e+03
3.675000000000000000e+03 3.670974183510071725e+03
3.725000000000000000e+03 3.720974183510071725e+03
3.775000000000000000e+03 3.770974183510071725e+03
3.825000000000000000e+03 3.820974183510071725e+03
3.875000000000000000e+03 3.870974183510071725e+03
3.925000000000000000e+03 3.920974183510071725e+03
3.975000000000000000e+03 3.970974183510071725e+03
4.025000000000000000e+03 4.020974183510071725e+03
4.075000000000000000e+03 4.070974183510071725e+03
4.125000000000000000e+03 4.120974183510069452e+03
4.175000000000000000e+03 4.170974183510069452e+03
4.225000000000000000e+03 4.220974183510070361e+03
4.275000000000000000e+03 4.270974183510068542e+03
4.325000000000000000e+03 4.320974183510068542e+03
4.375000000000000000e+03 4.370974183510072180e+03
4.425000000000000000e+03 4.420974183510072180e+03
4.475000000000000000e+03 4.470974183510068542e+03
4.525000000000000000e+03 4.520974183510068542e+03
4.575000000000000000e+03 4.570974183510066723e+03
4.625000000000000000e+03 4.620974183510066723e+03
4.675000000000000000e+03 4.670974183510066723e+03
4.725000000000000000e+03 4.720974183510068542e+03
4.775000000000000000e+03 4.770974183510068542e+03
4.825000000000000000e+03 4.820974183510066723e+03
4.875000000000000000e+03 4.870974183510066723e+03
4.925000000000000000e+03 4.920974183510064904e+03
4.975000000000000000e+03 4.970974183510066723e+03
5.025000000000000000e+03 5.020974183510068542e+03
5.075000000000000000e+03 5.070974183510066723e+03
5.125000000000000000e+03 5.120974183510068542e+03
5.175000000000000000e+03 5.170974183510068542e+03
5.225000000000000000e+03 5.220974183510068542e+03
5.275000000000000000e+03 5.270974183510068542e+03
5.325000000000000000e+03 5.320974183510068542e+03
5.375000000000000000e+03 5.370974183510066723e+03
5.425000000000000000e+03 5.420974183510066723e+03
5.475000000000000000e+03 5.470974183510063085e+03
5.525000000000000000e+03 5.520974183510063085e+03
5.575000000000000000e+03 5.570974183510063085e+03
5.625000000000000000e+03 5.620974183510063085e+03
5.675000000000000000e+03 5.670974183510063085e+03
5.725000000000000000e+03 5.720974183510063085e+03
5.775000000000000000e+03 5.770974183510063085e+03
5.825000000000000000e+03 5.820974183510063085e+03
5.875000000000000000e+03 5.870974183510063085e+03
5.925000000000000000e+03 5.920974183510063085e+03
5.975000000000000000e+03 5.970974183510063085e+03
6.025000000000000000e+03 6.020974183510063085e+03
6.075000000000000000e+03 6.070974183510063085e+03
6.125000000000000000e+03 6.120974183510063085e+03
6.175000000000000000e+03 6.170974183510063085e+03
6.225000000000000000e+03 6.220974183510063085e+03
6.275000000000000000e+03 6.270974183510063085e+03
6.325000000000000000e+03 6.320974183510063085e+03
6.375000000000000000e+03 6.370974183510063085e+03
6.425000000000000000e+03 6.420974183510063085e+03
6.475000000000000000e+03 6.470974183510063085e+03
6.525000000000000000e+03 6.520974183510063085e+03
6.575000000000000000e+03 6.570974183510063085e+03
6.625000000000000000e+03 6.620974183510063085e+03
6.675000000000000000e+03 6.670974183510063085e+03
6.725000000000000000e+03 6.720974183510063085e+03
6.775000000000000000e+03 6.770974183510063085e+03
6.825000000000000000e+03 6.820974183510063085e+03
6.875000000000000000e+03 6.870974183510063085e+03
6.925000000000000000e+03 6.920974183510063085e+03
6.975000000000000000e+03 6.970974183510063085e+03
7.025000000000000000e+03 7.020974183510063085e+03
7.075000000000000000e+03 7.070974183510063085e+03
7.125000000000000000e+03 7.120974183510063085e+03
7.175000000000000000e+03 7.170974183510063085e+03
7.225000000000000000e+03 7.220974183510063085e+03
7.275000000000000000e+03 7.270974183510063085e+03
7.325000000000000000e+03 7.320974183510063085e+03
7.375000000000000000e+03 7.370974183510063085e+03
7.425000000000000000e+03 7.420974183510063085e+03
7.475000000000000000e+03 7.470974183510063085e+03
7.525000000000000000e+03 7.520974183510063085e+03
7.575000000000000000e+03 7.570974183510063085e+03
7.625000000000000000e+03 7.620974183510063085e+03
7.675000000000000000e+03 7.670974183510063085e+03
7.725000000000000000e+03 7.720974183510063085e+03
7.775000000000000000e+03 7.770974183510063085e+03
7.825000000000000000e+03 7.820974183510063085e+03
7.875000000000000000e+03 7.870974183510063085e+03
7.925000000000000000e+03 7.920974183510063085e+03
7.975000000000000000e+03 7.970974183510063085e+03
8.025000000000000000e+03 8.020974183510063085e+03
8.075000000000000000e+03 8.070974183510063085e+03
8.125000000000000000e+03 8.120974183510063085e+03
8.175000000000000000e+03 8.170974183510063085e+03
8.225000000000000000e+03 8.220974183510066723e+03
8.275000000000000000e+03 8.270974183510064904e+03
8.325000000000000000e+03 8.320974183510066723e+03
8.375000000000000000e+03 8.370974183510072180e+03
8.425000000000000000e+03 8.420974183510072180e+03
8.475000000000000000e+03 8.470974183510068542e+03
8.525000000000000000e+03 8.520974183510063085e+03
8.575000000000000000e+03 8.570974183510063085e+03
8.625000000000000000e+03 8.620974183510066723e+03
8.675000000000000000e+03 8.670974183510068542e+03
8.725000000000000000e+03 8.720974183510070361e+03
8.775000000000000000e+03 8.770974183510072180e+03
8.825000000000000000e+03 8.820974183510070361e+03
8.875000000000000000e+03 8.870974183510066723e+03
8.925000000000000000e+03 8.920974183510070361e+03
8.975000000000000000e+03 8.970974183510070361e+03
9.025000000000000000e+03 9.020974183510070361e+03
9.075000000000000000e+03 9.070974183510066723e+03
9.125000000000000000e+03 9.120974183510063085e+03
9.175000000000000000e+03 9.170974183510070361e+03
9.225000000000000000e+03 9.220974183510066723e+03
9.275000000000000000e+03 9.270974183510066723e+03
9.325000000000000000e+03 9.320974183510063085e+03
9.375000000000000000e+03 9.370974183510063085e+03
9.425000000000000000e+03 9.420974183510066723e+03
9.475000000000000000e+03 9.470974183510066723e+03
9.525000000000000000e+03 9.520974183510066723e+03
9.575000000000000000e+03 9.570974183510070361e+03
9.625000000000000000e+03 9.620974183510070361e+03
9.675000000000000000e+03 9.670974183510070361e+03
9.725000000000000000e+03 9.720974183510070361e+03
9.775000000000000000e+03 9.770974183510070361e+03
9.825000000000000000e+03 9.820974183510070361e+03
9.875000000000000000e+03 9.870974183510070361e+03
9.925000000000000000e+03 9.920974183510070361e+03
9.975000000000000000e+03 9.970974183510070361e+03
1.002500000000000000e+04 1.002097418351007036e+04
1.007500000000000000e+04 1.007097418351007036e+04
1.012500000000000000e+04 1.012097418351007036e+04
1.017500000000000000e+04 1.017097418351007036e+04
1.022500000000000000e+04 1.022097418351007036e+04
1.027500000000000000e+04 1.027097418351007036e+04
1.032500000000000000e+04 1.032097418351007036e+04
1.037500000000000000e+04 1.037097418351007036e+04
1.042500000000000000e+04 1.042097418351007036e+04
1.047500000000000000e+04 1.047097418351007036e+04
1.052500000000000000e+04 1.052097418351007036e+04
1.057500000000000000e+04 1.057097418351007036e+04
1.062500000000000000e+04 1.062097418351007036e+04
1.067500000000000000e+04 1.067097418351007036e+04
1.072500000000000000e+04 1.072097418351007036e+04
1.077500000000000000e+04 1.077097418351007036e+04
1.082500000000000000e+04 1.082097418351007036e+04
1.087500000000000000e+04 1.087097418351007036e+04
1.092500000000000000e+04 1.092097418351007036e+04
1.097500000000000000e+04 1.097097418351007036e+04
1.102500000000000000e+04 1.102097418351007036e+04
1.107500000000000000e+04 1.107097418351007036e+04
1.112500000000000000e+04 1.112097418351007036e+04
1.117500000000000000e+04 1.117097418351007036e+04
1.122500000000000000e+04 1.122097418351007036e+04
1.127500000000000000e+04 1.127097418351007036e+04
1.132500000000000000e+04 1.132097418351007036e+04
1.137500000000000000e+04 1.137097418351007036e+04
1.142500000000000000e+04 1.142097418351007036e+04
1.147500000000000000e+04 1.147097418351007036e+04
1.152500000000000000e+04 1.152097418351007036e+04
1.157500000000000000e+04 1.157097418351007036e+04
1.162500000000000000e+04 1.162097418351007036e+04
1.167500000000000000e+04 1.167097418351007036e+04
1.172500000000000000e+04 1.172097418351007036e+04
1.177500000000000000e+04 1.177097418351007036e+04
1.182500000000000000e+04 1.182097418351007036e+04
1.187500000000000000e+04 1.187097418351007036e+04
1.192500000000000000e+04 1.192097418351007036e+04
1.197500000000000000e+04 1.197097418351007036e+04
1.202500000000000000e+04 1.202097418351007036e+04
1.207500000000000000e+04 1.207097418351007036e+04
1.212500000000000000e+04 1.212097418351007036e+04
1.217500000000000000e+04 1.217097418351007036e+04
1.222500000000000000e+04 1.222097418351007036e+04
1.227500000000000000e+04 1.227097418351007036e+04
1.232500000000000000e+04 1.232097418351007036e+04
1.237500000000000000e+04 1.237097418351007036e+04
1.242500000000000000e+04 1.242097418351007036e+04
1.247500000000000000e+04 1.247097418351007036e+04
1.252500000000000000e+04 1.252097418351007036e+04
1.257500000000000000e+04 1.257097418351007036e+04
1.262500000000000000e+04 1.262097418351007036e+04
1.267500000000000000e+04 1.267097418351007036e+04
1.272500000000000000e+04 1.272097418351007036e+04
1.277500000000000000e+04 1.277097418351007036e+04
1.282500000000000000e+04 1.282097418351007036e+04
1.287500000000000000e+04 1.287097418351007036e+04
1.292500000000000000e+04 1.292097418351007036e+04
1.297500000000000000e+04 1.297097418351007036e+04
1.302500000000000000e+04 1.302097418351007036e+04
1.307500000000000000e+04 1.307097418351007036e+04
1.312500000000000000e+04 1.312097418351007036e+04
1.317500000000000000e+04 1.317097418351007036e+04
1.322500000000000000e+04 1.322097418351007036e+04
1.327500000000000000e+04 1.327097418351007036e+04
1.332500000000000000e+04 1.332097418351007036e+04
1.337500000000000000e+04 1.337097418351007036e+04
1.342500000000000000e+04 1.342097418351007036e+04
1.347500000000000000e+04 1.347097418351007036e+04
1.352500000000000000e+04 1.352097418351007036e+04
1.357500000000000000e+04 1.357097418351007036e+04
1.362500000000000000e+04 1.362097418351007036e+04
1.367500000000000000e+04 1.367097418351007036e+04
1.372500000000000000e+04 1.372097418351007036e+04
1.377500000000000000e+04 1.377097418351007036e+04
1.382500000000000000e+04 1.382097418351007036e+04
1.387500000000000000e+04 1.387097418351007036e+04
1.392500000000000000e+04 1.392097418351007036e+04
1.397500000000000000e+04 1.397097418351007036e+04
1.402500000000000000e+04 1.402097418351007036e+04
1.407500000000000000e+04 1.407097418351007036e+04
1.412500000000000000e+04 1.412097418351007036e+04
1.417500000000000000e+04 1.417097418351007036e+04
1.422500000000000000e+04 1.422097418351007036e+04
1.427500000000000000e+04 1.427097418351007036e+04
1.432500000000000000e+04 1.432097418351007036e+04
1.437500000000000000e+04 1.437097418351007036e+04
1.442500000000000000e+04 1.442097418351007036e+04
1.447500000000000000e+04 1.447097418351007036e+04
1.452500000000000000e+04 1.452097418351007036e+04
1.457500000000000000e+04 1.457097418351007036e+04
1.462500000000000000e+04 1.462097418351007036e+04
1.467500000000000000e+04 1.467097418351007036e+04
1.472500000000000000e+04 1.472097418351007036e+04
1.477500000000000000e+04 1.477097418351007036e+04
1.482500000000000000e+04 1.482097418351007036e+04
1.487500000000000000e+04 1.487097418351007036e+04
1.492500000000000000e+04 1.492097418351007036e+04
1.497500000000000000e+04 1.497097418351007036e+04
1.502500000000000000e+04 1.502097418351007036e+04
1.507500000000000000e+04 1.507097418351007036e+04
1.512500000000000000e+04 1.512097418351007036e+04
1.517500000000000000e+04 1.517097418351007036e+04
1.522500000000000000e+04 1.522097418351007036e+04
1.527500000000000000e+04 1.527097418351007036e+04
1.532500000000000000e+04 1.532097418351007036e+04
1.537500000000000000e+04 1.537097418351007036e+04
1.542500000000000000e+04 1.542097418351007036e+04
1.547500000000000000e+04 1.547097418351007036e+04
1.552500000000000000e+04 1.552097418351007036e+04
1.557500000000000000e+04 1.557097418351007036e+04
1.562500000000000000e+04 1.562097418351007036e+04
1.567500000000000000e+04 1.567097418351007036e+04
1.572500000000000000e+04 1.572097418351007036e+04
1.577500000000000000e+04 1.577097418351007036e+04
1.582500000000000000e+04 1.582097418351007036e+04
1.587500000000000000e+04 1.587097418351007036e+04
1.592500000000000000e+04 1.592097418351007036e+04
1.597500000000000000e+04 1.597097418351007036e+04
1.602500000000000000e+04 1.602097418351007036e+04
1.607500000000000000e+04 1.607097418351007036e+04
1.612500000000000000e+04 1.612097418351007036e+04
1.617500000000000000e+04 1.617097418351007036e+04
1.622500000000000000e+04 1.622097418351007036e+04
1.627500000000000000e+04 1.627097418351007036e+04
1.632500000000000000e+04 1.632097418351007036e+04
1.637500000000000000e+04 1.637097418351007036e+04
1.642500000000000000e+04 1.642097418351006854e+04
1.647500000000000000e+04 1.647097418351006490e+04
1.652500000000000000e+04 1.652097418351006490e+04
1.657500000000000000e+04 1.657097418351005763e+04
1.662500000000000000e+04 1.662097418351006490e+04
1.667500000000000000e+04 1.667097418351007218e+04
1.672500000000000000e+04 1.672097418351007218e+04
1.677500000000000000e+04 1.677097418351006490e+04
1.682500000000000000e+04 1.682097418351006490e+04
1.687500000000000000e+04 1.687097418351007218e+04
1.692500000000000000e+04 1.692097418351007218e+04
1.697500000000000000e+04 1.697097418351006490e+04
1.702500000000000000e+04 1.702097418351006490e+04
1.707500000000000000e+04 1.707097418351006490e+04
1.712500000000000000e+04 1.712097418351007218e+04
1.717500000000000000e+04 1.717097418351007218e+04
1.722500000000000000e+04 1.722097418351007218e+04
1.727500000000000000e+04 1.727097418351007946e+04
1.732500000000000000e+04 1.732097418351007946e+04
1.737500000000000000e+04 1.737097418351007946e+04
1.742500000000000000e+04 1.742097418351007218e+04
1.747500000000000000e+04 1.747097418351007218e+04
1.752500000000000000e+04 1.752097418351007218e+04
1.757500000000000000e+04 1.757097418351007218e+04
1.762500000000000000e+04 1.762097418351007218e+04
1.767500000000000000e+04 1.767097418351007218e+04
1.772500000000000000e+04 1.772097418351007218e+04
1.777500000000000000e+04 1.777097418351007218e+04
1.782500000000000000e+04 1.782097418351007218e+04
1.787500000000000000e+04 1.787097418351007218e+04
1.792500000000000000e+04 1.792097418351007218e+04
1.797500000000000000e+04 1.797097418351007218e+04
1.802500000000000000e+04 1.802097418351007218e+04
1.807500000000000000e+04 1.807097418351007218e+04
1.812500000000000000e+04 1.812097418351007218e+04
1.817500000000000000e+04 1.817097418351007218e+04
1.822500000000000000e+04 1.822097418351007218e+04
1.827500000000000000e+04 1.827097418351007218e+04
1.832500000000000000e+04 1.832097418351007218e+04
1.837500000000000000e+04 1.837097418351007218e+04
1.842500000000000000e+04 1.842097418351007218e+04
1.847500000000000000e+04 1.847097418351007218e+04
1.852500000000000000e+04 1.852097418351007218e+04
1.857500000000000000e+04 1.857097418351007218e+04
1.862500000000000000e+04 1.862097418351007218e+04
1.867500000000000000e+04 1.867097418351007218e+04
1.872500000000000000e+04 1.872097418351007218e+04
1.877500000000000000e+04 1.877097418351007218e+04
1.882500000000000000e+04 1.882097418351007218e+04
1.887500000000000000e+04 1.887097418351007218e+04
1.892500000000000000e+04 1.892097418351007218e+04
1.897500000000000000e+04 1.897097418351007218e+04
1.902500000000000000e+04 1.902097418351007218e+04
1.907500000000000000e+04 1.907097418351007218e+04
1.912500000000000000e+04 1.912097418351007218e+04
1.917500000000000000e+04 1.917097418351007218e+04
1.922500000000000000e+04 1.922097418351007218e+04
1.927500000000000000e+04 1.927097418351007218e+04
1.932500000000000000e+04 1.932097418351007218e+04
1.937500000000000000e+04 1.937097418351007218e+04
1.942500000000000000e+04 1.942097418351007218e+04
1.947500000000000000e+04 1.947097418351007218e+04
1.952500000000000000e+04 1.952097418351007218e+04
1.957500000000000000e+04 1.957097418351007218e+04
1.962500000000000000e+04 1.962097418351007218e+04
1.967500000000000000e+04 1.967097418351007218e+04
1.972500000000000000e+04 1.972097418351007218e+04
1.977500000000000000e+04 1.977097418351007218e+04
1.982500000000000000e+04 1.982097418351007218e+04
1.987500000000000000e+04 1.987097418351007218e+04
1.992500000000000000e+04 1.992097418351007218e+04
