6.250000000000000000e+02 6.146836753958187956e+02
6.750000000000000000e+02 6.646836753958194777e+02
7.250000000000000000e+02 7.146836753958192503e+02
7.750000000000000000e+02 7.646836753958190229e+02
8.250000000000000000e+02 8.146836753958192503e+02
8.750000000000000000e+02 8.646836753958192503e+02
9.250000000000000000e+02 9.146836753958190229e+02
9.750000000000000000e+02 9.646836753958192503e+02
1.025000000000000000e+03 1.014683675395819250e+03
1.075000000000000000e+03 1.064683675395819591e+03
1.125000000000000000e+03 1.114683675395818682e+03
1.175000000000000000e+03 1.164683675395817772e+03
1.225000000000000000e+03 1.214683675395817318e+03
1.275000000000000000e+03 1.264683675395818682e+03
1.325000000000000000e+03 1.314683675395818227e+03
1.375000000000000000e+03 1.364683675395818682e+03
1.425000000000000000e+03 1.414683675395818682e+03
1.475000000000000000e+03 1.464683675395818227e+03
1.525000000000000000e+03 1.514683675395818227e+03
1.575000000000000000e+03 1.564683675395819137e+03
1.625000000000000000e+03 1.614683675395819591e+03
1.675000000000000000e+03 1.664683675395819591e+03
1.725000000000000000e+03 1.714683675395819591e+03
1.775000000000000000e+03 1.764683675395819591e+03
1.825000000000000000e+03 1.814683675395819591e+03
1.875000000000000000e+03 1.864683675395819591e+03
1.925000000000000000e+03 1.914683675395819591e+03
1.975000000000000000e+03 1.964683675395819591e+03
2.025000000000000000e+03 2.014683675395819591e+03
2.075000000000000000e+03 2.064683675395819137e+03
2.125000000000000000e+03 2.114683675395820501e+03
2.175000000000000000e+03 2.164683675395819137e+03
2.225000000000000000e+03 2.214683675395820956e+03
2.275000000000000000e+03 2.264683675395821865e+03
2.325000000000000000e+03 2.314683675395822775e+03
2.375000000000000000e+03 2.364683675395821865e+03
2.425000000000000000e+03 2.414683675395820956e+03
2.475000000000000000e+03 2.464683675395820956e+03
2.525000000000000000e+03 2.514683675395820956e+03
2.575000000000000000e+03 2.564683675395820956e+03
2.625000000000000000e+03 2.614683675395821865e+03
2.675000000000000000e+03 2.664683675395820956e+03
2.725000000000000000e+03 2.714683675395820956e+03
2.775000000000000000e+03 2.764683675395820956e+03
2.825000000000000000e+03 2.814683675395820956e+03
2.875000000000000000e+03 2.864683675395820956e+03
2.925000000000000000e+03 2.914683675395820956e+03
2.975000000000000000e+03 2.964683675395820956e+03
3.025000000000000000e+03 3.014683675395820956e+03
3.075000000000000000e+03 3.064683675395820956e+03
3.125000000000000000e+03 3.114683675395820956e+03
3.175000000000000000e+03 3.164683675395820956e+03
3.225000000000000000e+03 3.214683675395820956e+03
3.275000000000000000e+03 3.264683675395820956e+03
3.325000000000000000e+03 3.314683675395820956e+03
3.375000000000000000e+03 3.364683675395820956e+03
3.425000000000000000e+03 3.414683675395820956e+03
3.475000000000000000e+03 3.464683675395820956e+03
3.525000000000000000e+03 3.514683675395820956e+03
3.575000000000000000e+03 3.564683675395820956e+03
3.625000000000000000e+03 3.614683675395820956e+03
3.675000000000000000e+03 3.664683675395820956e+03
3.725000000000000000e+03 3.714683675395820956e+03
3.775000000000000000e+03 3.764683675395820956e+03
3.825000000000000000e+03 3.814683675395820956e+03
3.875000000000000000e+03 3.864683675395820956e+03
3.925000000000000000e+03 3.914683675395820956e+03
3.975000000000000000e+03 3.964683675395820956e+03
4.025000000000000000e+03 4.014683675395820956e+03
4.075000000000000000e+03 4.064683675395820956e+03
4.125000000000000000e+03 4.114683675395821410e+03
4.175000000000000000e+03 4.164683675395817772e+03
4.225000000000000000e+03 4.214683675395819591e+03
4.275000000000000000e+03 4.264683675395815953e+03
4.325000000000000000e+03 4.314683675395814134e+03
4.375000000000000000e+03 4.364683675395814134e+03
4.425000000000000000e+03 4.414683675395815953e+03
4.475000000000000000e+03 4.464683675395815953e+03
4.525000000000000000e+03 4.514683675395815953e+03
4.575000000000000000e+03 4.564683675395814134e+03
4.625000000000000000e+03 4.614683675395814134e+03
4.675000000000000000e+03 4.664683675395814134e+03
4.725000000000000000e+03 4.714683675395814134e+03
4.775000000000000000e+03 4.764683675395814134e+03
4.825000000000000000e+03 4.814683675395814134e+03
4.875000000000000000e+03 4.864683675395814134e+03
4.925000000000000000e+03 4.914683675395814134e+03
4.975000000000000000e+03 4.964683675395814134e+03
5.025000000000000000e+03 5.014683675395814134e+03
5.075000000000000000e+03 5.064683675395814134e+03
5.125000000000000000e+03 5.114683675395814134e+03
5.175000000000000000e+03 5.164683675395814134e+03
5.225000000000000000e+03 5.214683675395814134e+03
5.275000000000000000e+03 5.264683675395814134e+03
5.325000000000000000e+03 5.314683675395814134e+03
5.375000000000000000e+03 5.364683675395814134e+03
5.425000000000000000e+03 5.414683675395814134e+03
5.475000000000000000e+03 5.464683675395814134e+03
5.525000000000000000e+03 5.514683675395814134e+03
5.575000000000000000e+03 5.564683675395814134e+03
5.625000000000000000e+03 5.614683675395814134e+03
5.675000000000000000e+03 5.664683675395814134e+03
5.725000000000000000e+03 5.714683675395814134e+03
5.775000000000000000e+03 5.764683675395814134e+03
5.825000000000000000e+03 5.814683675395814134e+03
5.875000000000000000e+03 5.864683675395814134e+03
5.925000000000000000e+03 5.914683675395814134e+03
5.975000000000000000e+03 5.964683675395814134e+03
6.025000000000000000e+03 6.014683675395814134e+03
6.075000000000000000e+03 6.064683675395814134e+03
6.125000000000000000e+03 6.114683675395814134e+03
6.175000000000000000e+03 6.164683675395814134e+03
6.225000000000000000e+03 6.214683675395814134e+03
6.275000000000000000e+03 6.264683675395814134e+03
6.325000000000000000e+03 6.314683675395814134e+03
6.375000000000000000e+03 6.364683675395814134e+03
6.425000000000000000e+03 6.414683675395814134e+03
6.475000000000000000e+03 6.464683675395814134e+03
6.525000000000000000e+03 6.514683675395814134e+03
6.575000000000000000e+03 6.564683675395814134e+03
6.625000000000000000e+03 6.614683675395814134e+03
6.675000000000000000e+03 6.664683675395814134e+03
6.725000000000000000e+03 6.714683675395814134e+03
6.775000000000000000e+03 6.764683675395814134e+03
6.825000000000000000e+03 6.814683675395814134e+03
6.875000000000000000e+03 6.864683675395814134e+03
6.925000000000000000e+03 6.914683675395814134e+03
6.975000000000000000e+03 6.964683675395814134e+03
7.025000000000000000e+03 7.014683675395814134e+03
7.075000000000000000e+03 7.064683675395814134e+03
7.125000000000000000e+03 7.114683675395814134e+03
7.175000000000000000e+03 7.164683675395814134e+03
7.225000000000000000e+03 7.214683675395814134e+03
7.275000000000000000e+03 7.264683675395814134e+03
7.325000000000000000e+03 7.314683675395814134e+03
7.375000000000000000e+03 7.364683675395814134e+03
7.425000000000000000e+03 7.414683675395814134e+03
7.475000000000000000e+03 7.464683675395814134e+03
7.525000000000000000e+03 7.514683675395814134e+03
7.575000000000000000e+03 7.564683675395814134e+03
7.625000000000000000e+03 7.614683675395814134e+03
7.675000000000000000e+03 7.664683675395814134e+03
7.725000000000000000e+03 7.714683675395814134e+03
7.775000000000000000e+03 7.764683675395814134e+03
7.825000000000000000e+03 7.814683675395814134e+03
7.875000000000000000e+03 7.864683675395814134e+03
7.925000000000000000e+03 7.914683675395814134e+03
7.975000000000000000e+03 7.964683675395814134e+03
8.025000000000000000e+03 8.014683675395814134e+03
8.075000000000000000e+03 8.064683675395814134e+03
8.125000000000000000e+03 8.114683675395814134e+03
8.175000000000000000e+03 8.164683675395814134e+03
8.225000000000000000e+03 8.214683675395814134e+03
8.275000000000000000e+03 8.264683675395815953e+03
8.325000000000000000e+03 8.314683675395817772e+03
8.375000000000000000e+03 8.364683675395821410e+03
8.425000000000000000e+03 8.414683675395821410e+03
8.475000000000000000e+03 8.464683675395821410e+03
8.525000000000000000e+03 8.514683675395821410e+03
8.575000000000000000e+03 8.564683675395821410e+03
8.625000000000000000e+03 8.614683675395828686e+03
8.675000000000000000e+03 8.664683675395825048e+03
8.725000000000000000e+03 8.714683675395825048e+03
8.775000000000000000e+03 8.764683675395828686e+03
8.825000000000000000e+03 8.814683675395825048e+03
8.875000000000000000e+03 8.864683675395825048e+03
8.925000000000000000e+03 8.914683675395825048e+03
8.975000000000000000e+03 8.964683675395825048e+03
9.025000000000000000e+03 9.014683675395825048e+03
9.075000000000000000e+03 9.064683675395825048e+03
9.125000000000000000e+03 9.114683675395825048e+03
9.175000000000000000e+03 9.164683675395825048e+03
9.225000000000000000e+03 9.214683675395825048e+03
9.275000000000000000e+03 9.264683675395825048e+03
9.325000000000000000e+03 9.314683675395825048e+03
9.375000000000000000e+03 9.364683675395825048e+03
9.425000000000000000e+03 9.414683675395825048e+03
9.475000000000000000e+03 9.464683675395825048e+03
9.525000000000000000e+03 9.514683675395825048e+03
9.575000000000000000e+03 9.564683675395825048e+03
9.625000000000000000e+03 9.614683675395825048e+03
9.675000000000000000e+03 9.664683675395825048e+03
9.725000000000000000e+03 9.714683675395825048e+03
9.775000000000000000e+03 9.764683675395825048e+03
9.825000000000000000e+03 9.814683675395825048e+03
9.875000000000000000e+03 9.864683675395825048e+03
9.925000000000000000e+03 9.914683675395825048e+03
9.975000000000000000e+03 9.964683675395825048e+03
1.002500000000000000e+04 1.001468367539582505e+04
1.007500000000000000e+04 1.006468367539582505e+04
1.012500000000000000e+04 1.011468367539582505e+04
1.017500000000000000e+04 1.016468367539582505e+04
1.022500000000000000e+04 1.021468367539582505e+04
1.027500000000000000e+04 1.026468367539582505e+04
1.032500000000000000e+04 1.031468367539582505e+04
1.037500000000000000e+04 1.036468367539582505e+04
1.042500000000000000e+04 1.041468367539582505e+04
1.047500000000000000e+04 1.046468367539582505e+04
1.052500000000000000e+04 1.051468367539582505e+04
1.057500000000000000e+04 1.056468367539582505e+04
1.062500000000000000e+04 1.061468367539582505e+04
1.067500000000000000e+04 1.066468367539582505e+04
1.072500000000000000e+04 1.071468367539582505e+04
1.077500000000000000e+04 1.076468367539582505e+04
1.082500000000000000e+04 1.081468367539582505e+04
1.087500000000000000e+04 1.086468367539582505e+04
1.092500000000000000e+04 1.091468367539582505e+04
1.097500000000000000e+04 1.096468367539582505e+04
1.102500000000000000e+04 1.101468367539582505e+04
1.107500000000000000e+04 1.106468367539582505e+04
1.112500000000000000e+04 1.111468367539582505e+04
1.117500000000000000e+04 1.116468367539582505e+04
1.122500000000000000e+04 1.121468367539582505e+04
1.127500000000000000e+04 1.126468367539582505e+04
1.132500000000000000e+04 1.131468367539582505e+04
1.137500000000000000e+04 1.136468367539582505e+04
1.142500000000000000e+04 1.141468367539582505e+04
1.147500000000000000e+04 1.146468367539582505e+04
1.152500000000000000e+04 1.151468367539582505e+04
1.157500000000000000e+04 1.156468367539582505e+04
1.162500000000000000e+04 1.161468367539582505e+04
1.167500000000000000e+04 1.166468367539582505e+04
1.172500000000000000e+04 1.171468367539582505e+04
1.177500000000000000e+04 1.176468367539582505e+04
1.182500000000000000e+04 1.181468367539582505e+04
1.187500000000000000e+04 1.186468367539582505e+04
1.192500000000000000e+04 1.191468367539582505e+04
1.197500000000000000e+04 1.196468367539582505e+04
1.202500000000000000e+04 1.201468367539582505e+04
1.207500000000000000e+04 1.206468367539582505e+04
1.212500000000000000e+04 1.211468367539582505e+04
1.217500000000000000e+04 1.216468367539582505e+04
1.222500000000000000e+04 1.221468367539582505e+04
1.227500000000000000e+04 1.226468367539582505e+04
1.232500000000000000e+04 1.231468367539582505e+04
1.237500000000000000e+04 1.236468367539582505e+04
1.242500000000000000e+04 1.241468367539582505e+04
1.247500000000000000e+04 1.246468367539582505e+04
1.252500000000000000e+04 1.251468367539582505e+04
1.257500000000000000e+04 1.256468367539582505e+04
1.262500000000000000e+04 1.261468367539582505e+04
1.267500000000000000e+04 1.266468367539582505e+04
1.272500000000000000e+04 1.271468367539582505e+04
1.277500000000000000e+04 1.276468367539582505e+04
1.282500000000000000e+04 1.281468367539582505e+04
1.287500000000000000e+04 1.286468367539582505e+04
1.292500000000000000e+04 1.291468367539582505e+04
1.297500000000000000e+04 1.296468367539582505e+04
1.302500000000000000e+04 1.301468367539582505e+04
1.307500000000000000e+04 1.306468367539582505e+04
1.312500000000000000e+04 1.311468367539582505e+04
1.317500000000000000e+04 1.316468367539582505e+04
1.322500000000000000e+04 1.321468367539582505e+04
1.327500000000000000e+04 1.326468367539582505e+04
1.332500000000000000e+04 1.331468367539582505e+04
1.337500000000000000e+04 1.336468367539582505e+04
1.342500000000000000e+04 1.341468367539582505e+04
1.347500000000000000e+04 1.346468367539582505e+04
1.352500000000000000e+04 1.351468367539582505e+04
1.357500000000000000e+04 1.356468367539582505e+04
1.362500000000000000e+04 1.361468367539582505e+04
1.367500000000000000e+04 1.366468367539582505e+04
1.372500000000000000e+04 1.371468367539582505e+04
1.377500000000000000e+04 1.376468367539582505e+04
1.382500000000000000e+04 1.381468367539582505e+04
1.387500000000000000e+04 1.386468367539582505e+04
1.392500000000000000e+04 1.391468367539582505e+04
1.397500000000000000e+04 1.396468367539582505e+04
1.402500000000000000e+04 1.401468367539582505e+04
1.407500000000000000e+04 1.406468367539582505e+04
1.412500000000000000e+04 1.411468367539582505e+04
1.417500000000000000e+04 1.416468367539582505e+04
1.422500000000000000e+04 1.421468367539582505e+04
1.427500000000000000e+04 1.426468367539582505e+04
1.432500000000000000e+04 1.431468367539582505e+04
1.437500000000000000e+04 1.436468367539582505e+04
1.442500000000000000e+04 1.441468367539582505e+04
1.447500000000000000e+04 1.446468367539582505e+04
1.452500000000000000e+04 1.451468367539582505e+04
1.457500000000000000e+04 1.456468367539582505e+04
1.462500000000000000e+04 1.461468367539582505e+04
1.467500000000000000e+04 1.466468367539582505e+04
1.472500000000000000e+04 1.471468367539582505e+04
1.477500000000000000e+04 1.476468367539582505e+04
1.482500000000000000e+04 1.481468367539582505e+04
1.487500000000000000e+04 1.486468367539582505e+04
1.492500000000000000e+04 1.491468367539582505e+04
1.497500000000000000e+04 1.496468367539582505e+04
1.502500000000000000e+04 1.501468367539582505e+04
1.507500000000000000e+04 1.506468367539582505e+04
1.512500000000000000e+04 1.511468367539582505e+04
1.517500000000000000e+04 1.516468367539582505e+04
1.522500000000000000e+04 1.521468367539582505e+04
1.527500000000000000e+04 1.526468367539582505e+04
1.532500000000000000e+04 1.531468367539582505e+04
1.537500000000000000e+04 1.536468367539582505e+04
1.542500000000000000e+04 1.541468367539582505e+04
1.547500000000000000e+04 1.546468367539582505e+04
1.552500000000000000e+04 1.551468367539582505e+04
1.557500000000000000e+04 1.556468367539582505e+04
1.562500000000000000e+04 1.561468367539582505e+04
1.567500000000000000e+04 1.566468367539582505e+04
1.572500000000000000e+04 1.571468367539582505e+04
1.577500000000000000e+04 1.576468367539582505e+04
1.582500000000000000e+04 1.581468367539582505e+04
1.587500000000000000e+04 1.586468367539582505e+04
1.592500000000000000e+04 1.591468367539582505e+04
1.597500000000000000e+04 1.596468367539582505e+04
1.602500000000000000e+04 1.601468367539582505e+04
1.607500000000000000e+04 1.606468367539582505e+04
1.612500000000000000e+04 1.611468367539582505e+04
1.617500000000000000e+04 1.616468367539582505e+04
1.622500000000000000e+04 1.621468367539582505e+04
1.627500000000000000e+04 1.626468367539582505e+04
1.632500000000000000e+04 1.631468367539582505e+04
1.637500000000000000e+04 1.636468367539582505e+04
1.642500000000000000e+04 1.641468367539582323e+04
1.647500000000000000e+04 1.646468367539582323e+04
1.652500000000000000e+04 1.651468367539582323e+04
1.657500000000000000e+04 1.656468367539582687e+04
1.662500000000000000e+04 1.661468367539582323e+04
1.667500000000000000e+04 1.666468367539581959e+04
1.672500000000000000e+04 1.671468367539581959e+04
1.677500000000000000e+04 1.676468367539581959e+04
1.682500000000000000e+04 1.681468367539581959e+04
1.687500000000000000e+04 1.686468367539581232e+04
1.692500000000000000e+04 1.691468367539581232e+04
1.697500000000000000e+04 1.696468367539580504e+04
1.702500000000000000e+04 1.701468367539581232e+04
1.707500000000000000e+04 1.706468367539581232e+04
1.712500000000000000e+04 1.711468367539581232e+04
1.717500000000000000e+04 1.716468367539581232e+04
1.722500000000000000e+04 1.721468367539581232e+04
1.727500000000000000e+04 1.726468367539581232e+04
1.732500000000000000e+04 1.731468367539581232e+04
1.737500000000000000e+04 1.736468367539581232e+04
1.742500000000000000e+04 1.741468367539581232e+04
1.747500000000000000e+04 1.746468367539581232e+04
1.752500000000000000e+04 1.751468367539581232e+04
1.757500000000000000e+04 1.756468367539581232e+04
1.762500000000000000e+04 1.761468367539581232e+04
1.767500000000000000e+04 1.766468367539581232e+04
1.772500000000000000e+04 1.771468367539581232e+04
1.777500000000000000e+04 1.776468367539581232e+04
1.782500000000000000e+04 1.781468367539581232e+04
1.787500000000000000e+04 1.786468367539581232e+04
1.792500000000000000e+04 1.791468367539581232e+04
1.797500000000000000e+04 1.796468367539581232e+04
1.802500000000000000e+04 1.801468367539581232e+04
1.807500000000000000e+04 1.806468367539581232e+04
1.812500000000000000e+04 1.811468367539581232e+04
1.817500000000000000e+04 1.816468367539581232e+04
1.822500000000000000e+04 1.821468367539581232e+04
1.827500000000000000e+04 1.826468367539581232e+04
1.832500000000000000e+04 1.831468367539581232e+04
1.837500000000000000e+04 1.836468367539581232e+04
1.842500000000000000e+04 1.841468367539581232e+04
1.847500000000000000e+04 1.846468367539581232e+04
1.852500000000000000e+04 1.851468367539581232e+04
1.857500000000000000e+04 1.856468367539581232e+04
1.862500000000000000e+04 1.861468367539581232e+04
1.867500000000000000e+04 1.866468367539581232e+04
1.872500000000000000e+04 1.871468367539581232e+04
1.877500000000000000e+04 1.876468367539581232e+04
1.882500000000000000e+04 1.881468367539581232e+04
1.887500000000000000e+04 1.886468367539581232e+04
1.892500000000000000e+04 1.891468367539581232e+04
1.897500000000000000e+04 1.896468367539581232e+04
1.902500000000000000e+04 1.901468367539581232e+04
1.907500000000000000e+04 1.906468367539581232e+04
1.912500000000000000e+04 1.911468367539581232e+04
1.917500000000000000e+04 1.916468367539581232e+04
1.922500000000000000e+04 1.921468367539581232e+04
1.927500000000000000e+04 1.926468367539581232e+04
1.932500000000000000e+04 1.931468367539581232e+04
1.937500000000000000e+04 1.936468367539581232e+04
1.942500000000000000e+04 1.941468367539581232e+04
1.947500000000000000e+04 1.946468367539581232e+04
1.952500000000000000e+04 1.951468367539581232e+04
1.957500000000000000e+04 1.956468367539581232e+04
1.962500000000000000e+04 1.961468367539581232e+04
1.967500000000000000e+04 1.966468367539581232e+04
1.972500000000000000e+04 1.971468367539581232e+04
1.977500000000000000e+04 1.976468367539581232e+04
1.982500000000000000e+04 1.981468367539581232e+04
1.987500000000000000e+04 1.986468367539581232e+04
1.992500000000000000e+04 1.991468367539581232e+04
