8.250000000000000000e+02 8.240324110210001436e+02
8.750000000000000000e+02 8.740324110210005983e+02
9.250000000000000000e+02 9.240324110210005983e+02
9.750000000000000000e+02 9.740324110210003710e+02
1.025000000000000000e+03 1.024032411021000598e+03
1.075000000000000000e+03 1.074032411020999461e+03
1.125000000000000000e+03 1.124032411020999916e+03
1.175000000000000000e+03 1.174032411021000371e+03
1.225000000000000000e+03 1.224032411021000826e+03
1.275000000000000000e+03 1.274032411021000371e+03
1.325000000000000000e+03 1.324032411020999916e+03
1.375000000000000000e+03 1.374032411021000371e+03
1.425000000000000000e+03 1.424032411021000371e+03
1.475000000000000000e+03 1.474032411021000371e+03
1.525000000000000000e+03 1.524032411021000371e+03
1.575000000000000000e+03 1.574032411020999916e+03
1.625000000000000000e+03 1.624032411020999916e+03
1.675000000000000000e+03 1.674032411020999916e+03
1.725000000000000000e+03 1.724032411020999916e+03
1.775000000000000000e+03 1.774032411020999916e+03
1.825000000000000000e+03 1.824032411020999916e+03
1.875000000000000000e+03 1.874032411020999916e+03
1.925000000000000000e+03 1.924032411020999916e+03
1.975000000000000000e+03 1.974032411020999916e+03
2.025000000000000000e+03 2.024032411020999916e+03
2.075000000000000000e+03 2.074032411021002645e+03
2.125000000000000000e+03 2.124032411021003554e+03
2.175000000000000000e+03 2.174032411021003554e+03
2.225000000000000000e+03 2.224032411021002645e+03
2.275000000000000000e+03 2.274032411021003554e+03
2.325000000000000000e+03 2.324032411021004464e+03
2.375000000000000000e+03 2.374032411021005373e+03
2.425000000000000000e+03 2.424032411021005373e+03
2.475000000000000000e+03 2.474032411021005373e+03
2.525000000000000000e+03 2.524032411021005373e+03
2.575000000000000000e+03 2.574032411021006283e+03
2.625000000000000000e+03 2.624032411021005373e+03
2.675000000000000000e+03 2.674032411021005373e+03
2.725000000000000000e+03 2.724032411021005373e+03
2.775000000000000000e+03 2.774032411021005373e+03
2.825000000000000000e+03 2.824032411021006283e+03
2.875000000000000000e+03 2.874032411021008102e+03
2.925000000000000000e+03 2.924032411021008102e+03
2.975000000000000000e+03 2.974032411021008102e+03
3.025000000000000000e+03 3.024032411021008102e+03
3.075000000000000000e+03 3.074032411021008102e+03
3.125000000000000000e+03 3.124032411021008102e+03
3.175000000000000000e+03 3.174032411021008102e+03
3.225000000000000000e+03 3.224032411021008102e+03
3.275000000000000000e+03 3.274032411021008102e+03
3.325000000000000000e+03 3.324032411021008102e+03
3.375000000000000000e+03 3.374032411021008102e+03
3.425000000000000000e+03 3.424032411021008102e+03
3.475000000000000000e+03 3.474032411021008102e+03
3.525000000000000000e+03 3.524032411021008102e+03
3.575000000000000000e+03 3.574032411021008102e+03
3.625000000000000000e+03 3.624032411021008102e+03
3.675000000000000000e+03 3.674032411021008102e+03
3.725000000000000000e+03 3.724032411021008102e+03
3.775000000000000000e+03 3.774032411021008102e+03
3.825000000000000000e+03 3.824032411021008102e+03
3.875000000000000000e+03 3.874032411021008102e+03
3.925000000000000000e+03 3.924032411021008102e+03
3.975000000000000000e+03 3.974032411021008102e+03
4.025000000000000000e+03 4.024032411021008102e+03
4.075000000000000000e+03 4.074032411021008102e+03
4.125000000000000000e+03 4.124032411021006737e+03
4.175000000000000000e+03 4.174032411021003099e+03
4.225000000000000000e+03 4.224032411021003099e+03
4.275000000000000000e+03 4.274032411021006737e+03
4.325000000000000000e+03 4.324032411021003099e+03
4.375000000000000000e+03 4.374032411021001280e+03
4.425000000000000000e+03 4.424032411021001280e+03
4.475000000000000000e+03 4.474032411021001280e+03
4.525000000000000000e+03 4.524032411021003099e+03
4.575000000000000000e+03 4.574032411021001280e+03
4.625000000000000000e+03 4.624032411021001280e+03
4.675000000000000000e+03 4.674032411021003099e+03
4.725000000000000000e+03 4.724032411021003099e+03
4.775000000000000000e+03 4.774032411021001280e+03
4.825000000000000000e+03 4.824032411021001280e+03
4.875000000000000000e+03 4.874032411020997642e+03
4.925000000000000000e+03 4.924032411020997642e+03
4.975000000000000000e+03 4.974032411020997642e+03
5.025000000000000000e+03 5.024032411020997642e+03
5.075000000000000000e+03 5.074032411020997642e+03
5.125000000000000000e+03 5.124032411020997642e+03
5.175000000000000000e+03 5.174032411020997642e+03
5.225000000000000000e+03 5.224032411020997642e+03
5.275000000000000000e+03 5.274032411020997642e+03
5.325000000000000000e+03 5.324032411020997642e+03
5.375000000000000000e+03 5.374032411020997642e+03
5.425000000000000000e+03 5.424032411020997642e+03
5.475000000000000000e+03 5.474032411020997642e+03
5.525000000000000000e+03 5.524032411020997642e+03
5.575000000000000000e+03 5.574032411020997642e+03
5.625000000000000000e+03 5.624032411020997642e+03
5.675000000000000000e+03 5.674032411020997642e+03
5.725000000000000000e+03 5.724032411020997642e+03
5.775000000000000000e+03 5.774032411020997642e+03
5.825000000000000000e+03 5.824032411020997642e+03
5.875000000000000000e+03 5.874032411020997642e+03
5.925000000000000000e+03 5.924032411020997642e+03
5.975000000000000000e+03 5.974032411020997642e+03
6.025000000000000000e+03 6.024032411020997642e+03
6.075000000000000000e+03 6.074032411020997642e+03
6.125000000000000000e+03 6.124032411020997642e+03
6.175000000000000000e+03 6.174032411020997642e+03
6.225000000000000000e+03 6.224032411020997642e+03
6.275000000000000000e+03 6.274032411020997642e+03
6.325000000000000000e+03 6.324032411020997642e+03
6.375000000000000000e+03 6.374032411020997642e+03
6.425000000000000000e+03 6.424032411020997642e+03
6.475000000000000000e+03 6.474032411020997642e+03
6.525000000000000000e+03 6.524032411020997642e+03
6.575000000000000000e+03 6.574032411020997642e+03
6.625000000000000000e+03 6.624032411020997642e+03
6.675000000000000000e+03 6.674032411020997642e+03
6.725000000000000000e+03 6.724032411020997642e+03
6.775000000000000000e+03 6.774032411020997642e+03
6.825000000000000000e+03 6.824032411020997642e+03
6.875000000000000000e+03 6.874032411020997642e+03
6.925000000000000000e+03 6.924032411020997642e+03
6.975000000000000000e+03 6.974032411020997642e+03
7.025000000000000000e+03 7.024032411020997642e+03
7.075000000000000000e+03 7.074032411020997642e+03
7.125000000000000000e+03 7.124032411020997642e+03
7.175000000000000000e+03 7.174032411020997642e+03
7.225000000000000000e+03 7.224032411020997642e+03
7.275000000000000000e+03 7.274032411020997642e+03
7.325000000000000000e+03 7.324032411020997642e+03
7.375000000000000000e+03 7.374032411020997642e+03
7.425000000000000000e+03 7.424032411020997642e+03
7.475000000000000000e+03 7.474032411020997642e+03
7.525000000000000000e+03 7.524032411020997642e+03
7.575000000000000000e+03 7.574032411020997642e+03
7.625000000000000000e+03 7.624032411020997642e+03
7.675000000000000000e+03 7.674032411020997642e+03
7.725000000000000000e+03 7.724032411020997642e+03
7.775000000000000000e+03 7.774032411020997642e+03
7.825000000000000000e+03 7.824032411020997642e+03
7.875000000000000000e+03 7.874032411020997642e+03
7.925000000000000000e+03 7.924032411020997642e+03
7.975000000000000000e+03 7.974032411020997642e+03
8.025000000000000000e+03 8.024032411020997642e+03
8.075000000000000000e+03 8.074032411020997642e+03
8.125000000000000000e+03 8.124032411020997642e+03
8.175000000000000000e+03 8.174032411020997642e+03
8.225000000000000000e+03 8.224032411020996733e+03
8.275000000000000000e+03 8.274032411020996733e+03
8.325000000000000000e+03 8.324032411020996733e+03
8.375000000000000000e+03 8.374032411020993095e+03
8.425000000000000000e+03 8.424032411020991276e+03
8.475000000000000000e+03 8.474032411020991276e+03
8.525000000000000000e+03 8.524032411020987638e+03
8.575000000000000000e+03 8.574032411020984000e+03
8.625000000000000000e+03 8.624032411020987638e+03
8.675000000000000000e+03 8.674032411020987638e+03
8.725000000000000000e+03 8.724032411020984000e+03
8.775000000000000000e+03 8.774032411020980362e+03
8.825000000000000000e+03 8.824032411020984000e+03
8.875000000000000000e+03 8.874032411020984000e+03
8.925000000000000000e+03 8.924032411020984000e+03
8.975000000000000000e+03 8.974032411020987638e+03
9.025000000000000000e+03 9.024032411020987638e+03
9.075000000000000000e+03 9.074032411020987638e+03
9.125000000000000000e+03 9.124032411020987638e+03
9.175000000000000000e+03 9.174032411020987638e+03
9.225000000000000000e+03 9.224032411020987638e+03
9.275000000000000000e+03 9.274032411020987638e+03
9.325000000000000000e+03 9.324032411020987638e+03
9.375000000000000000e+03 9.374032411020987638e+03
9.425000000000000000e+03 9.424032411020987638e+03
9.475000000000000000e+03 9.474032411020987638e+03
9.525000000000000000e+03 9.524032411020987638e+03
9.575000000000000000e+03 9.574032411020987638e+03
9.625000000000000000e+03 9.624032411020987638e+03
9.675000000000000000e+03 9.674032411020987638e+03
9.725000000000000000e+03 9.724032411020987638e+03
9.775000000000000000e+03 9.774032411020987638e+03
9.825000000000000000e+03 9.824032411020987638e+03
9.875000000000000000e+03 9.874032411020987638e+03
9.925000000000000000e+03 9.924032411020987638e+03
9.975000000000000000e+03 9.974032411020987638e+03
1.002500000000000000e+04 1.002403241102098764e+04
1.007500000000000000e+04 1.007403241102098764e+04
1.012500000000000000e+04 1.012403241102098764e+04
1.017500000000000000e+04 1.017403241102098764e+04
1.022500000000000000e+04 1.022403241102098764e+04
1.027500000000000000e+04 1.027403241102098764e+04
1.032500000000000000e+04 1.032403241102098764e+04
1.037500000000000000e+04 1.037403241102098764e+04
1.042500000000000000e+04 1.042403241102098764e+04
1.047500000000000000e+04 1.047403241102098764e+04
1.052500000000000000e+04 1.052403241102098764e+04
1.057500000000000000e+04 1.057403241102098764e+04
1.062500000000000000e+04 1.062403241102098764e+04
1.067500000000000000e+04 1.067403241102098764e+04
1.072500000000000000e+04 1.072403241102098764e+04
1.077500000000000000e+04 1.077403241102098764e+04
1.082500000000000000e+04 1.082403241102098764e+04
1.087500000000000000e+04 1.087403241102098764e+04
1.092500000000000000e+04 1.092403241102098764e+04
1.097500000000000000e+04 1.097403241102098764e+04
1.102500000000000000e+04 1.102403241102098764e+04
1.107500000000000000e+04 1.107403241102098764e+04
1.112500000000000000e+04 1.112403241102098764e+04
1.117500000000000000e+04 1.117403241102098764e+04
1.122500000000000000e+04 1.122403241102098764e+04
1.127500000000000000e+04 1.127403241102098764e+04
1.132500000000000000e+04 1.132403241102098764e+04
1.137500000000000000e+04 1.137403241102098764e+04
1.142500000000000000e+04 1.142403241102098764e+04
1.147500000000000000e+04 1.147403241102098764e+04
1.152500000000000000e+04 1.152403241102098764e+04
1.157500000000000000e+04 1.157403241102098764e+04
1.162500000000000000e+04 1.162403241102098764e+04
1.167500000000000000e+04 1.167403241102098764e+04
1.172500000000000000e+04 1.172403241102098764e+04
1.177500000000000000e+04 1.177403241102098764e+04
1.182500000000000000e+04 1.182403241102098764e+04
1.187500000000000000e+04 1.187403241102098764e+04
1.192500000000000000e+04 1.192403241102098764e+04
1.197500000000000000e+04 1.197403241102098764e+04
1.202500000000000000e+04 1.202403241102098764e+04
1.207500000000000000e+04 1.207403241102098764e+04
1.212500000000000000e+04 1.212403241102098764e+04
1.217500000000000000e+04 1.217403241102098764e+04
1.222500000000000000e+04 1.222403241102098764e+04
1.227500000000000000e+04 1.227403241102098764e+04
1.232500000000000000e+04 1.232403241102098764e+04
1.237500000000000000e+04 1.237403241102098764e+04
1.242500000000000000e+04 1.242403241102098764e+04
1.247500000000000000e+04 1.247403241102098764e+04
1.252500000000000000e+04 1.252403241102098764e+04
1.257500000000000000e+04 1.257403241102098764e+04
1.262500000000000000e+04 1.262403241102098764e+04
1.267500000000000000e+04 1.267403241102098764e+04
1.272500000000000000e+04 1.272403241102098764e+04
1.277500000000000000e+04 1.277403241102098764e+04
1.282500000000000000e+04 1.282403241102098764e+04
1.287500000000000000e+04 1.287403241102098764e+04
1.292500000000000000e+04 1.292403241102098764e+04
1.297500000000000000e+04 1.297403241102098764e+04
1.302500000000000000e+04 1.302403241102098764e+04
1.307500000000000000e+04 1.307403241102098764e+04
1.312500000000000000e+04 1.312403241102098764e+04
1.317500000000000000e+04 1.317403241102098764e+04
1.322500000000000000e+04 1.322403241102098764e+04
1.327500000000000000e+04 1.327403241102098764e+04
1.332500000000000000e+04 1.332403241102098764e+04
1.337500000000000000e+04 1.337403241102098764e+04
1.342500000000000000e+04 1.342403241102098764e+04
1.347500000000000000e+04 1.347403241102098764e+04
1.352500000000000000e+04 1.352403241102098764e+04
1.357500000000000000e+04 1.357403241102098764e+04
1.362500000000000000e+04 1.362403241102098764e+04
1.367500000000000000e+04 1.367403241102098764e+04
1.372500000000000000e+04 1.372403241102098764e+04
1.377500000000000000e+04 1.377403241102098764e+04
1.382500000000000000e+04 1.382403241102098764e+04
1.387500000000000000e+04 1.387403241102098764e+04
1.392500000000000000e+04 1.392403241102098764e+04
1.397500000000000000e+04 1.397403241102098764e+04
1.402500000000000000e+04 1.402403241102098764e+04
1.407500000000000000e+04 1.407403241102098764e+04
1.412500000000000000e+04 1.412403241102098764e+04
1.417500000000000000e+04 1.417403241102098764e+04
1.422500000000000000e+04 1.422403241102098764e+04
1.427500000000000000e+04 1.427403241102098764e+04
1.432500000000000000e+04 1.432403241102098764e+04
1.437500000000000000e+04 1.437403241102098764e+04
1.442500000000000000e+04 1.442403241102098764e+04
1.447500000000000000e+04 1.447403241102098764e+04
1.452500000000000000e+04 1.452403241102098764e+04
1.457500000000000000e+04 1.457403241102098764e+04
1.462500000000000000e+04 1.462403241102098764e+04
1.467500000000000000e+04 1.467403241102098764e+04
1.472500000000000000e+04 1.472403241102098764e+04
1.477500000000000000e+04 1.477403241102098764e+04
1.482500000000000000e+04 1.482403241102098764e+04
1.487500000000000000e+04 1.487403241102098764e+04
1.492500000000000000e+04 1.492403241102098764e+04
1.497500000000000000e+04 1.497403241102098764e+04
1.502500000000000000e+04 1.502403241102098764e+04
1.507500000000000000e+04 1.507403241102098764e+04
1.512500000000000000e+04 1.512403241102098764e+04
1.517500000000000000e+04 1.517403241102098764e+04
1.522500000000000000e+04 1.522403241102098764e+04
1.527500000000000000e+04 1.527403241102098764e+04
1.532500000000000000e+04 1.532403241102098764e+04
1.537500000000000000e+04 1.537403241102098764e+04
1.542500000000000000e+04 1.542403241102098764e+04
1.547500000000000000e+04 1.547403241102098764e+04
1.552500000000000000e+04 1.552403241102098764e+04
1.557500000000000000e+04 1.557403241102098764e+04
1.562500000000000000e+04 1.562403241102098764e+04
1.567500000000000000e+04 1.567403241102098764e+04
1.572500000000000000e+04 1.572403241102098764e+04
1.577500000000000000e+04 1.577403241102098764e+04
1.582500000000000000e+04 1.582403241102098764e+04
1.587500000000000000e+04 1.587403241102098764e+04
1.592500000000000000e+04 1.592403241102098764e+04
1.597500000000000000e+04 1.597403241102098764e+04
1.602500000000000000e+04 1.602403241102098764e+04
1.607500000000000000e+04 1.607403241102098764e+04
1.612500000000000000e+04 1.612403241102098764e+04
1.617500000000000000e+04 1.617403241102098764e+04
1.622500000000000000e+04 1.622403241102098764e+04
1.627500000000000000e+04 1.627403241102098764e+04
1.632500000000000000e+04 1.632403241102098764e+04
1.637500000000000000e+04 1.637403241102098764e+04
1.642500000000000000e+04 1.642403241102098400e+04
1.647500000000000000e+04 1.647403241102098764e+04
1.652500000000000000e+04 1.652403241102099128e+04
1.657500000000000000e+04 1.657403241102098764e+04
1.662500000000000000e+04 1.662403241102099855e+04
1.667500000000000000e+04 1.667403241102099128e+04
1.672500000000000000e+04 1.672403241102099128e+04
1.677500000000000000e+04 1.677403241102099855e+04
1.682500000000000000e+04 1.682403241102099855e+04
1.687500000000000000e+04 1.687403241102099855e+04
1.692500000000000000e+04 1.692403241102100583e+04
1.697500000000000000e+04 1.697403241102100583e+04
1.702500000000000000e+04 1.702403241102100583e+04
1.707500000000000000e+04 1.707403241102099855e+04
1.712500000000000000e+04 1.712403241102099855e+04
1.717500000000000000e+04 1.717403241102099855e+04
1.722500000000000000e+04 1.722403241102099855e+04
1.727500000000000000e+04 1.727403241102099855e+04
1.732500000000000000e+04 1.732403241102099855e+04
1.737500000000000000e+04 1.737403241102099855e+04
1.742500000000000000e+04 1.742403241102099855e+04
1.747500000000000000e+04 1.747403241102099855e+04
1.752500000000000000e+04 1.752403241102099855e+04
1.757500000000000000e+04 1.757403241102099855e+04
1.762500000000000000e+04 1.762403241102099855e+04
1.767500000000000000e+04 1.767403241102099855e+04
1.772500000000000000e+04 1.772403241102099855e+04
1.777500000000000000e+04 1.777403241102099855e+04
1.782500000000000000e+04 1.782403241102099855e+04
1.787500000000000000e+04 1.787403241102099855e+04
1.792500000000000000e+04 1.792403241102099855e+04
1.797500000000000000e+04 1.797403241102099855e+04
1.802500000000000000e+04 1.802403241102099855e+04
1.807500000000000000e+04 1.807403241102099855e+04
1.812500000000000000e+04 1.812403241102099855e+04
1.817500000000000000e+04 1.817403241102099855e+04
1.822500000000000000e+04 1.822403241102099855e+04
1.827500000000000000e+04 1.827403241102099855e+04
1.832500000000000000e+04 1.832403241102099855e+04
1.837500000000000000e+04 1.837403241102099855e+04
1.842500000000000000e+04 1.842403241102099855e+04
1.847500000000000000e+04 1.847403241102099855e+04
1.852500000000000000e+04 1.852403241102099855e+04
1.857500000000000000e+04 1.857403241102099855e+04
1.862500000000000000e+04 1.862403241102099855e+04
1.867500000000000000e+04 1.867403241102099855e+04
1.872500000000000000e+04 1.872403241102099855e+04
1.877500000000000000e+04 1.877403241102099855e+04
1.882500000000000000e+04 1.882403241102099855e+04
1.887500000000000000e+04 1.887403241102099855e+04
1.892500000000000000e+04 1.892403241102099855e+04
1.897500000000000000e+04 1.897403241102099855e+04
1.902500000000000000e+04 1.902403241102099855e+04
1.907500000000000000e+04 1.907403241102099855e+04
1.912500000000000000e+04 1.912403241102099855e+04
1.917500000000000000e+04 1.917403241102099855e+04
1.922500000000000000e+04 1.922403241102099855e+04
1.927500000000000000e+04 1.927403241102099855e+04
1.932500000000000000e+04 1.932403241102099855e+04
1.937500000000000000e+04 1.937403241102099855e+04
1.942500000000000000e+04 1.942403241102099855e+04
1.947500000000000000e+04 1.947403241102099855e+04
1.952500000000000000e+04 1.952403241102099855e+04
1.957500000000000000e+04 1.957403241102099855e+04
1.962500000000000000e+04 1.962403241102099855e+04
1.967500000000000000e+04 1.967403241102099855e+04
1.972500000000000000e+04 1.972403241102099855e+04
1.977500000000000000e+04 1.977403241102099855e+04
1.982500000000000000e+04 1.982403241102099855e+04
1.987500000000000000e+04 1.987403241102099855e+04
1.992500000000000000e+04 1.992403241102099855e+04
