2.025000000000000000e+03 2.013316772743480897e+03
2.075000000000000000e+03 2.063316772743480669e+03
2.125000000000000000e+03 2.113316772743481124e+03
2.175000000000000000e+03 2.163316772743481124e+03
2.225000000000000000e+03 2.213316772743482034e+03
2.275000000000000000e+03 2.263316772743482943e+03
2.325000000000000000e+03 2.313316772743483853e+03
2.375000000000000000e+03 2.363316772743483853e+03
2.425000000000000000e+03 2.413316772743483853e+03
2.475000000000000000e+03 2.463316772743483853e+03
2.525000000000000000e+03 2.513316772743482943e+03
2.575000000000000000e+03 2.563316772743482943e+03
2.625000000000000000e+03 2.613316772743483853e+03
2.675000000000000000e+03 2.663316772743483853e+03
2.725000000000000000e+03 2.713316772743483853e+03
2.775000000000000000e+03 2.763316772743483853e+03
2.825000000000000000e+03 2.813316772743483853e+03
2.875000000000000000e+03 2.863316772743483853e+03
2.925000000000000000e+03 2.913316772743483853e+03
2.975000000000000000e+03 2.963316772743482943e+03
3.025000000000000000e+03 3.013316772743482943e+03
3.075000000000000000e+03 3.063316772743482943e+03
3.125000000000000000e+03 3.113316772743483853e+03
3.175000000000000000e+03 3.163316772743482943e+03
3.225000000000000000e+03 3.213316772743482943e+03
3.275000000000000000e+03 3.263316772743482943e+03
3.325000000000000000e+03 3.313316772743482034e+03
3.375000000000000000e+03 3.363316772743482034e+03
3.425000000000000000e+03 3.413316772743482034e+03
3.475000000000000000e+03 3.463316772743482034e+03
3.525000000000000000e+03 3.513316772743482034e+03
3.575000000000000000e+03 3.563316772743482034e+03
3.625000000000000000e+03 3.613316772743482034e+03
3.675000000000000000e+03 3.663316772743482034e+03
3.725000000000000000e+03 3.713316772743482034e+03
3.775000000000000000e+03 3.763316772743482943e+03
3.825000000000000000e+03 3.813316772743482943e+03
3.875000000000000000e+03 3.863316772743482943e+03
3.925000000000000000e+03 3.913316772743482943e+03
3.975000000000000000e+03 3.963316772743482943e+03
4.025000000000000000e+03 4.013316772743482943e+03
4.075000000000000000e+03 4.063316772743482943e+03
4.125000000000000000e+03 4.113316772743482034e+03
4.175000000000000000e+03 4.163316772743483853e+03
4.225000000000000000e+03 4.213316772743482943e+03
4.275000000000000000e+03 4.263316772743484762e+03
4.325000000000000000e+03 4.313316772743484762e+03
4.375000000000000000e+03 4.363316772743484762e+03
4.425000000000000000e+03 4.413316772743482943e+03
4.475000000000000000e+03 4.463316772743482943e+03
4.525000000000000000e+03 4.513316772743484762e+03
4.575000000000000000e+03 4.563316772743484762e+03
4.625000000000000000e+03 4.613316772743482943e+03
4.675000000000000000e+03 4.663316772743482943e+03
4.725000000000000000e+03 4.713316772743482943e+03
4.775000000000000000e+03 4.763316772743482943e+03
4.825000000000000000e+03 4.813316772743482943e+03
4.875000000000000000e+03 4.863316772743484762e+03
4.925000000000000000e+03 4.913316772743484762e+03
4.975000000000000000e+03 4.963316772743486581e+03
5.025000000000000000e+03 5.013316772743486581e+03
5.075000000000000000e+03 5.063316772743486581e+03
5.125000000000000000e+03 5.113316772743486581e+03
5.175000000000000000e+03 5.163316772743484762e+03
5.225000000000000000e+03 5.213316772743484762e+03
5.275000000000000000e+03 5.263316772743482943e+03
5.325000000000000000e+03 5.313316772743482943e+03
5.375000000000000000e+03 5.363316772743482943e+03
5.425000000000000000e+03 5.413316772743482943e+03
5.475000000000000000e+03 5.463316772743481124e+03
5.525000000000000000e+03 5.513316772743481124e+03
5.575000000000000000e+03 5.563316772743479305e+03
5.625000000000000000e+03 5.613316772743479305e+03
5.675000000000000000e+03 5.663316772743481124e+03
5.725000000000000000e+03 5.713316772743481124e+03
5.775000000000000000e+03 5.763316772743481124e+03
5.825000000000000000e+03 5.813316772743479305e+03
5.875000000000000000e+03 5.863316772743479305e+03
5.925000000000000000e+03 5.913316772743477486e+03
5.975000000000000000e+03 5.963316772743477486e+03
6.025000000000000000e+03 6.013316772743477486e+03
6.075000000000000000e+03 6.063316772743479305e+03
6.125000000000000000e+03 6.113316772743479305e+03
6.175000000000000000e+03 6.163316772743479305e+03
6.225000000000000000e+03 6.213316772743479305e+03
6.275000000000000000e+03 6.263316772743479305e+03
6.325000000000000000e+03 6.313316772743479305e+03
6.375000000000000000e+03 6.363316772743479305e+03
6.425000000000000000e+03 6.413316772743479305e+03
6.475000000000000000e+03 6.463316772743479305e+03
6.525000000000000000e+03 6.513316772743479305e+03
6.575000000000000000e+03 6.563316772743479305e+03
6.625000000000000000e+03 6.613316772743479305e+03
6.675000000000000000e+03 6.663316772743479305e+03
6.725000000000000000e+03 6.713316772743479305e+03
6.775000000000000000e+03 6.763316772743479305e+03
6.825000000000000000e+03 6.813316772743479305e+03
6.875000000000000000e+03 6.863316772743479305e+03
6.925000000000000000e+03 6.913316772743479305e+03
6.975000000000000000e+03 6.963316772743479305e+03
7.025000000000000000e+03 7.013316772743479305e+03
7.075000000000000000e+03 7.063316772743479305e+03
7.125000000000000000e+03 7.113316772743479305e+03
7.175000000000000000e+03 7.163316772743479305e+03
7.225000000000000000e+03 7.213316772743479305e+03
7.275000000000000000e+03 7.263316772743479305e+03
7.325000000000000000e+03 7.313316772743479305e+03
7.375000000000000000e+03 7.363316772743479305e+03
7.425000000000000000e+03 7.413316772743479305e+03
7.475000000000000000e+03 7.463316772743479305e+03
7.525000000000000000e+03 7.513316772743479305e+03
7.575000000000000000e+03 7.563316772743479305e+03
7.625000000000000000e+03 7.613316772743479305e+03
7.675000000000000000e+03 7.663316772743479305e+03
7.725000000000000000e+03 7.713316772743479305e+03
7.775000000000000000e+03 7.763316772743479305e+03
7.825000000000000000e+03 7.813316772743479305e+03
7.875000000000000000e+03 7.863316772743479305e+03
7.925000000000000000e+03 7.913316772743479305e+03
7.975000000000000000e+03 7.963316772743479305e+03
8.025000000000000000e+03 8.013316772743479305e+03
8.075000000000000000e+03 8.063316772743479305e+03
8.125000000000000000e+03 8.113316772743479305e+03
8.175000000000000000e+03 8.163316772743479305e+03
8.225000000000000000e+03 8.213316772743479305e+03
8.275000000000000000e+03 8.263316772743481124e+03
8.325000000000000000e+03 8.313316772743481124e+03
8.375000000000000000e+03 8.363316772743472029e+03
8.425000000000000000e+03 8.413316772743472029e+03
8.475000000000000000e+03 8.463316772743473848e+03
8.525000000000000000e+03 8.513316772743470210e+03
8.575000000000000000e+03 8.563316772743472029e+03
8.625000000000000000e+03 8.613316772743472029e+03
8.675000000000000000e+03 8.663316772743477486e+03
8.725000000000000000e+03 8.713316772743477486e+03
8.775000000000000000e+03 8.763316772743475667e+03
8.825000000000000000e+03 8.813316772743479305e+03
8.875000000000000000e+03 8.863316772743477486e+03
8.925000000000000000e+03 8.913316772743477486e+03
8.975000000000000000e+03 8.963316772743475667e+03
9.025000000000000000e+03 9.013316772743475667e+03
9.075000000000000000e+03 9.063316772743472029e+03
9.125000000000000000e+03 9.113316772743468391e+03
9.175000000000000000e+03 9.163316772743468391e+03
9.225000000000000000e+03 9.213316772743468391e+03
9.275000000000000000e+03 9.263316772743468391e+03
9.325000000000000000e+03 9.313316772743472029e+03
9.375000000000000000e+03 9.363316772743472029e+03
9.425000000000000000e+03 9.413316772743472029e+03
9.475000000000000000e+03 9.463316772743472029e+03
9.525000000000000000e+03 9.513316772743475667e+03
9.575000000000000000e+03 9.563316772743475667e+03
9.625000000000000000e+03 9.613316772743475667e+03
9.675000000000000000e+03 9.663316772743475667e+03
9.725000000000000000e+03 9.713316772743472029e+03
9.775000000000000000e+03 9.763316772743475667e+03
9.825000000000000000e+03 9.813316772743475667e+03
9.875000000000000000e+03 9.863316772743475667e+03
9.925000000000000000e+03 9.913316772743475667e+03
9.975000000000000000e+03 9.963316772743475667e+03
1.002500000000000000e+04 1.001331677274347567e+04
1.007500000000000000e+04 1.006331677274347931e+04
1.012500000000000000e+04 1.011331677274347931e+04
1.017500000000000000e+04 1.016331677274347931e+04
1.022500000000000000e+04 1.021331677274347931e+04
1.027500000000000000e+04 1.026331677274347931e+04
1.032500000000000000e+04 1.031331677274347931e+04
1.037500000000000000e+04 1.036331677274347931e+04
1.042500000000000000e+04 1.041331677274347931e+04
1.047500000000000000e+04 1.046331677274347931e+04
1.052500000000000000e+04 1.051331677274347931e+04
1.057500000000000000e+04 1.056331677274347931e+04
1.062500000000000000e+04 1.061331677274347931e+04
1.067500000000000000e+04 1.066331677274347931e+04
1.072500000000000000e+04 1.071331677274347931e+04
1.077500000000000000e+04 1.076331677274347931e+04
1.082500000000000000e+04 1.081331677274347931e+04
1.087500000000000000e+04 1.086331677274347931e+04
1.092500000000000000e+04 1.091331677274347931e+04
1.097500000000000000e+04 1.096331677274347931e+04
1.102500000000000000e+04 1.101331677274347931e+04
1.107500000000000000e+04 1.106331677274347931e+04
1.112500000000000000e+04 1.111331677274347931e+04
1.117500000000000000e+04 1.116331677274347931e+04
1.122500000000000000e+04 1.121331677274347931e+04
1.127500000000000000e+04 1.126331677274347931e+04
1.132500000000000000e+04 1.131331677274347931e+04
1.137500000000000000e+04 1.136331677274347931e+04
1.142500000000000000e+04 1.141331677274347931e+04
1.147500000000000000e+04 1.146331677274347931e+04
1.152500000000000000e+04 1.151331677274347931e+04
1.157500000000000000e+04 1.156331677274347931e+04
1.162500000000000000e+04 1.161331677274347931e+04
1.167500000000000000e+04 1.166331677274347931e+04
1.172500000000000000e+04 1.171331677274347931e+04
1.177500000000000000e+04 1.176331677274347931e+04
1.182500000000000000e+04 1.181331677274347931e+04
1.187500000000000000e+04 1.186331677274347931e+04
1.192500000000000000e+04 1.191331677274347931e+04
1.197500000000000000e+04 1.196331677274347931e+04
1.202500000000000000e+04 1.201331677274347931e+04
1.207500000000000000e+04 1.206331677274347931e+04
1.212500000000000000e+04 1.211331677274347931e+04
1.217500000000000000e+04 1.216331677274347931e+04
1.222500000000000000e+04 1.221331677274347931e+04
1.227500000000000000e+04 1.226331677274347931e+04
1.232500000000000000e+04 1.231331677274347931e+04
1.237500000000000000e+04 1.236331677274347931e+04
1.242500000000000000e+04 1.241331677274347931e+04
1.247500000000000000e+04 1.246331677274347931e+04
1.252500000000000000e+04 1.251331677274347931e+04
1.257500000000000000e+04 1.256331677274347931e+04
1.262500000000000000e+04 1.261331677274347931e+04
1.267500000000000000e+04 1.266331677274347931e+04
1.272500000000000000e+04 1.271331677274347931e+04
1.277500000000000000e+04 1.276331677274347931e+04
1.282500000000000000e+04 1.281331677274347931e+04
1.287500000000000000e+04 1.286331677274347931e+04
1.292500000000000000e+04 1.291331677274347931e+04
1.297500000000000000e+04 1.296331677274347931e+04
1.302500000000000000e+04 1.301331677274347931e+04
1.307500000000000000e+04 1.306331677274347931e+04
1.312500000000000000e+04 1.311331677274347931e+04
1.317500000000000000e+04 1.316331677274347931e+04
1.322500000000000000e+04 1.321331677274347931e+04
1.327500000000000000e+04 1.326331677274347931e+04
1.332500000000000000e+04 1.331331677274347931e+04
1.337500000000000000e+04 1.336331677274347931e+04
1.342500000000000000e+04 1.341331677274347931e+04
1.347500000000000000e+04 1.346331677274347931e+04
1.352500000000000000e+04 1.351331677274347931e+04
1.357500000000000000e+04 1.356331677274347931e+04
1.362500000000000000e+04 1.361331677274347931e+04
1.367500000000000000e+04 1.366331677274347931e+04
1.372500000000000000e+04 1.371331677274347931e+04
1.377500000000000000e+04 1.376331677274347931e+04
1.382500000000000000e+04 1.381331677274347931e+04
1.387500000000000000e+04 1.386331677274347931e+04
1.392500000000000000e+04 1.391331677274347931e+04
1.397500000000000000e+04 1.396331677274347931e+04
1.402500000000000000e+04 1.401331677274347931e+04
1.407500000000000000e+04 1.406331677274347931e+04
1.412500000000000000e+04 1.411331677274347931e+04
1.417500000000000000e+04 1.416331677274347931e+04
1.422500000000000000e+04 1.421331677274347931e+04
1.427500000000000000e+04 1.426331677274347931e+04
1.432500000000000000e+04 1.431331677274347931e+04
1.437500000000000000e+04 1.436331677274347931e+04
1.442500000000000000e+04 1.441331677274347931e+04
1.447500000000000000e+04 1.446331677274347931e+04
1.452500000000000000e+04 1.451331677274347931e+04
1.457500000000000000e+04 1.456331677274347931e+04
1.462500000000000000e+04 1.461331677274347931e+04
1.467500000000000000e+04 1.466331677274347931e+04
1.472500000000000000e+04 1.471331677274347931e+04
1.477500000000000000e+04 1.476331677274347931e+04
1.482500000000000000e+04 1.481331677274347931e+04
1.487500000000000000e+04 1.486331677274347931e+04
1.492500000000000000e+04 1.491331677274347931e+04
1.497500000000000000e+04 1.496331677274347931e+04
1.502500000000000000e+04 1.501331677274347931e+04
1.507500000000000000e+04 1.506331677274347931e+04
1.512500000000000000e+04 1.511331677274347931e+04
1.517500000000000000e+04 1.516331677274347931e+04
1.522500000000000000e+04 1.521331677274347931e+04
1.527500000000000000e+04 1.526331677274347931e+04
1.532500000000000000e+04 1.531331677274347931e+04
1.537500000000000000e+04 1.536331677274347931e+04
1.542500000000000000e+04 1.541331677274347931e+04
1.547500000000000000e+04 1.546331677274347931e+04
1.552500000000000000e+04 1.551331677274347931e+04
1.557500000000000000e+04 1.556331677274347931e+04
1.562500000000000000e+04 1.561331677274347931e+04
1.567500000000000000e+04 1.566331677274347931e+04
1.572500000000000000e+04 1.571331677274347931e+04
1.577500000000000000e+04 1.576331677274347931e+04
1.582500000000000000e+04 1.581331677274347931e+04
1.587500000000000000e+04 1.586331677274347931e+04
1.592500000000000000e+04 1.591331677274347931e+04
1.597500000000000000e+04 1.596331677274347931e+04
1.602500000000000000e+04 1.601331677274347931e+04
1.607500000000000000e+04 1.606331677274347931e+04
1.612500000000000000e+04 1.611331677274347931e+04
1.617500000000000000e+04 1.616331677274347931e+04
1.622500000000000000e+04 1.621331677274347931e+04
1.627500000000000000e+04 1.626331677274347931e+04
1.632500000000000000e+04 1.631331677274347931e+04
1.637500000000000000e+04 1.636331677274347931e+04
1.642500000000000000e+04 1.641331677274347749e+04
1.647500000000000000e+04 1.646331677274347749e+04
1.652500000000000000e+04 1.651331677274347385e+04
1.657500000000000000e+04 1.656331677274347749e+04
1.662500000000000000e+04 1.661331677274347749e+04
1.667500000000000000e+04 1.666331677274347749e+04
1.672500000000000000e+04 1.671331677274348112e+04
1.677500000000000000e+04 1.676331677274347749e+04
1.682500000000000000e+04 1.681331677274347385e+04
1.687500000000000000e+04 1.686331677274347385e+04
1.692500000000000000e+04 1.691331677274347385e+04
1.697500000000000000e+04 1.696331677274347385e+04
1.702500000000000000e+04 1.701331677274347021e+04
1.707500000000000000e+04 1.706331677274347385e+04
1.712500000000000000e+04 1.711331677274347385e+04
1.717500000000000000e+04 1.716331677274347385e+04
1.722500000000000000e+04 1.721331677274347385e+04
1.727500000000000000e+04 1.726331677274347385e+04
1.732500000000000000e+04 1.731331677274348112e+04
1.737500000000000000e+04 1.736331677274347385e+04
1.742500000000000000e+04 1.741331677274348112e+04
1.747500000000000000e+04 1.746331677274348112e+04
1.752500000000000000e+04 1.751331677274347385e+04
1.757500000000000000e+04 1.756331677274348112e+04
1.762500000000000000e+04 1.761331677274348840e+04
1.767500000000000000e+04 1.766331677274348840e+04
1.772500000000000000e+04 1.771331677274348840e+04
1.777500000000000000e+04 1.776331677274348840e+04
1.782500000000000000e+04 1.781331677274348840e+04
1.787500000000000000e+04 1.786331677274348840e+04
1.792500000000000000e+04 1.791331677274348840e+04
1.797500000000000000e+04 1.796331677274348840e+04
1.802500000000000000e+04 1.801331677274348840e+04
1.807500000000000000e+04 1.806331677274348840e+04
1.812500000000000000e+04 1.811331677274348840e+04
1.817500000000000000e+04 1.816331677274348840e+04
1.822500000000000000e+04 1.821331677274348840e+04
1.827500000000000000e+04 1.826331677274348840e+04
1.832500000000000000e+04 1.831331677274348840e+04
1.837500000000000000e+04 1.836331677274348840e+04
1.842500000000000000e+04 1.841331677274348840e+04
1.847500000000000000e+04 1.846331677274348840e+04
1.852500000000000000e+04 1.851331677274348840e+04
1.857500000000000000e+04 1.856331677274348840e+04
1.862500000000000000e+04 1.861331677274348840e+04
1.867500000000000000e+04 1.866331677274348840e+04
1.872500000000000000e+04 1.871331677274348840e+04
1.877500000000000000e+04 1.876331677274348840e+04
1.882500000000000000e+04 1.881331677274348840e+04
1.887500000000000000e+04 1.886331677274348840e+04
1.892500000000000000e+04 1.891331677274348840e+04
1.897500000000000000e+04 1.896331677274348840e+04
1.902500000000000000e+04 1.901331677274348840e+04
1.907500000000000000e+04 1.906331677274348840e+04
1.912500000000000000e+04 1.911331677274348840e+04
1.917500000000000000e+04 1.916331677274348840e+04
1.922500000000000000e+04 1.921331677274348840e+04
1.927500000000000000e+04 1.926331677274348840e+04
1.932500000000000000e+04 1.931331677274348840e+04
1.937500000000000000e+04 1.936331677274348840e+04
1.942500000000000000e+04 1.941331677274348840e+04
1.947500000000000000e+04 1.946331677274348840e+04
1.952500000000000000e+04 1.951331677274348840e+04
1.957500000000000000e+04 1.956331677274348840e+04
1.962500000000000000e+04 1.961331677274348840e+04
1.967500000000000000e+04 1.966331677274348840e+04
1.972500000000000000e+04 1.971331677274348840e+04
1.977500000000000000e+04 1.976331677274348840e+04
1.982500000000000000e+04 1.981331677274348840e+04
1.987500000000000000e+04 1.986331677274348840e+04
1.992500000000000000e+04 1.991331677274348840e+04
