6.250000000000000000e+02 6.093534957679290756e+02
6.750000000000000000e+02 6.593534957679293029e+02
7.250000000000000000e+02 7.093534957679295303e+02
7.750000000000000000e+02 7.593534957679293029e+02
8.250000000000000000e+02 8.093534957679293029e+02
8.750000000000000000e+02 8.593534957679293029e+02
9.250000000000000000e+02 9.093534957679293029e+02
9.750000000000000000e+02 9.593534957679288482e+02
1.025000000000000000e+03 1.009353495767929076e+03
1.075000000000000000e+03 1.059353495767929417e+03
1.125000000000000000e+03 1.109353495767929189e+03
1.175000000000000000e+03 1.159353495767928734e+03
1.225000000000000000e+03 1.209353495767928280e+03
1.275000000000000000e+03 1.259353495767928280e+03
1.325000000000000000e+03 1.309353495767927825e+03
1.375000000000000000e+03 1.359353495767927370e+03
1.425000000000000000e+03 1.409353495767926916e+03
1.475000000000000000e+03 1.459353495767926916e+03
1.525000000000000000e+03 1.509353495767926916e+03
1.575000000000000000e+03 1.559353495767926916e+03
1.625000000000000000e+03 1.609353495767927370e+03
1.675000000000000000e+03 1.659353495767927370e+03
1.725000000000000000e+03 1.709353495767927370e+03
1.775000000000000000e+03 1.759353495767927370e+03
1.825000000000000000e+03 1.809353495767927370e+03
1.875000000000000000e+03 1.859353495767927370e+03
1.925000000000000000e+03 1.909353495767927370e+03
1.975000000000000000e+03 1.959353495767927370e+03
2.025000000000000000e+03 2.009353495767927370e+03
2.075000000000000000e+03 2.059353495767927598e+03
2.125000000000000000e+03 2.109353495767927143e+03
2.175000000000000000e+03 2.159353495767928052e+03
2.225000000000000000e+03 2.209353495767928052e+03
2.275000000000000000e+03 2.259353495767928052e+03
2.325000000000000000e+03 2.309353495767928052e+03
2.375000000000000000e+03 2.359353495767927143e+03
2.425000000000000000e+03 2.409353495767928052e+03
2.475000000000000000e+03 2.459353495767928962e+03
2.525000000000000000e+03 2.509353495767929871e+03
2.575000000000000000e+03 2.559353495767928962e+03
2.625000000000000000e+03 2.609353495767929871e+03
2.675000000000000000e+03 2.659353495767929871e+03
2.725000000000000000e+03 2.709353495767929871e+03
2.775000000000000000e+03 2.759353495767929871e+03
2.825000000000000000e+03 2.809353495767929871e+03
2.875000000000000000e+03 2.859353495767929871e+03
2.925000000000000000e+03 2.909353495767929871e+03
2.975000000000000000e+03 2.959353495767929871e+03
3.025000000000000000e+03 3.009353495767929871e+03
3.075000000000000000e+03 3.059353495767929871e+03
3.125000000000000000e+03 3.109353495767929871e+03
3.175000000000000000e+03 3.159353495767929871e+03
3.225000000000000000e+03 3.209353495767929871e+03
3.275000000000000000e+03 3.259353495767929871e+03
3.325000000000000000e+03 3.309353495767929871e+03
3.375000000000000000e+03 3.359353495767929871e+03
3.425000000000000000e+03 3.409353495767929871e+03
3.475000000000000000e+03 3.459353495767929871e+03
3.525000000000000000e+03 3.509353495767929871e+03
3.575000000000000000e+03 3.559353495767929871e+03
3.625000000000000000e+03 3.609353495767929871e+03
3.675000000000000000e+03 3.659353495767929871e+03
3.725000000000000000e+03 3.709353495767929871e+03
3.775000000000000000e+03 3.759353495767929871e+03
3.825000000000000000e+03 3.809353495767929871e+03
3.875000000000000000e+03 3.859353495767929871e+03
3.925000000000000000e+03 3.909353495767929871e+03
3.975000000000000000e+03 3.959353495767929871e+03
4.025000000000000000e+03 4.009353495767929871e+03
4.075000000000000000e+03 4.059353495767929871e+03
4.125000000000000000e+03 4.109353495767928507e+03
4.175000000000000000e+03 4.159353495767929417e+03
4.225000000000000000e+03 4.209353495767929417e+03
4.275000000000000000e+03 4.259353495767929417e+03
4.325000000000000000e+03 4.309353495767927598e+03
4.375000000000000000e+03 4.359353495767927598e+03
4.425000000000000000e+03 4.409353495767929417e+03
4.475000000000000000e+03 4.459353495767927598e+03
4.525000000000000000e+03 4.509353495767927598e+03
4.575000000000000000e+03 4.559353495767923960e+03
4.625000000000000000e+03 4.609353495767923960e+03
4.675000000000000000e+03 4.659353495767923960e+03
4.725000000000000000e+03 4.709353495767922141e+03
4.775000000000000000e+03 4.759353495767922141e+03
4.825000000000000000e+03 4.809353495767922141e+03
4.875000000000000000e+03 4.859353495767922141e+03
4.925000000000000000e+03 4.909353495767922141e+03
4.975000000000000000e+03 4.959353495767922141e+03
5.025000000000000000e+03 5.009353495767922141e+03
5.075000000000000000e+03 5.059353495767922141e+03
5.125000000000000000e+03 5.109353495767922141e+03
5.175000000000000000e+03 5.159353495767922141e+03
5.225000000000000000e+03 5.209353495767922141e+03
5.275000000000000000e+03 5.259353495767922141e+03
5.325000000000000000e+03 5.309353495767922141e+03
5.375000000000000000e+03 5.359353495767922141e+03
5.425000000000000000e+03 5.409353495767922141e+03
5.475000000000000000e+03 5.459353495767922141e+03
5.525000000000000000e+03 5.509353495767922141e+03
5.575000000000000000e+03 5.559353495767922141e+03
5.625000000000000000e+03 5.609353495767922141e+03
5.675000000000000000e+03 5.659353495767922141e+03
5.725000000000000000e+03 5.709353495767922141e+03
5.775000000000000000e+03 5.759353495767922141e+03
5.825000000000000000e+03 5.809353495767922141e+03
5.875000000000000000e+03 5.859353495767922141e+03
5.925000000000000000e+03 5.909353495767922141e+03
5.975000000000000000e+03 5.959353495767922141e+03
6.025000000000000000e+03 6.009353495767922141e+03
6.075000000000000000e+03 6.059353495767922141e+03
6.125000000000000000e+03 6.109353495767922141e+03
6.175000000000000000e+03 6.159353495767922141e+03
6.225000000000000000e+03 6.209353495767922141e+03
6.275000000000000000e+03 6.259353495767922141e+03
6.325000000000000000e+03 6.309353495767922141e+03
6.375000000000000000e+03 6.359353495767922141e+03
6.425000000000000000e+03 6.409353495767922141e+03
6.475000000000000000e+03 6.459353495767922141e+03
6.525000000000000000e+03 6.509353495767922141e+03
6.575000000000000000e+03 6.559353495767922141e+03
6.625000000000000000e+03 6.609353495767922141e+03
6.675000000000000000e+03 6.659353495767922141e+03
6.725000000000000000e+03 6.709353495767922141e+03
6.775000000000000000e+03 6.759353495767922141e+03
6.825000000000000000e+03 6.809353495767922141e+03
6.875000000000000000e+03 6.859353495767922141e+03
6.925000000000000000e+03 6.909353495767922141e+03
6.975000000000000000e+03 6.959353495767922141e+03
7.025000000000000000e+03 7.009353495767922141e+03
7.075000000000000000e+03 7.059353495767922141e+03
7.125000000000000000e+03 7.109353495767922141e+03
7.175000000000000000e+03 7.159353495767922141e+03
7.225000000000000000e+03 7.209353495767922141e+03
7.275000000000000000e+03 7.259353495767922141e+03
7.325000000000000000e+03 7.309353495767922141e+03
7.375000000000000000e+03 7.359353495767922141e+03
7.425000000000000000e+03 7.409353495767922141e+03
7.475000000000000000e+03 7.459353495767922141e+03
7.525000000000000000e+03 7.509353495767922141e+03
7.575000000000000000e+03 7.559353495767922141e+03
7.625000000000000000e+03 7.609353495767922141e+03
7.675000000000000000e+03 7.659353495767922141e+03
7.725000000000000000e+03 7.709353495767922141e+03
7.775000000000000000e+03 7.759353495767922141e+03
7.825000000000000000e+03 7.809353495767922141e+03
7.875000000000000000e+03 7.859353495767922141e+03
7.925000000000000000e+03 7.909353495767922141e+03
7.975000000000000000e+03 7.959353495767922141e+03
8.025000000000000000e+03 8.009353495767922141e+03
8.075000000000000000e+03 8.059353495767922141e+03
8.125000000000000000e+03 8.109353495767922141e+03
8.175000000000000000e+03 8.159353495767922141e+03
8.225000000000000000e+03 8.209353495767923960e+03
8.275000000000000000e+03 8.259353495767923960e+03
8.325000000000000000e+03 8.309353495767923960e+03
8.375000000000000000e+03 8.359353495767923960e+03
8.425000000000000000e+03 8.409353495767927598e+03
8.475000000000000000e+03 8.459353495767923960e+03
8.525000000000000000e+03 8.509353495767920322e+03
8.575000000000000000e+03 8.559353495767923960e+03
8.625000000000000000e+03 8.609353495767923960e+03
8.675000000000000000e+03 8.659353495767927598e+03
8.725000000000000000e+03 8.709353495767927598e+03
8.775000000000000000e+03 8.759353495767927598e+03
8.825000000000000000e+03 8.809353495767931236e+03
8.875000000000000000e+03 8.859353495767931236e+03
8.925000000000000000e+03 8.909353495767931236e+03
8.975000000000000000e+03 8.959353495767931236e+03
9.025000000000000000e+03 9.009353495767931236e+03
9.075000000000000000e+03 9.059353495767931236e+03
9.125000000000000000e+03 9.109353495767931236e+03
9.175000000000000000e+03 9.159353495767931236e+03
9.225000000000000000e+03 9.209353495767931236e+03
9.275000000000000000e+03 9.259353495767931236e+03
9.325000000000000000e+03 9.309353495767931236e+03
9.375000000000000000e+03 9.359353495767931236e+03
9.425000000000000000e+03 9.409353495767931236e+03
9.475000000000000000e+03 9.459353495767931236e+03
9.525000000000000000e+03 9.509353495767931236e+03
9.575000000000000000e+03 9.559353495767931236e+03
9.625000000000000000e+03 9.609353495767931236e+03
9.675000000000000000e+03 9.659353495767931236e+03
9.725000000000000000e+03 9.709353495767931236e+03
9.775000000000000000e+03 9.759353495767931236e+03
9.825000000000000000e+03 9.809353495767931236e+03
9.875000000000000000e+03 9.859353495767931236e+03
9.925000000000000000e+03 9.909353495767931236e+03
9.975000000000000000e+03 9.959353495767931236e+03
1.002500000000000000e+04 1.000935349576793124e+04
1.007500000000000000e+04 1.005935349576793124e+04
1.012500000000000000e+04 1.010935349576793124e+04
1.017500000000000000e+04 1.015935349576793124e+04
1.022500000000000000e+04 1.020935349576793124e+04
1.027500000000000000e+04 1.025935349576793124e+04
1.032500000000000000e+04 1.030935349576793124e+04
1.037500000000000000e+04 1.035935349576793124e+04
1.042500000000000000e+04 1.040935349576793124e+04
1.047500000000000000e+04 1.045935349576793124e+04
1.052500000000000000e+04 1.050935349576793124e+04
1.057500000000000000e+04 1.055935349576793124e+04
1.062500000000000000e+04 1.060935349576793124e+04
1.067500000000000000e+04 1.065935349576793124e+04
1.072500000000000000e+04 1.070935349576793124e+04
1.077500000000000000e+04 1.075935349576793124e+04
1.082500000000000000e+04 1.080935349576793124e+04
1.087500000000000000e+04 1.085935349576793124e+04
1.092500000000000000e+04 1.090935349576793124e+04
1.097500000000000000e+04 1.095935349576793124e+04
1.102500000000000000e+04 1.100935349576793124e+04
1.107500000000000000e+04 1.105935349576793124e+04
1.112500000000000000e+04 1.110935349576793124e+04
1.117500000000000000e+04 1.115935349576793124e+04
1.122500000000000000e+04 1.120935349576793124e+04
1.127500000000000000e+04 1.125935349576793124e+04
1.132500000000000000e+04 1.130935349576793124e+04
1.137500000000000000e+04 1.135935349576793124e+04
1.142500000000000000e+04 1.140935349576793124e+04
1.147500000000000000e+04 1.145935349576793124e+04
1.152500000000000000e+04 1.150935349576793124e+04
1.157500000000000000e+04 1.155935349576793124e+04
1.162500000000000000e+04 1.160935349576793124e+04
1.167500000000000000e+04 1.165935349576793124e+04
1.172500000000000000e+04 1.170935349576793124e+04
1.177500000000000000e+04 1.175935349576793124e+04
1.182500000000000000e+04 1.180935349576793124e+04
1.187500000000000000e+04 1.185935349576793124e+04
1.192500000000000000e+04 1.190935349576793124e+04
1.197500000000000000e+04 1.195935349576793124e+04
1.202500000000000000e+04 1.200935349576793124e+04
1.207500000000000000e+04 1.205935349576793124e+04
1.212500000000000000e+04 1.210935349576793124e+04
1.217500000000000000e+04 1.215935349576793124e+04
1.222500000000000000e+04 1.220935349576793124e+04
1.227500000000000000e+04 1.225935349576793124e+04
1.232500000000000000e+04 1.230935349576793124e+04
1.237500000000000000e+04 1.235935349576793124e+04
1.242500000000000000e+04 1.240935349576793124e+04
1.247500000000000000e+04 1.245935349576793124e+04
1.252500000000000000e+04 1.250935349576793124e+04
1.257500000000000000e+04 1.255935349576793124e+04
1.262500000000000000e+04 1.260935349576793124e+04
1.267500000000000000e+04 1.265935349576793124e+04
1.272500000000000000e+04 1.270935349576793124e+04
1.277500000000000000e+04 1.275935349576793124e+04
1.282500000000000000e+04 1.280935349576793124e+04
1.287500000000000000e+04 1.285935349576793124e+04
1.292500000000000000e+04 1.290935349576793124e+04
1.297500000000000000e+04 1.295935349576793124e+04
1.302500000000000000e+04 1.300935349576793124e+04
1.307500000000000000e+04 1.305935349576793124e+04
1.312500000000000000e+04 1.310935349576793124e+04
1.317500000000000000e+04 1.315935349576793124e+04
1.322500000000000000e+04 1.320935349576793124e+04
1.327500000000000000e+04 1.325935349576793124e+04
1.332500000000000000e+04 1.330935349576793124e+04
1.337500000000000000e+04 1.335935349576793124e+04
1.342500000000000000e+04 1.340935349576793124e+04
1.347500000000000000e+04 1.345935349576793124e+04
1.352500000000000000e+04 1.350935349576793124e+04
1.357500000000000000e+04 1.355935349576793124e+04
1.362500000000000000e+04 1.360935349576793124e+04
1.367500000000000000e+04 1.365935349576793124e+04
1.372500000000000000e+04 1.370935349576793124e+04
1.377500000000000000e+04 1.375935349576793124e+04
1.382500000000000000e+04 1.380935349576793124e+04
1.387500000000000000e+04 1.385935349576793124e+04
1.392500000000000000e+04 1.390935349576793124e+04
1.397500000000000000e+04 1.395935349576793124e+04
1.402500000000000000e+04 1.400935349576793124e+04
1.407500000000000000e+04 1.405935349576793124e+04
1.412500000000000000e+04 1.410935349576793124e+04
1.417500000000000000e+04 1.415935349576793124e+04
1.422500000000000000e+04 1.420935349576793124e+04
1.427500000000000000e+04 1.425935349576793124e+04
1.432500000000000000e+04 1.430935349576793124e+04
1.437500000000000000e+04 1.435935349576793124e+04
1.442500000000000000e+04 1.440935349576793124e+04
1.447500000000000000e+04 1.445935349576793124e+04
1.452500000000000000e+04 1.450935349576793124e+04
1.457500000000000000e+04 1.455935349576793124e+04
1.462500000000000000e+04 1.460935349576793124e+04
1.467500000000000000e+04 1.465935349576793124e+04
1.472500000000000000e+04 1.470935349576793124e+04
1.477500000000000000e+04 1.475935349576793124e+04
1.482500000000000000e+04 1.480935349576793124e+04
1.487500000000000000e+04 1.485935349576793124e+04
1.492500000000000000e+04 1.490935349576793124e+04
1.497500000000000000e+04 1.495935349576793124e+04
1.502500000000000000e+04 1.500935349576793124e+04
1.507500000000000000e+04 1.505935349576793124e+04
1.512500000000000000e+04 1.510935349576793124e+04
1.517500000000000000e+04 1.515935349576793124e+04
1.522500000000000000e+04 1.520935349576793124e+04
1.527500000000000000e+04 1.525935349576793124e+04
1.532500000000000000e+04 1.530935349576793124e+04
1.537500000000000000e+04 1.535935349576793124e+04
1.542500000000000000e+04 1.540935349576793124e+04
1.547500000000000000e+04 1.545935349576793124e+04
1.552500000000000000e+04 1.550935349576793124e+04
1.557500000000000000e+04 1.555935349576793124e+04
1.562500000000000000e+04 1.560935349576793124e+04
1.567500000000000000e+04 1.565935349576793124e+04
1.572500000000000000e+04 1.570935349576793124e+04
1.577500000000000000e+04 1.575935349576793124e+04
1.582500000000000000e+04 1.580935349576793124e+04
1.587500000000000000e+04 1.585935349576793124e+04
1.592500000000000000e+04 1.590935349576793124e+04
1.597500000000000000e+04 1.595935349576793124e+04
1.602500000000000000e+04 1.600935349576793124e+04
1.607500000000000000e+04 1.605935349576793124e+04
1.612500000000000000e+04 1.610935349576793124e+04
1.617500000000000000e+04 1.615935349576793124e+04
1.622500000000000000e+04 1.620935349576793124e+04
1.627500000000000000e+04 1.625935349576793124e+04
1.632500000000000000e+04 1.630935349576793124e+04
1.637500000000000000e+04 1.635935349576793124e+04
1.642500000000000000e+04 1.640935349576792578e+04
1.647500000000000000e+04 1.645935349576792942e+04
1.652500000000000000e+04 1.650935349576792942e+04
1.657500000000000000e+04 1.655935349576792942e+04
1.662500000000000000e+04 1.660935349576792942e+04
1.667500000000000000e+04 1.665935349576792942e+04
1.672500000000000000e+04 1.670935349576793305e+04
1.677500000000000000e+04 1.675935349576793305e+04
1.682500000000000000e+04 1.680935349576793305e+04
1.687500000000000000e+04 1.685935349576792942e+04
1.692500000000000000e+04 1.690935349576792942e+04
1.697500000000000000e+04 1.695935349576792578e+04
1.702500000000000000e+04 1.700935349576792578e+04
1.707500000000000000e+04 1.705935349576792578e+04
1.712500000000000000e+04 1.710935349576792578e+04
1.717500000000000000e+04 1.715935349576792578e+04
1.722500000000000000e+04 1.720935349576792578e+04
1.727500000000000000e+04 1.725935349576792578e+04
1.732500000000000000e+04 1.730935349576792578e+04
1.737500000000000000e+04 1.735935349576792578e+04
1.742500000000000000e+04 1.740935349576792578e+04
1.747500000000000000e+04 1.745935349576792578e+04
1.752500000000000000e+04 1.750935349576792578e+04
1.757500000000000000e+04 1.755935349576792578e+04
1.762500000000000000e+04 1.760935349576792578e+04
1.767500000000000000e+04 1.765935349576792578e+04
1.772500000000000000e+04 1.770935349576792578e+04
1.777500000000000000e+04 1.775935349576792578e+04
1.782500000000000000e+04 1.780935349576792578e+04
1.787500000000000000e+04 1.785935349576792578e+04
1.792500000000000000e+04 1.790935349576792578e+04
1.797500000000000000e+04 1.795935349576792578e+04
1.802500000000000000e+04 1.800935349576792578e+04
1.807500000000000000e+04 1.805935349576792578e+04
1.812500000000000000e+04 1.810935349576792578e+04
1.817500000000000000e+04 1.815935349576792578e+04
1.822500000000000000e+04 1.820935349576792578e+04
1.827500000000000000e+04 1.825935349576792578e+04
1.832500000000000000e+04 1.830935349576792578e+04
1.837500000000000000e+04 1.835935349576792578e+04
1.842500000000000000e+04 1.840935349576792578e+04
1.847500000000000000e+04 1.845935349576792578e+04
1.852500000000000000e+04 1.850935349576792578e+04
1.857500000000000000e+04 1.855935349576792578e+04
1.862500000000000000e+04 1.860935349576792578e+04
1.867500000000000000e+04 1.865935349576792578e+04
1.872500000000000000e+04 1.870935349576792578e+04
1.877500000000000000e+04 1.875935349576792578e+04
1.882500000000000000e+04 1.880935349576792578e+04
1.887500000000000000e+04 1.885935349576792578e+04
1.892500000000000000e+04 1.890935349576792578e+04
1.897500000000000000e+04 1.895935349576792578e+04
1.902500000000000000e+04 1.900935349576792578e+04
1.907500000000000000e+04 1.905935349576792578e+04
1.912500000000000000e+04 1.910935349576792578e+04
1.917500000000000000e+04 1.915935349576792578e+04
1.922500000000000000e+04 1.920935349576792578e+04
1.927500000000000000e+04 1.925935349576792578e+04
1.932500000000000000e+04 1.930935349576792578e+04
1.937500000000000000e+04 1.935935349576792578e+04
1.942500000000000000e+04 1.940935349576792578e+04
1.947500000000000000e+04 1.945935349576792578e+04
1.952500000000000000e+04 1.950935349576792578e+04
1.957500000000000000e+04 1.955935349576792578e+04
1.962500000000000000e+04 1.960935349576792578e+04
1.967500000000000000e+04 1.965935349576792578e+04
1.972500000000000000e+04 1.970935349576792578e+04
1.977500000000000000e+04 1.975935349576792578e+04
1.982500000000000000e+04 1.980935349576792578e+04
1.987500000000000000e+04 1.985935349576792578e+04
1.992500000000000000e+04 1.990935349576792578e+04
