1.625000000000000000e+03 1.608183345968372578e+03
1.675000000000000000e+03 1.658183345968373033e+03
1.725000000000000000e+03 1.708183345968373033e+03
1.775000000000000000e+03 1.758183345968372578e+03
1.825000000000000000e+03 1.808183345968372123e+03
1.875000000000000000e+03 1.858183345968371668e+03
1.925000000000000000e+03 1.908183345968372123e+03
1.975000000000000000e+03 1.958183345968371668e+03
2.025000000000000000e+03 2.008183345968371668e+03
2.075000000000000000e+03 2.058183345968371214e+03
2.125000000000000000e+03 2.108183345968368940e+03
2.175000000000000000e+03 2.158183345968367576e+03
2.225000000000000000e+03 2.208183345968367576e+03
2.275000000000000000e+03 2.258183345968368030e+03
2.325000000000000000e+03 2.308183345968367576e+03
2.375000000000000000e+03 2.358183345968367576e+03
2.425000000000000000e+03 2.408183345968367576e+03
2.475000000000000000e+03 2.458183345968366666e+03
2.525000000000000000e+03 2.508183345968367576e+03
2.575000000000000000e+03 2.558183345968366666e+03
2.625000000000000000e+03 2.608183345968366666e+03
2.675000000000000000e+03 2.658183345968366666e+03
2.725000000000000000e+03 2.708183345968366666e+03
2.775000000000000000e+03 2.758183345968366666e+03
2.825000000000000000e+03 2.808183345968366666e+03
2.875000000000000000e+03 2.858183345968366666e+03
2.925000000000000000e+03 2.908183345968366666e+03
2.975000000000000000e+03 2.958183345968367576e+03
3.025000000000000000e+03 3.008183345968366666e+03
3.075000000000000000e+03 3.058183345968366666e+03
3.125000000000000000e+03 3.108183345968366666e+03
3.175000000000000000e+03 3.158183345968365757e+03
3.225000000000000000e+03 3.208183345968365757e+03
3.275000000000000000e+03 3.258183345968364847e+03
3.325000000000000000e+03 3.308183345968364847e+03
3.375000000000000000e+03 3.358183345968365757e+03
3.425000000000000000e+03 3.408183345968365757e+03
3.475000000000000000e+03 3.458183345968366666e+03
3.525000000000000000e+03 3.508183345968366666e+03
3.575000000000000000e+03 3.558183345968368485e+03
3.625000000000000000e+03 3.608183345968367576e+03
3.675000000000000000e+03 3.658183345968367576e+03
3.725000000000000000e+03 3.708183345968367576e+03
3.775000000000000000e+03 3.758183345968367576e+03
3.825000000000000000e+03 3.808183345968367576e+03
3.875000000000000000e+03 3.858183345968367576e+03
3.925000000000000000e+03 3.908183345968367576e+03
3.975000000000000000e+03 3.958183345968367576e+03
4.025000000000000000e+03 4.008183345968367576e+03
4.075000000000000000e+03 4.058183345968367576e+03
4.125000000000000000e+03 4.108183345968367576e+03
4.175000000000000000e+03 4.158183345968369395e+03
4.225000000000000000e+03 4.208183345968372123e+03
4.275000000000000000e+03 4.258183345968369395e+03
4.325000000000000000e+03 4.308183345968368485e+03
4.375000000000000000e+03 4.358183345968367576e+03
4.425000000000000000e+03 4.408183345968368485e+03
4.475000000000000000e+03 4.458183345968369395e+03
4.525000000000000000e+03 4.508183345968368485e+03
4.575000000000000000e+03 4.558183345968368485e+03
4.625000000000000000e+03 4.608183345968369395e+03
4.675000000000000000e+03 4.658183345968370304e+03
4.725000000000000000e+03 4.708183345968370304e+03
4.775000000000000000e+03 4.758183345968369395e+03
4.825000000000000000e+03 4.808183345968370304e+03
4.875000000000000000e+03 4.858183345968369395e+03
4.925000000000000000e+03 4.908183345968371214e+03
4.975000000000000000e+03 4.958183345968371214e+03
5.025000000000000000e+03 5.008183345968371214e+03
5.075000000000000000e+03 5.058183345968371214e+03
5.125000000000000000e+03 5.108183345968373033e+03
5.175000000000000000e+03 5.158183345968373033e+03
5.225000000000000000e+03 5.208183345968374852e+03
5.275000000000000000e+03 5.258183345968374852e+03
5.325000000000000000e+03 5.308183345968373033e+03
5.375000000000000000e+03 5.358183345968373033e+03
5.425000000000000000e+03 5.408183345968373033e+03
5.475000000000000000e+03 5.458183345968374852e+03
5.525000000000000000e+03 5.508183345968373033e+03
5.575000000000000000e+03 5.558183345968373033e+03
5.625000000000000000e+03 5.608183345968371214e+03
5.675000000000000000e+03 5.658183345968371214e+03
5.725000000000000000e+03 5.708183345968369395e+03
5.775000000000000000e+03 5.758183345968369395e+03
5.825000000000000000e+03 5.808183345968369395e+03
5.875000000000000000e+03 5.858183345968369395e+03
5.925000000000000000e+03 5.908183345968369395e+03
5.975000000000000000e+03 5.958183345968369395e+03
6.025000000000000000e+03 6.008183345968369395e+03
6.075000000000000000e+03 6.058183345968369395e+03
6.125000000000000000e+03 6.108183345968369395e+03
6.175000000000000000e+03 6.158183345968369395e+03
6.225000000000000000e+03 6.208183345968369395e+03
6.275000000000000000e+03 6.258183345968369395e+03
6.325000000000000000e+03 6.308183345968369395e+03
6.375000000000000000e+03 6.358183345968369395e+03
6.425000000000000000e+03 6.408183345968369395e+03
6.475000000000000000e+03 6.458183345968369395e+03
6.525000000000000000e+03 6.508183345968369395e+03
6.575000000000000000e+03 6.558183345968369395e+03
6.625000000000000000e+03 6.608183345968369395e+03
6.675000000000000000e+03 6.658183345968369395e+03
6.725000000000000000e+03 6.708183345968369395e+03
6.775000000000000000e+03 6.758183345968369395e+03
6.825000000000000000e+03 6.808183345968369395e+03
6.875000000000000000e+03 6.858183345968369395e+03
6.925000000000000000e+03 6.908183345968369395e+03
6.975000000000000000e+03 6.958183345968369395e+03
7.025000000000000000e+03 7.008183345968369395e+03
7.075000000000000000e+03 7.058183345968369395e+03
7.125000000000000000e+03 7.108183345968369395e+03
7.175000000000000000e+03 7.158183345968369395e+03
7.225000000000000000e+03 7.208183345968369395e+03
7.275000000000000000e+03 7.258183345968369395e+03
7.325000000000000000e+03 7.308183345968369395e+03
7.375000000000000000e+03 7.358183345968369395e+03
7.425000000000000000e+03 7.408183345968369395e+03
7.475000000000000000e+03 7.458183345968369395e+03
7.525000000000000000e+03 7.508183345968369395e+03
7.575000000000000000e+03 7.558183345968369395e+03
7.625000000000000000e+03 7.608183345968369395e+03
7.675000000000000000e+03 7.658183345968369395e+03
7.725000000000000000e+03 7.708183345968369395e+03
7.775000000000000000e+03 7.758183345968369395e+03
7.825000000000000000e+03 7.808183345968369395e+03
7.875000000000000000e+03 7.858183345968369395e+03
7.925000000000000000e+03 7.908183345968369395e+03
7.975000000000000000e+03 7.958183345968369395e+03
8.025000000000000000e+03 8.008183345968369395e+03
8.075000000000000000e+03 8.058183345968369395e+03
8.125000000000000000e+03 8.108183345968369395e+03
8.175000000000000000e+03 8.158183345968369395e+03
8.225000000000000000e+03 8.208183345968367576e+03
8.275000000000000000e+03 8.258183345968367576e+03
8.325000000000000000e+03 8.308183345968367576e+03
8.375000000000000000e+03 8.358183345968371214e+03
8.425000000000000000e+03 8.408183345968363938e+03
8.475000000000000000e+03 8.458183345968367576e+03
8.525000000000000000e+03 8.508183345968371214e+03
8.575000000000000000e+03 8.558183345968371214e+03
8.625000000000000000e+03 8.608183345968374852e+03
8.675000000000000000e+03 8.658183345968374852e+03
8.725000000000000000e+03 8.708183345968371214e+03
8.775000000000000000e+03 8.758183345968371214e+03
8.825000000000000000e+03 8.808183345968374852e+03
8.875000000000000000e+03 8.858183345968378489e+03
8.925000000000000000e+03 8.908183345968374852e+03
8.975000000000000000e+03 8.958183345968374852e+03
9.025000000000000000e+03 9.008183345968374852e+03
9.075000000000000000e+03 9.058183345968378489e+03
9.125000000000000000e+03 9.108183345968378489e+03
9.175000000000000000e+03 9.158183345968374852e+03
9.225000000000000000e+03 9.208183345968374852e+03
9.275000000000000000e+03 9.258183345968371214e+03
9.325000000000000000e+03 9.308183345968371214e+03
9.375000000000000000e+03 9.358183345968367576e+03
9.425000000000000000e+03 9.408183345968371214e+03
9.475000000000000000e+03 9.458183345968374852e+03
9.525000000000000000e+03 9.508183345968374852e+03
9.575000000000000000e+03 9.558183345968371214e+03
9.625000000000000000e+03 9.608183345968371214e+03
9.675000000000000000e+03 9.658183345968371214e+03
9.725000000000000000e+03 9.708183345968374852e+03
9.775000000000000000e+03 9.758183345968374852e+03
9.825000000000000000e+03 9.808183345968378489e+03
9.875000000000000000e+03 9.858183345968378489e+03
9.925000000000000000e+03 9.908183345968378489e+03
9.975000000000000000e+03 9.958183345968378489e+03
1.002500000000000000e+04 1.000818334596837849e+04
1.007500000000000000e+04 1.005818334596837849e+04
1.012500000000000000e+04 1.010818334596837849e+04
1.017500000000000000e+04 1.015818334596837849e+04
1.022500000000000000e+04 1.020818334596837849e+04
1.027500000000000000e+04 1.025818334596837849e+04
1.032500000000000000e+04 1.030818334596837849e+04
1.037500000000000000e+04 1.035818334596837849e+04
1.042500000000000000e+04 1.040818334596837849e+04
1.047500000000000000e+04 1.045818334596837849e+04
1.052500000000000000e+04 1.050818334596837849e+04
1.057500000000000000e+04 1.055818334596837849e+04
1.062500000000000000e+04 1.060818334596837849e+04
1.067500000000000000e+04 1.065818334596837849e+04
1.072500000000000000e+04 1.070818334596837849e+04
1.077500000000000000e+04 1.075818334596837849e+04
1.082500000000000000e+04 1.080818334596837849e+04
1.087500000000000000e+04 1.085818334596837849e+04
1.092500000000000000e+04 1.090818334596837849e+04
1.097500000000000000e+04 1.095818334596837849e+04
1.102500000000000000e+04 1.100818334596837849e+04
1.107500000000000000e+04 1.105818334596837849e+04
1.112500000000000000e+04 1.110818334596837849e+04
1.117500000000000000e+04 1.115818334596837849e+04
1.122500000000000000e+04 1.120818334596837849e+04
1.127500000000000000e+04 1.125818334596837849e+04
1.132500000000000000e+04 1.130818334596837849e+04
1.137500000000000000e+04 1.135818334596837849e+04
1.142500000000000000e+04 1.140818334596837849e+04
1.147500000000000000e+04 1.145818334596837849e+04
1.152500000000000000e+04 1.150818334596837849e+04
1.157500000000000000e+04 1.155818334596837849e+04
1.162500000000000000e+04 1.160818334596837849e+04
1.167500000000000000e+04 1.165818334596837849e+04
1.172500000000000000e+04 1.170818334596837849e+04
1.177500000000000000e+04 1.175818334596837849e+04
1.182500000000000000e+04 1.180818334596837849e+04
1.187500000000000000e+04 1.185818334596837849e+04
1.192500000000000000e+04 1.190818334596837849e+04
1.197500000000000000e+04 1.195818334596837849e+04
1.202500000000000000e+04 1.200818334596837849e+04
1.207500000000000000e+04 1.205818334596837849e+04
1.212500000000000000e+04 1.210818334596837849e+04
1.217500000000000000e+04 1.215818334596837849e+04
1.222500000000000000e+04 1.220818334596837849e+04
1.227500000000000000e+04 1.225818334596837849e+04
1.232500000000000000e+04 1.230818334596837849e+04
1.237500000000000000e+04 1.235818334596837849e+04
1.242500000000000000e+04 1.240818334596837849e+04
1.247500000000000000e+04 1.245818334596837849e+04
1.252500000000000000e+04 1.250818334596837849e+04
1.257500000000000000e+04 1.255818334596837849e+04
1.262500000000000000e+04 1.260818334596837849e+04
1.267500000000000000e+04 1.265818334596837849e+04
1.272500000000000000e+04 1.270818334596837849e+04
1.277500000000000000e+04 1.275818334596837849e+04
1.282500000000000000e+04 1.280818334596837849e+04
1.287500000000000000e+04 1.285818334596837849e+04
1.292500000000000000e+04 1.290818334596837849e+04
1.297500000000000000e+04 1.295818334596837849e+04
1.302500000000000000e+04 1.300818334596837849e+04
1.307500000000000000e+04 1.305818334596837849e+04
1.312500000000000000e+04 1.310818334596837849e+04
1.317500000000000000e+04 1.315818334596837849e+04
1.322500000000000000e+04 1.320818334596837849e+04
1.327500000000000000e+04 1.325818334596837849e+04
1.332500000000000000e+04 1.330818334596837849e+04
1.337500000000000000e+04 1.335818334596837849e+04
1.342500000000000000e+04 1.340818334596837849e+04
1.347500000000000000e+04 1.345818334596837849e+04
1.352500000000000000e+04 1.350818334596837849e+04
1.357500000000000000e+04 1.355818334596837849e+04
1.362500000000000000e+04 1.360818334596837849e+04
1.367500000000000000e+04 1.365818334596837849e+04
1.372500000000000000e+04 1.370818334596837849e+04
1.377500000000000000e+04 1.375818334596837849e+04
1.382500000000000000e+04 1.380818334596837849e+04
1.387500000000000000e+04 1.385818334596837849e+04
1.392500000000000000e+04 1.390818334596837849e+04
1.397500000000000000e+04 1.395818334596837849e+04
1.402500000000000000e+04 1.400818334596837849e+04
1.407500000000000000e+04 1.405818334596837849e+04
1.412500000000000000e+04 1.410818334596837849e+04
1.417500000000000000e+04 1.415818334596837849e+04
1.422500000000000000e+04 1.420818334596837849e+04
1.427500000000000000e+04 1.425818334596837849e+04
1.432500000000000000e+04 1.430818334596837849e+04
1.437500000000000000e+04 1.435818334596837849e+04
1.442500000000000000e+04 1.440818334596837849e+04
1.447500000000000000e+04 1.445818334596837849e+04
1.452500000000000000e+04 1.450818334596837849e+04
1.457500000000000000e+04 1.455818334596837849e+04
1.462500000000000000e+04 1.460818334596837849e+04
1.467500000000000000e+04 1.465818334596837849e+04
1.472500000000000000e+04 1.470818334596837849e+04
1.477500000000000000e+04 1.475818334596837849e+04
1.482500000000000000e+04 1.480818334596837849e+04
1.487500000000000000e+04 1.485818334596837849e+04
1.492500000000000000e+04 1.490818334596837849e+04
1.497500000000000000e+04 1.495818334596837849e+04
1.502500000000000000e+04 1.500818334596837849e+04
1.507500000000000000e+04 1.505818334596837849e+04
1.512500000000000000e+04 1.510818334596837849e+04
1.517500000000000000e+04 1.515818334596837849e+04
1.522500000000000000e+04 1.520818334596837849e+04
1.527500000000000000e+04 1.525818334596837849e+04
1.532500000000000000e+04 1.530818334596837849e+04
1.537500000000000000e+04 1.535818334596837849e+04
1.542500000000000000e+04 1.540818334596837849e+04
1.547500000000000000e+04 1.545818334596837849e+04
1.552500000000000000e+04 1.550818334596837849e+04
1.557500000000000000e+04 1.555818334596837849e+04
1.562500000000000000e+04 1.560818334596837849e+04
1.567500000000000000e+04 1.565818334596837849e+04
1.572500000000000000e+04 1.570818334596837849e+04
1.577500000000000000e+04 1.575818334596837849e+04
1.582500000000000000e+04 1.580818334596837849e+04
1.587500000000000000e+04 1.585818334596837849e+04
1.592500000000000000e+04 1.590818334596837849e+04
1.597500000000000000e+04 1.595818334596837849e+04
1.602500000000000000e+04 1.600818334596837849e+04
1.607500000000000000e+04 1.605818334596837849e+04
1.612500000000000000e+04 1.610818334596837849e+04
1.617500000000000000e+04 1.615818334596837849e+04
1.622500000000000000e+04 1.620818334596837849e+04
1.627500000000000000e+04 1.625818334596837849e+04
1.632500000000000000e+04 1.630818334596837849e+04
1.637500000000000000e+04 1.635818334596837849e+04
1.642500000000000000e+04 1.640818334596838031e+04
1.647500000000000000e+04 1.645818334596838031e+04
1.652500000000000000e+04 1.650818334596837303e+04
1.657500000000000000e+04 1.655818334596837303e+04
1.662500000000000000e+04 1.660818334596837667e+04
1.667500000000000000e+04 1.665818334596838031e+04
1.672500000000000000e+04 1.670818334596837303e+04
1.677500000000000000e+04 1.675818334596836576e+04
1.682500000000000000e+04 1.680818334596836212e+04
1.687500000000000000e+04 1.685818334596836576e+04
1.692500000000000000e+04 1.690818334596836212e+04
1.697500000000000000e+04 1.695818334596836212e+04
1.702500000000000000e+04 1.700818334596835848e+04
1.707500000000000000e+04 1.705818334596835848e+04
1.712500000000000000e+04 1.710818334596835484e+04
1.717500000000000000e+04 1.715818334596835484e+04
1.722500000000000000e+04 1.720818334596835484e+04
1.727500000000000000e+04 1.725818334596835484e+04
1.732500000000000000e+04 1.730818334596836212e+04
1.737500000000000000e+04 1.735818334596836212e+04
1.742500000000000000e+04 1.740818334596836212e+04
1.747500000000000000e+04 1.745818334596837667e+04
1.752500000000000000e+04 1.750818334596837667e+04
1.757500000000000000e+04 1.755818334596837667e+04
1.762500000000000000e+04 1.760818334596837667e+04
1.767500000000000000e+04 1.765818334596836939e+04
1.772500000000000000e+04 1.770818334596836212e+04
1.777500000000000000e+04 1.775818334596836212e+04
1.782500000000000000e+04 1.780818334596836212e+04
1.787500000000000000e+04 1.785818334596836212e+04
1.792500000000000000e+04 1.790818334596836212e+04
1.797500000000000000e+04 1.795818334596836212e+04
1.802500000000000000e+04 1.800818334596835484e+04
1.807500000000000000e+04 1.805818334596835484e+04
1.812500000000000000e+04 1.810818334596835484e+04
1.817500000000000000e+04 1.815818334596835484e+04
1.822500000000000000e+04 1.820818334596835484e+04
1.827500000000000000e+04 1.825818334596835484e+04
1.832500000000000000e+04 1.830818334596835484e+04
1.837500000000000000e+04 1.835818334596835484e+04
1.842500000000000000e+04 1.840818334596835484e+04
1.847500000000000000e+04 1.845818334596835484e+04
1.852500000000000000e+04 1.850818334596835484e+04
1.857500000000000000e+04 1.855818334596835484e+04
1.862500000000000000e+04 1.860818334596835484e+04
1.867500000000000000e+04 1.865818334596835484e+04
1.872500000000000000e+04 1.870818334596835484e+04
1.877500000000000000e+04 1.875818334596835484e+04
1.882500000000000000e+04 1.880818334596835484e+04
1.887500000000000000e+04 1.885818334596835484e+04
1.892500000000000000e+04 1.890818334596835484e+04
1.897500000000000000e+04 1.895818334596835484e+04
1.902500000000000000e+04 1.900818334596835484e+04
1.907500000000000000e+04 1.905818334596835484e+04
1.912500000000000000e+04 1.910818334596835484e+04
1.917500000000000000e+04 1.915818334596835484e+04
1.922500000000000000e+04 1.920818334596835484e+04
1.927500000000000000e+04 1.925818334596835484e+04
1.932500000000000000e+04 1.930818334596835484e+04
1.937500000000000000e+04 1.935818334596835484e+04
1.942500000000000000e+04 1.940818334596835484e+04
1.947500000000000000e+04 1.945818334596835484e+04
1.952500000000000000e+04 1.950818334596835484e+04
1.957500000000000000e+04 1.955818334596835484e+04
1.962500000000000000e+04 1.960818334596835484e+04
1.967500000000000000e+04 1.965818334596835484e+04
1.972500000000000000e+04 1.970818334596835484e+04
1.977500000000000000e+04 1.975818334596835484e+04
1.982500000000000000e+04 1.980818334596835484e+04
1.987500000000000000e+04 1.985818334596835484e+04
1.992500000000000000e+04 1.990818334596835484e+04
