1.225000000000000000e+03 1.204367350791638046e+03
1.275000000000000000e+03 1.254367350791638046e+03
1.325000000000000000e+03 1.304367350791638955e+03
1.375000000000000000e+03 1.354367350791638955e+03
1.425000000000000000e+03 1.404367350791638955e+03
1.475000000000000000e+03 1.454367350791638955e+03
1.525000000000000000e+03 1.504367350791638501e+03
1.575000000000000000e+03 1.554367350791638046e+03
1.625000000000000000e+03 1.604367350791638501e+03
1.675000000000000000e+03 1.654367350791638955e+03
1.725000000000000000e+03 1.704367350791638501e+03
1.775000000000000000e+03 1.754367350791638501e+03
1.825000000000000000e+03 1.804367350791638046e+03
1.875000000000000000e+03 1.854367350791638046e+03
1.925000000000000000e+03 1.904367350791638046e+03
1.975000000000000000e+03 1.954367350791638046e+03
2.025000000000000000e+03 2.004367350791638501e+03
2.075000000000000000e+03 2.054367350791638728e+03
2.125000000000000000e+03 2.104367350791639183e+03
2.175000000000000000e+03 2.154367350791638728e+03
2.225000000000000000e+03 2.204367350791637364e+03
2.275000000000000000e+03 2.254367350791636454e+03
2.325000000000000000e+03 2.304367350791636454e+03
2.375000000000000000e+03 2.354367350791635545e+03
2.425000000000000000e+03 2.404367350791635545e+03
2.475000000000000000e+03 2.454367350791635545e+03
2.525000000000000000e+03 2.504367350791636454e+03
2.575000000000000000e+03 2.554367350791637364e+03
2.625000000000000000e+03 2.604367350791636454e+03
2.675000000000000000e+03 2.654367350791636454e+03
2.725000000000000000e+03 2.704367350791636454e+03
2.775000000000000000e+03 2.754367350791637364e+03
2.825000000000000000e+03 2.804367350791637364e+03
2.875000000000000000e+03 2.854367350791636454e+03
2.925000000000000000e+03 2.904367350791636454e+03
2.975000000000000000e+03 2.954367350791636454e+03
3.025000000000000000e+03 3.004367350791636454e+03
3.075000000000000000e+03 3.054367350791636454e+03
3.125000000000000000e+03 3.104367350791638273e+03
3.175000000000000000e+03 3.154367350791639183e+03
3.225000000000000000e+03 3.204367350791638273e+03
3.275000000000000000e+03 3.254367350791639183e+03
3.325000000000000000e+03 3.304367350791639183e+03
3.375000000000000000e+03 3.354367350791639183e+03
3.425000000000000000e+03 3.404367350791639183e+03
3.475000000000000000e+03 3.454367350791639183e+03
3.525000000000000000e+03 3.504367350791639183e+03
3.575000000000000000e+03 3.554367350791639183e+03
3.625000000000000000e+03 3.604367350791639183e+03
3.675000000000000000e+03 3.654367350791639183e+03
3.725000000000000000e+03 3.704367350791639183e+03
3.775000000000000000e+03 3.754367350791639183e+03
3.825000000000000000e+03 3.804367350791639183e+03
3.875000000000000000e+03 3.854367350791639183e+03
3.925000000000000000e+03 3.904367350791639183e+03
3.975000000000000000e+03 3.954367350791639183e+03
4.025000000000000000e+03 4.004367350791639183e+03
4.075000000000000000e+03 4.054367350791639183e+03
4.125000000000000000e+03 4.104367350791639183e+03
4.175000000000000000e+03 4.154367350791638273e+03
4.225000000000000000e+03 4.204367350791639183e+03
4.275000000000000000e+03 4.254367350791641002e+03
4.325000000000000000e+03 4.304367350791639183e+03
4.375000000000000000e+03 4.354367350791640092e+03
4.425000000000000000e+03 4.404367350791641911e+03
4.475000000000000000e+03 4.454367350791643730e+03
4.525000000000000000e+03 4.504367350791641911e+03
4.575000000000000000e+03 4.554367350791643730e+03
4.625000000000000000e+03 4.604367350791645549e+03
4.675000000000000000e+03 4.654367350791645549e+03
4.725000000000000000e+03 4.704367350791643730e+03
4.775000000000000000e+03 4.754367350791643730e+03
4.825000000000000000e+03 4.804367350791641911e+03
4.875000000000000000e+03 4.854367350791641911e+03
4.925000000000000000e+03 4.904367350791643730e+03
4.975000000000000000e+03 4.954367350791641911e+03
5.025000000000000000e+03 5.004367350791640092e+03
5.075000000000000000e+03 5.054367350791641911e+03
5.125000000000000000e+03 5.104367350791641911e+03
5.175000000000000000e+03 5.154367350791641911e+03
5.225000000000000000e+03 5.204367350791641911e+03
5.275000000000000000e+03 5.254367350791641911e+03
5.325000000000000000e+03 5.304367350791641911e+03
5.375000000000000000e+03 5.354367350791641911e+03
5.425000000000000000e+03 5.404367350791641911e+03
5.475000000000000000e+03 5.454367350791641911e+03
5.525000000000000000e+03 5.504367350791641911e+03
5.575000000000000000e+03 5.554367350791641911e+03
5.625000000000000000e+03 5.604367350791641911e+03
5.675000000000000000e+03 5.654367350791641911e+03
5.725000000000000000e+03 5.704367350791641911e+03
5.775000000000000000e+03 5.754367350791641911e+03
5.825000000000000000e+03 5.804367350791641911e+03
5.875000000000000000e+03 5.854367350791641911e+03
5.925000000000000000e+03 5.904367350791641911e+03
5.975000000000000000e+03 5.954367350791641911e+03
6.025000000000000000e+03 6.004367350791641911e+03
6.075000000000000000e+03 6.054367350791641911e+03
6.125000000000000000e+03 6.104367350791641911e+03
6.175000000000000000e+03 6.154367350791641911e+03
6.225000000000000000e+03 6.204367350791641911e+03
6.275000000000000000e+03 6.254367350791641911e+03
6.325000000000000000e+03 6.304367350791641911e+03
6.375000000000000000e+03 6.354367350791641911e+03
6.425000000000000000e+03 6.404367350791641911e+03
6.475000000000000000e+03 6.454367350791641911e+03
6.525000000000000000e+03 6.504367350791641911e+03
6.575000000000000000e+03 6.554367350791641911e+03
6.625000000000000000e+03 6.604367350791641911e+03
6.675000000000000000e+03 6.654367350791641911e+03
6.725000000000000000e+03 6.704367350791641911e+03
6.775000000000000000e+03 6.754367350791641911e+03
6.825000000000000000e+03 6.804367350791641911e+03
6.875000000000000000e+03 6.854367350791641911e+03
6.925000000000000000e+03 6.904367350791641911e+03
6.975000000000000000e+03 6.954367350791641911e+03
7.025000000000000000e+03 7.004367350791641911e+03
7.075000000000000000e+03 7.054367350791641911e+03
7.125000000000000000e+03 7.104367350791641911e+03
7.175000000000000000e+03 7.154367350791641911e+03
7.225000000000000000e+03 7.204367350791641911e+03
7.275000000000000000e+03 7.254367350791641911e+03
7.325000000000000000e+03 7.304367350791641911e+03
7.375000000000000000e+03 7.354367350791641911e+03
7.425000000000000000e+03 7.404367350791641911e+03
7.475000000000000000e+03 7.454367350791641911e+03
7.525000000000000000e+03 7.504367350791641911e+03
7.575000000000000000e+03 7.554367350791641911e+03
7.625000000000000000e+03 7.604367350791641911e+03
7.675000000000000000e+03 7.654367350791641911e+03
7.725000000000000000e+03 7.704367350791641911e+03
7.775000000000000000e+03 7.754367350791641911e+03
7.825000000000000000e+03 7.804367350791641911e+03
7.875000000000000000e+03 7.854367350791641911e+03
7.925000000000000000e+03 7.904367350791641911e+03
7.975000000000000000e+03 7.954367350791641911e+03
8.025000000000000000e+03 8.004367350791641911e+03
8.075000000000000000e+03 8.054367350791641911e+03
8.125000000000000000e+03 8.104367350791641911e+03
8.175000000000000000e+03 8.154367350791641911e+03
8.225000000000000000e+03 8.204367350791641002e+03
8.275000000000000000e+03 8.254367350791642821e+03
8.325000000000000000e+03 8.304367350791635545e+03
8.375000000000000000e+03 8.354367350791635545e+03
8.425000000000000000e+03 8.404367350791639183e+03
8.475000000000000000e+03 8.454367350791635545e+03
8.525000000000000000e+03 8.504367350791631907e+03
8.575000000000000000e+03 8.554367350791628269e+03
8.625000000000000000e+03 8.604367350791628269e+03
8.675000000000000000e+03 8.654367350791628269e+03
8.725000000000000000e+03 8.704367350791628269e+03
8.775000000000000000e+03 8.754367350791631907e+03
8.825000000000000000e+03 8.804367350791631907e+03
8.875000000000000000e+03 8.854367350791631907e+03
8.925000000000000000e+03 8.904367350791631907e+03
8.975000000000000000e+03 8.954367350791631907e+03
9.025000000000000000e+03 9.004367350791631907e+03
9.075000000000000000e+03 9.054367350791631907e+03
9.125000000000000000e+03 9.104367350791631907e+03
9.175000000000000000e+03 9.154367350791631907e+03
9.225000000000000000e+03 9.204367350791631907e+03
9.275000000000000000e+03 9.254367350791631907e+03
9.325000000000000000e+03 9.304367350791628269e+03
9.375000000000000000e+03 9.354367350791628269e+03
9.425000000000000000e+03 9.404367350791628269e+03
9.475000000000000000e+03 9.454367350791628269e+03
9.525000000000000000e+03 9.504367350791628269e+03
9.575000000000000000e+03 9.554367350791628269e+03
9.625000000000000000e+03 9.604367350791628269e+03
9.675000000000000000e+03 9.654367350791628269e+03
9.725000000000000000e+03 9.704367350791628269e+03
9.775000000000000000e+03 9.754367350791628269e+03
9.825000000000000000e+03 9.804367350791628269e+03
9.875000000000000000e+03 9.854367350791628269e+03
9.925000000000000000e+03 9.904367350791628269e+03
9.975000000000000000e+03 9.954367350791628269e+03
1.002500000000000000e+04 1.000436735079162827e+04
1.007500000000000000e+04 1.005436735079162827e+04
1.012500000000000000e+04 1.010436735079162827e+04
1.017500000000000000e+04 1.015436735079162827e+04
1.022500000000000000e+04 1.020436735079162827e+04
1.027500000000000000e+04 1.025436735079162827e+04
1.032500000000000000e+04 1.030436735079162827e+04
1.037500000000000000e+04 1.035436735079162827e+04
1.042500000000000000e+04 1.040436735079162827e+04
1.047500000000000000e+04 1.045436735079162827e+04
1.052500000000000000e+04 1.050436735079162827e+04
1.057500000000000000e+04 1.055436735079162827e+04
1.062500000000000000e+04 1.060436735079162827e+04
1.067500000000000000e+04 1.065436735079162827e+04
1.072500000000000000e+04 1.070436735079162827e+04
1.077500000000000000e+04 1.075436735079162827e+04
1.082500000000000000e+04 1.080436735079162827e+04
1.087500000000000000e+04 1.085436735079162827e+04
1.092500000000000000e+04 1.090436735079162827e+04
1.097500000000000000e+04 1.095436735079162827e+04
1.102500000000000000e+04 1.100436735079162827e+04
1.107500000000000000e+04 1.105436735079162827e+04
1.112500000000000000e+04 1.110436735079162827e+04
1.117500000000000000e+04 1.115436735079162827e+04
1.122500000000000000e+04 1.120436735079162827e+04
1.127500000000000000e+04 1.125436735079162827e+04
1.132500000000000000e+04 1.130436735079162827e+04
1.137500000000000000e+04 1.135436735079162827e+04
1.142500000000000000e+04 1.140436735079162827e+04
1.147500000000000000e+04 1.145436735079162827e+04
1.152500000000000000e+04 1.150436735079162827e+04
1.157500000000000000e+04 1.155436735079162827e+04
1.162500000000000000e+04 1.160436735079162827e+04
1.167500000000000000e+04 1.165436735079162827e+04
1.172500000000000000e+04 1.170436735079162827e+04
1.177500000000000000e+04 1.175436735079162827e+04
1.182500000000000000e+04 1.180436735079162827e+04
1.187500000000000000e+04 1.185436735079162827e+04
1.192500000000000000e+04 1.190436735079162827e+04
1.197500000000000000e+04 1.195436735079162827e+04
1.202500000000000000e+04 1.200436735079162827e+04
1.207500000000000000e+04 1.205436735079162827e+04
1.212500000000000000e+04 1.210436735079162827e+04
1.217500000000000000e+04 1.215436735079162827e+04
1.222500000000000000e+04 1.220436735079162827e+04
1.227500000000000000e+04 1.225436735079162827e+04
1.232500000000000000e+04 1.230436735079162827e+04
1.237500000000000000e+04 1.235436735079162827e+04
1.242500000000000000e+04 1.240436735079162827e+04
1.247500000000000000e+04 1.245436735079162827e+04
1.252500000000000000e+04 1.250436735079162827e+04
1.257500000000000000e+04 1.255436735079162827e+04
1.262500000000000000e+04 1.260436735079162827e+04
1.267500000000000000e+04 1.265436735079162827e+04
1.272500000000000000e+04 1.270436735079162827e+04
1.277500000000000000e+04 1.275436735079162827e+04
1.282500000000000000e+04 1.280436735079162827e+04
1.287500000000000000e+04 1.285436735079162827e+04
1.292500000000000000e+04 1.290436735079162827e+04
1.297500000000000000e+04 1.295436735079162827e+04
1.302500000000000000e+04 1.300436735079162827e+04
1.307500000000000000e+04 1.305436735079162827e+04
1.312500000000000000e+04 1.310436735079162827e+04
1.317500000000000000e+04 1.315436735079162827e+04
1.322500000000000000e+04 1.320436735079162827e+04
1.327500000000000000e+04 1.325436735079162827e+04
1.332500000000000000e+04 1.330436735079162827e+04
1.337500000000000000e+04 1.335436735079162827e+04
1.342500000000000000e+04 1.340436735079162827e+04
1.347500000000000000e+04 1.345436735079162827e+04
1.352500000000000000e+04 1.350436735079162827e+04
1.357500000000000000e+04 1.355436735079162827e+04
1.362500000000000000e+04 1.360436735079162827e+04
1.367500000000000000e+04 1.365436735079162827e+04
1.372500000000000000e+04 1.370436735079162827e+04
1.377500000000000000e+04 1.375436735079162827e+04
1.382500000000000000e+04 1.380436735079162827e+04
1.387500000000000000e+04 1.385436735079162827e+04
1.392500000000000000e+04 1.390436735079162827e+04
1.397500000000000000e+04 1.395436735079162827e+04
1.402500000000000000e+04 1.400436735079162827e+04
1.407500000000000000e+04 1.405436735079162827e+04
1.412500000000000000e+04 1.410436735079162827e+04
1.417500000000000000e+04 1.415436735079162827e+04
1.422500000000000000e+04 1.420436735079162827e+04
1.427500000000000000e+04 1.425436735079162827e+04
1.432500000000000000e+04 1.430436735079162827e+04
1.437500000000000000e+04 1.435436735079162827e+04
1.442500000000000000e+04 1.440436735079162827e+04
1.447500000000000000e+04 1.445436735079162827e+04
1.452500000000000000e+04 1.450436735079162827e+04
1.457500000000000000e+04 1.455436735079162827e+04
1.462500000000000000e+04 1.460436735079162827e+04
1.467500000000000000e+04 1.465436735079162827e+04
1.472500000000000000e+04 1.470436735079162827e+04
1.477500000000000000e+04 1.475436735079162827e+04
1.482500000000000000e+04 1.480436735079162827e+04
1.487500000000000000e+04 1.485436735079162827e+04
1.492500000000000000e+04 1.490436735079162827e+04
1.497500000000000000e+04 1.495436735079162827e+04
1.502500000000000000e+04 1.500436735079162827e+04
1.507500000000000000e+04 1.505436735079162827e+04
1.512500000000000000e+04 1.510436735079162827e+04
1.517500000000000000e+04 1.515436735079162827e+04
1.522500000000000000e+04 1.520436735079162827e+04
1.527500000000000000e+04 1.525436735079162827e+04
1.532500000000000000e+04 1.530436735079162827e+04
1.537500000000000000e+04 1.535436735079162827e+04
1.542500000000000000e+04 1.540436735079162827e+04
1.547500000000000000e+04 1.545436735079162827e+04
1.552500000000000000e+04 1.550436735079162827e+04
1.557500000000000000e+04 1.555436735079162827e+04
1.562500000000000000e+04 1.560436735079162827e+04
1.567500000000000000e+04 1.565436735079162827e+04
1.572500000000000000e+04 1.570436735079162827e+04
1.577500000000000000e+04 1.575436735079162827e+04
1.582500000000000000e+04 1.580436735079162827e+04
1.587500000000000000e+04 1.585436735079162827e+04
1.592500000000000000e+04 1.590436735079162827e+04
1.597500000000000000e+04 1.595436735079162827e+04
1.602500000000000000e+04 1.600436735079162827e+04
1.607500000000000000e+04 1.605436735079162827e+04
1.612500000000000000e+04 1.610436735079162827e+04
1.617500000000000000e+04 1.615436735079162827e+04
1.622500000000000000e+04 1.620436735079162827e+04
1.627500000000000000e+04 1.625436735079162827e+04
1.632500000000000000e+04 1.630436735079162827e+04
1.637500000000000000e+04 1.635436735079162827e+04
1.642500000000000000e+04 1.640436735079162827e+04
1.647500000000000000e+04 1.645436735079162827e+04
1.652500000000000000e+04 1.650436735079162827e+04
1.657500000000000000e+04 1.655436735079162827e+04
1.662500000000000000e+04 1.660436735079163554e+04
1.667500000000000000e+04 1.665436735079163554e+04
1.672500000000000000e+04 1.670436735079163554e+04
1.677500000000000000e+04 1.675436735079164282e+04
1.682500000000000000e+04 1.680436735079164282e+04
1.687500000000000000e+04 1.685436735079164282e+04
1.692500000000000000e+04 1.690436735079164282e+04
1.697500000000000000e+04 1.695436735079164282e+04
1.702500000000000000e+04 1.700436735079164282e+04
1.707500000000000000e+04 1.705436735079164282e+04
1.712500000000000000e+04 1.710436735079164282e+04
1.717500000000000000e+04 1.715436735079164282e+04
1.722500000000000000e+04 1.720436735079165010e+04
1.727500000000000000e+04 1.725436735079165737e+04
1.732500000000000000e+04 1.730436735079165010e+04
1.737500000000000000e+04 1.735436735079165737e+04
1.742500000000000000e+04 1.740436735079165010e+04
1.747500000000000000e+04 1.745436735079165010e+04
1.752500000000000000e+04 1.750436735079165010e+04
1.757500000000000000e+04 1.755436735079165010e+04
1.762500000000000000e+04 1.760436735079165010e+04
1.767500000000000000e+04 1.765436735079165010e+04
1.772500000000000000e+04 1.770436735079165010e+04
1.777500000000000000e+04 1.775436735079165010e+04
1.782500000000000000e+04 1.780436735079165010e+04
1.787500000000000000e+04 1.785436735079165010e+04
1.792500000000000000e+04 1.790436735079165010e+04
1.797500000000000000e+04 1.795436735079165010e+04
1.802500000000000000e+04 1.800436735079165010e+04
1.807500000000000000e+04 1.805436735079165010e+04
1.812500000000000000e+04 1.810436735079165010e+04
1.817500000000000000e+04 1.815436735079165010e+04
1.822500000000000000e+04 1.820436735079165010e+04
1.827500000000000000e+04 1.825436735079165010e+04
1.832500000000000000e+04 1.830436735079165010e+04
1.837500000000000000e+04 1.835436735079165010e+04
1.842500000000000000e+04 1.840436735079165010e+04
1.847500000000000000e+04 1.845436735079165010e+04
1.852500000000000000e+04 1.850436735079165010e+04
1.857500000000000000e+04 1.855436735079165010e+04
1.862500000000000000e+04 1.860436735079165010e+04
1.867500000000000000e+04 1.865436735079165010e+04
1.872500000000000000e+04 1.870436735079165010e+04
1.877500000000000000e+04 1.875436735079165010e+04
1.882500000000000000e+04 1.880436735079165010e+04
1.887500000000000000e+04 1.885436735079165010e+04
1.892500000000000000e+04 1.890436735079165010e+04
1.897500000000000000e+04 1.895436735079165010e+04
1.902500000000000000e+04 1.900436735079165010e+04
1.907500000000000000e+04 1.905436735079165010e+04
1.912500000000000000e+04 1.910436735079165010e+04
1.917500000000000000e+04 1.915436735079165010e+04
1.922500000000000000e+04 1.920436735079165010e+04
1.927500000000000000e+04 1.925436735079165010e+04
1.932500000000000000e+04 1.930436735079165010e+04
1.937500000000000000e+04 1.935436735079165010e+04
1.942500000000000000e+04 1.940436735079165010e+04
1.947500000000000000e+04 1.945436735079165010e+04
1.952500000000000000e+04 1.950436735079165010e+04
1.957500000000000000e+04 1.955436735079165010e+04
1.962500000000000000e+04 1.960436735079165010e+04
1.967500000000000000e+04 1.965436735079165010e+04
1.972500000000000000e+04 1.970436735079165010e+04
1.977500000000000000e+04 1.975436735079165010e+04
1.982500000000000000e+04 1.980436735079165010e+04
1.987500000000000000e+04 1.985436735079165010e+04
1.992500000000000000e+04 1.990436735079165010e+04
