1.025000000000000000e+03 1.007806125659696932e+03
1.075000000000000000e+03 1.057806125659697955e+03
1.125000000000000000e+03 1.107806125659697955e+03
1.175000000000000000e+03 1.157806125659697955e+03
1.225000000000000000e+03 1.207806125659698409e+03
1.275000000000000000e+03 1.257806125659697955e+03
1.325000000000000000e+03 1.307806125659697955e+03
1.375000000000000000e+03 1.357806125659697955e+03
1.425000000000000000e+03 1.407806125659697955e+03
1.475000000000000000e+03 1.457806125659697955e+03
1.525000000000000000e+03 1.507806125659697500e+03
1.575000000000000000e+03 1.557806125659697500e+03
1.625000000000000000e+03 1.607806125659697955e+03
1.675000000000000000e+03 1.657806125659697955e+03
1.725000000000000000e+03 1.707806125659697500e+03
1.775000000000000000e+03 1.757806125659697955e+03
1.825000000000000000e+03 1.807806125659697955e+03
1.875000000000000000e+03 1.857806125659697500e+03
1.925000000000000000e+03 1.907806125659697045e+03
1.975000000000000000e+03 1.957806125659697955e+03
2.025000000000000000e+03 2.007806125659697955e+03
2.075000000000000000e+03 2.057806125659698409e+03
2.125000000000000000e+03 2.107806125659698864e+03
2.175000000000000000e+03 2.157806125659697955e+03
2.225000000000000000e+03 2.207806125659697500e+03
2.275000000000000000e+03 2.257806125659697500e+03
2.325000000000000000e+03 2.307806125659697500e+03
2.375000000000000000e+03 2.357806125659698409e+03
2.425000000000000000e+03 2.407806125659698409e+03
2.475000000000000000e+03 2.457806125659698409e+03
2.525000000000000000e+03 2.507806125659697500e+03
2.575000000000000000e+03 2.557806125659696590e+03
2.625000000000000000e+03 2.607806125659696590e+03
2.675000000000000000e+03 2.657806125659696590e+03
2.725000000000000000e+03 2.707806125659696590e+03
2.775000000000000000e+03 2.757806125659696590e+03
2.825000000000000000e+03 2.807806125659696590e+03
2.875000000000000000e+03 2.857806125659695681e+03
2.925000000000000000e+03 2.907806125659696590e+03
2.975000000000000000e+03 2.957806125659696590e+03
3.025000000000000000e+03 3.007806125659695681e+03
3.075000000000000000e+03 3.057806125659696590e+03
3.125000000000000000e+03 3.107806125659696590e+03
3.175000000000000000e+03 3.157806125659696590e+03
3.225000000000000000e+03 3.207806125659696590e+03
3.275000000000000000e+03 3.257806125659696590e+03
3.325000000000000000e+03 3.307806125659696590e+03
3.375000000000000000e+03 3.357806125659696590e+03
3.425000000000000000e+03 3.407806125659696590e+03
3.475000000000000000e+03 3.457806125659696590e+03
3.525000000000000000e+03 3.507806125659696590e+03
3.575000000000000000e+03 3.557806125659696590e+03
3.625000000000000000e+03 3.607806125659696590e+03
3.675000000000000000e+03 3.657806125659696590e+03
3.725000000000000000e+03 3.707806125659696590e+03
3.775000000000000000e+03 3.757806125659696590e+03
3.825000000000000000e+03 3.807806125659696590e+03
3.875000000000000000e+03 3.857806125659696590e+03
3.925000000000000000e+03 3.907806125659696590e+03
3.975000000000000000e+03 3.957806125659696590e+03
4.025000000000000000e+03 4.007806125659696590e+03
4.075000000000000000e+03 4.057806125659696590e+03
4.125000000000000000e+03 4.107806125659693862e+03
4.175000000000000000e+03 4.157806125659692043e+03
4.225000000000000000e+03 4.207806125659695681e+03
4.275000000000000000e+03 4.257806125659695681e+03
4.325000000000000000e+03 4.307806125659697500e+03
4.375000000000000000e+03 4.357806125659699319e+03
4.425000000000000000e+03 4.407806125659697500e+03
4.475000000000000000e+03 4.457806125659701138e+03
4.525000000000000000e+03 4.507806125659701138e+03
4.575000000000000000e+03 4.557806125659702957e+03
4.625000000000000000e+03 4.607806125659704776e+03
4.675000000000000000e+03 4.657806125659704776e+03
4.725000000000000000e+03 4.707806125659706595e+03
4.775000000000000000e+03 4.757806125659706595e+03
4.825000000000000000e+03 4.807806125659708414e+03
4.875000000000000000e+03 4.857806125659708414e+03
4.925000000000000000e+03 4.907806125659710233e+03
4.975000000000000000e+03 4.957806125659712052e+03
5.025000000000000000e+03 5.007806125659713871e+03
5.075000000000000000e+03 5.057806125659712052e+03
5.125000000000000000e+03 5.107806125659713871e+03
5.175000000000000000e+03 5.157806125659713871e+03
5.225000000000000000e+03 5.207806125659713871e+03
5.275000000000000000e+03 5.257806125659713871e+03
5.325000000000000000e+03 5.307806125659713871e+03
5.375000000000000000e+03 5.357806125659713871e+03
5.425000000000000000e+03 5.407806125659713871e+03
5.475000000000000000e+03 5.457806125659713871e+03
5.525000000000000000e+03 5.507806125659713871e+03
5.575000000000000000e+03 5.557806125659713871e+03
5.625000000000000000e+03 5.607806125659713871e+03
5.675000000000000000e+03 5.657806125659713871e+03
5.725000000000000000e+03 5.707806125659713871e+03
5.775000000000000000e+03 5.757806125659713871e+03
5.825000000000000000e+03 5.807806125659713871e+03
5.875000000000000000e+03 5.857806125659713871e+03
5.925000000000000000e+03 5.907806125659713871e+03
5.975000000000000000e+03 5.957806125659713871e+03
6.025000000000000000e+03 6.007806125659713871e+03
6.075000000000000000e+03 6.057806125659713871e+03
6.125000000000000000e+03 6.107806125659713871e+03
6.175000000000000000e+03 6.157806125659713871e+03
6.225000000000000000e+03 6.207806125659713871e+03
6.275000000000000000e+03 6.257806125659713871e+03
6.325000000000000000e+03 6.307806125659713871e+03
6.375000000000000000e+03 6.357806125659713871e+03
6.425000000000000000e+03 6.407806125659713871e+03
6.475000000000000000e+03 6.457806125659713871e+03
6.525000000000000000e+03 6.507806125659713871e+03
6.575000000000000000e+03 6.557806125659713871e+03
6.625000000000000000e+03 6.607806125659713871e+03
6.675000000000000000e+03 6.657806125659713871e+03
6.725000000000000000e+03 6.707806125659713871e+03
6.775000000000000000e+03 6.757806125659713871e+03
6.825000000000000000e+03 6.807806125659713871e+03
6.875000000000000000e+03 6.857806125659713871e+03
6.925000000000000000e+03 6.907806125659713871e+03
6.975000000000000000e+03 6.957806125659713871e+03
7.025000000000000000e+03 7.007806125659713871e+03
7.075000000000000000e+03 7.057806125659713871e+03
7.125000000000000000e+03 7.107806125659713871e+03
7.175000000000000000e+03 7.157806125659713871e+03
7.225000000000000000e+03 7.207806125659713871e+03
7.275000000000000000e+03 7.257806125659713871e+03
7.325000000000000000e+03 7.307806125659713871e+03
7.375000000000000000e+03 7.357806125659713871e+03
7.425000000000000000e+03 7.407806125659713871e+03
7.475000000000000000e+03 7.457806125659713871e+03
7.525000000000000000e+03 7.507806125659713871e+03
7.575000000000000000e+03 7.557806125659713871e+03
7.625000000000000000e+03 7.607806125659713871e+03
7.675000000000000000e+03 7.657806125659713871e+03
7.725000000000000000e+03 7.707806125659713871e+03
7.775000000000000000e+03 7.757806125659713871e+03
7.825000000000000000e+03 7.807806125659713871e+03
7.875000000000000000e+03 7.857806125659713871e+03
7.925000000000000000e+03 7.907806125659713871e+03
7.975000000000000000e+03 7.957806125659713871e+03
8.025000000000000000e+03 8.007806125659713871e+03
8.075000000000000000e+03 8.057806125659713871e+03
8.125000000000000000e+03 8.107806125659713871e+03
8.175000000000000000e+03 8.157806125659713871e+03
8.225000000000000000e+03 8.207806125659713871e+03
8.275000000000000000e+03 8.257806125659713871e+03
8.325000000000000000e+03 8.307806125659715690e+03
8.375000000000000000e+03 8.357806125659713871e+03
8.425000000000000000e+03 8.407806125659710233e+03
8.475000000000000000e+03 8.457806125659702957e+03
8.525000000000000000e+03 8.507806125659706595e+03
8.575000000000000000e+03 8.557806125659706595e+03
8.625000000000000000e+03 8.607806125659706595e+03
8.675000000000000000e+03 8.657806125659706595e+03
8.725000000000000000e+03 8.707806125659702957e+03
8.775000000000000000e+03 8.757806125659702957e+03
8.825000000000000000e+03 8.807806125659702957e+03
8.875000000000000000e+03 8.857806125659702957e+03
8.925000000000000000e+03 8.907806125659699319e+03
8.975000000000000000e+03 8.957806125659699319e+03
9.025000000000000000e+03 9.007806125659699319e+03
9.075000000000000000e+03 9.057806125659695681e+03
9.125000000000000000e+03 9.107806125659692043e+03
9.175000000000000000e+03 9.157806125659692043e+03
9.225000000000000000e+03 9.207806125659692043e+03
9.275000000000000000e+03 9.257806125659692043e+03
9.325000000000000000e+03 9.307806125659692043e+03
9.375000000000000000e+03 9.357806125659692043e+03
9.425000000000000000e+03 9.407806125659692043e+03
9.475000000000000000e+03 9.457806125659692043e+03
9.525000000000000000e+03 9.507806125659692043e+03
9.575000000000000000e+03 9.557806125659692043e+03
9.625000000000000000e+03 9.607806125659692043e+03
9.675000000000000000e+03 9.657806125659692043e+03
9.725000000000000000e+03 9.707806125659692043e+03
9.775000000000000000e+03 9.757806125659692043e+03
9.825000000000000000e+03 9.807806125659692043e+03
9.875000000000000000e+03 9.857806125659692043e+03
9.925000000000000000e+03 9.907806125659692043e+03
9.975000000000000000e+03 9.957806125659692043e+03
1.002500000000000000e+04 1.000780612565969204e+04
1.007500000000000000e+04 1.005780612565969204e+04
1.012500000000000000e+04 1.010780612565969204e+04
1.017500000000000000e+04 1.015780612565969204e+04
1.022500000000000000e+04 1.020780612565969204e+04
1.027500000000000000e+04 1.025780612565969204e+04
1.032500000000000000e+04 1.030780612565969204e+04
1.037500000000000000e+04 1.035780612565969204e+04
1.042500000000000000e+04 1.040780612565969204e+04
1.047500000000000000e+04 1.045780612565969204e+04
1.052500000000000000e+04 1.050780612565969204e+04
1.057500000000000000e+04 1.055780612565969204e+04
1.062500000000000000e+04 1.060780612565969204e+04
1.067500000000000000e+04 1.065780612565969204e+04
1.072500000000000000e+04 1.070780612565969204e+04
1.077500000000000000e+04 1.075780612565969204e+04
1.082500000000000000e+04 1.080780612565969204e+04
1.087500000000000000e+04 1.085780612565969204e+04
1.092500000000000000e+04 1.090780612565969204e+04
1.097500000000000000e+04 1.095780612565969204e+04
1.102500000000000000e+04 1.100780612565969204e+04
1.107500000000000000e+04 1.105780612565969204e+04
1.112500000000000000e+04 1.110780612565969204e+04
1.117500000000000000e+04 1.115780612565969204e+04
1.122500000000000000e+04 1.120780612565969204e+04
1.127500000000000000e+04 1.125780612565969204e+04
1.132500000000000000e+04 1.130780612565969204e+04
1.137500000000000000e+04 1.135780612565969204e+04
1.142500000000000000e+04 1.140780612565969204e+04
1.147500000000000000e+04 1.145780612565969204e+04
1.152500000000000000e+04 1.150780612565969204e+04
1.157500000000000000e+04 1.155780612565969204e+04
1.162500000000000000e+04 1.160780612565969204e+04
1.167500000000000000e+04 1.165780612565969204e+04
1.172500000000000000e+04 1.170780612565969204e+04
1.177500000000000000e+04 1.175780612565969204e+04
1.182500000000000000e+04 1.180780612565969204e+04
1.187500000000000000e+04 1.185780612565969204e+04
1.192500000000000000e+04 1.190780612565969204e+04
1.197500000000000000e+04 1.195780612565969204e+04
1.202500000000000000e+04 1.200780612565969204e+04
1.207500000000000000e+04 1.205780612565969204e+04
1.212500000000000000e+04 1.210780612565969204e+04
1.217500000000000000e+04 1.215780612565969204e+04
1.222500000000000000e+04 1.220780612565969204e+04
1.227500000000000000e+04 1.225780612565969204e+04
1.232500000000000000e+04 1.230780612565969204e+04
1.237500000000000000e+04 1.235780612565969204e+04
1.242500000000000000e+04 1.240780612565969204e+04
1.247500000000000000e+04 1.245780612565969204e+04
1.252500000000000000e+04 1.250780612565969204e+04
1.257500000000000000e+04 1.255780612565969204e+04
1.262500000000000000e+04 1.260780612565969204e+04
1.267500000000000000e+04 1.265780612565969204e+04
1.272500000000000000e+04 1.270780612565969204e+04
1.277500000000000000e+04 1.275780612565969204e+04
1.282500000000000000e+04 1.280780612565969204e+04
1.287500000000000000e+04 1.285780612565969204e+04
1.292500000000000000e+04 1.290780612565969204e+04
1.297500000000000000e+04 1.295780612565969204e+04
1.302500000000000000e+04 1.300780612565969204e+04
1.307500000000000000e+04 1.305780612565969204e+04
1.312500000000000000e+04 1.310780612565969204e+04
1.317500000000000000e+04 1.315780612565969204e+04
1.322500000000000000e+04 1.320780612565969204e+04
1.327500000000000000e+04 1.325780612565969204e+04
1.332500000000000000e+04 1.330780612565969204e+04
1.337500000000000000e+04 1.335780612565969204e+04
1.342500000000000000e+04 1.340780612565969204e+04
1.347500000000000000e+04 1.345780612565969204e+04
1.352500000000000000e+04 1.350780612565969204e+04
1.357500000000000000e+04 1.355780612565969204e+04
1.362500000000000000e+04 1.360780612565969204e+04
1.367500000000000000e+04 1.365780612565969204e+04
1.372500000000000000e+04 1.370780612565969204e+04
1.377500000000000000e+04 1.375780612565969204e+04
1.382500000000000000e+04 1.380780612565969204e+04
1.387500000000000000e+04 1.385780612565969204e+04
1.392500000000000000e+04 1.390780612565969204e+04
1.397500000000000000e+04 1.395780612565969204e+04
1.402500000000000000e+04 1.400780612565969204e+04
1.407500000000000000e+04 1.405780612565969204e+04
1.412500000000000000e+04 1.410780612565969204e+04
1.417500000000000000e+04 1.415780612565969204e+04
1.422500000000000000e+04 1.420780612565969204e+04
1.427500000000000000e+04 1.425780612565969204e+04
1.432500000000000000e+04 1.430780612565969204e+04
1.437500000000000000e+04 1.435780612565969204e+04
1.442500000000000000e+04 1.440780612565969204e+04
1.447500000000000000e+04 1.445780612565969204e+04
1.452500000000000000e+04 1.450780612565969204e+04
1.457500000000000000e+04 1.455780612565969204e+04
1.462500000000000000e+04 1.460780612565969204e+04
1.467500000000000000e+04 1.465780612565969204e+04
1.472500000000000000e+04 1.470780612565969204e+04
1.477500000000000000e+04 1.475780612565969204e+04
1.482500000000000000e+04 1.480780612565969204e+04
1.487500000000000000e+04 1.485780612565969204e+04
1.492500000000000000e+04 1.490780612565969204e+04
1.497500000000000000e+04 1.495780612565969204e+04
1.502500000000000000e+04 1.500780612565969204e+04
1.507500000000000000e+04 1.505780612565969204e+04
1.512500000000000000e+04 1.510780612565969204e+04
1.517500000000000000e+04 1.515780612565969204e+04
1.522500000000000000e+04 1.520780612565969204e+04
1.527500000000000000e+04 1.525780612565969204e+04
1.532500000000000000e+04 1.530780612565969204e+04
1.537500000000000000e+04 1.535780612565969204e+04
1.542500000000000000e+04 1.540780612565969204e+04
1.547500000000000000e+04 1.545780612565969204e+04
1.552500000000000000e+04 1.550780612565969204e+04
1.557500000000000000e+04 1.555780612565969204e+04
1.562500000000000000e+04 1.560780612565969204e+04
1.567500000000000000e+04 1.565780612565969204e+04
1.572500000000000000e+04 1.570780612565969204e+04
1.577500000000000000e+04 1.575780612565969204e+04
1.582500000000000000e+04 1.580780612565969204e+04
1.587500000000000000e+04 1.585780612565969204e+04
1.592500000000000000e+04 1.590780612565969204e+04
1.597500000000000000e+04 1.595780612565969204e+04
1.602500000000000000e+04 1.600780612565969204e+04
1.607500000000000000e+04 1.605780612565969204e+04
1.612500000000000000e+04 1.610780612565969204e+04
1.617500000000000000e+04 1.615780612565969204e+04
1.622500000000000000e+04 1.620780612565969204e+04
1.627500000000000000e+04 1.625780612565969204e+04
1.632500000000000000e+04 1.630780612565969204e+04
1.637500000000000000e+04 1.635780612565969204e+04
1.642500000000000000e+04 1.640780612565969932e+04
1.647500000000000000e+04 1.645780612565969204e+04
1.652500000000000000e+04 1.650780612565968477e+04
1.657500000000000000e+04 1.655780612565968477e+04
1.662500000000000000e+04 1.660780612565968840e+04
1.667500000000000000e+04 1.665780612565969204e+04
1.672500000000000000e+04 1.670780612565968840e+04
1.677500000000000000e+04 1.675780612565968840e+04
1.682500000000000000e+04 1.680780612565969204e+04
1.687500000000000000e+04 1.685780612565968840e+04
1.692500000000000000e+04 1.690780612565969568e+04
1.697500000000000000e+04 1.695780612565968113e+04
1.702500000000000000e+04 1.700780612565968113e+04
1.707500000000000000e+04 1.705780612565968840e+04
1.712500000000000000e+04 1.710780612565968840e+04
1.717500000000000000e+04 1.715780612565968840e+04
1.722500000000000000e+04 1.720780612565968840e+04
1.727500000000000000e+04 1.725780612565968840e+04
1.732500000000000000e+04 1.730780612565968840e+04
1.737500000000000000e+04 1.735780612565968113e+04
1.742500000000000000e+04 1.740780612565967385e+04
1.747500000000000000e+04 1.745780612565967385e+04
1.752500000000000000e+04 1.750780612565967385e+04
1.757500000000000000e+04 1.755780612565967385e+04
1.762500000000000000e+04 1.760780612565967385e+04
1.767500000000000000e+04 1.765780612565967385e+04
1.772500000000000000e+04 1.770780612565967385e+04
1.777500000000000000e+04 1.775780612565967385e+04
1.782500000000000000e+04 1.780780612565967385e+04
1.787500000000000000e+04 1.785780612565967385e+04
1.792500000000000000e+04 1.790780612565967385e+04
1.797500000000000000e+04 1.795780612565967385e+04
1.802500000000000000e+04 1.800780612565967385e+04
1.807500000000000000e+04 1.805780612565967385e+04
1.812500000000000000e+04 1.810780612565967385e+04
1.817500000000000000e+04 1.815780612565967385e+04
1.822500000000000000e+04 1.820780612565967385e+04
1.827500000000000000e+04 1.825780612565967385e+04
1.832500000000000000e+04 1.830780612565967385e+04
1.837500000000000000e+04 1.835780612565967385e+04
1.842500000000000000e+04 1.840780612565967385e+04
1.847500000000000000e+04 1.845780612565967385e+04
1.852500000000000000e+04 1.850780612565967385e+04
1.857500000000000000e+04 1.855780612565967385e+04
1.862500000000000000e+04 1.860780612565967385e+04
1.867500000000000000e+04 1.865780612565967385e+04
1.872500000000000000e+04 1.870780612565967385e+04
1.877500000000000000e+04 1.875780612565967385e+04
1.882500000000000000e+04 1.880780612565967385e+04
1.887500000000000000e+04 1.885780612565967385e+04
1.892500000000000000e+04 1.890780612565967385e+04
1.897500000000000000e+04 1.895780612565967385e+04
1.902500000000000000e+04 1.900780612565967385e+04
1.907500000000000000e+04 1.905780612565967385e+04
1.912500000000000000e+04 1.910780612565967385e+04
1.917500000000000000e+04 1.915780612565967385e+04
1.922500000000000000e+04 1.920780612565967385e+04
1.927500000000000000e+04 1.925780612565967385e+04
1.932500000000000000e+04 1.930780612565967385e+04
1.937500000000000000e+04 1.935780612565967385e+04
1.942500000000000000e+04 1.940780612565967385e+04
1.947500000000000000e+04 1.945780612565967385e+04
1.952500000000000000e+04 1.950780612565967385e+04
1.957500000000000000e+04 1.955780612565967385e+04
1.962500000000000000e+04 1.960780612565967385e+04
1.967500000000000000e+04 1.965780612565967385e+04
1.972500000000000000e+04 1.970780612565967385e+04
1.977500000000000000e+04 1.975780612565967385e+04
1.982500000000000000e+04 1.980780612565967385e+04
1.987500000000000000e+04 1.985780612565967385e+04
1.992500000000000000e+04 1.990780612565967385e+04
