1.625000000000000000e+03 1.615653418194784535e+03
1.675000000000000000e+03 1.665653418194784535e+03
1.725000000000000000e+03 1.715653418194784081e+03
1.775000000000000000e+03 1.765653418194784081e+03
1.825000000000000000e+03 1.815653418194784081e+03
1.875000000000000000e+03 1.865653418194784081e+03
1.925000000000000000e+03 1.915653418194783626e+03
1.975000000000000000e+03 1.965653418194783626e+03
2.025000000000000000e+03 2.015653418194783171e+03
2.075000000000000000e+03 2.065653418194783626e+03
2.125000000000000000e+03 2.115653418194783626e+03
2.175000000000000000e+03 2.165653418194784535e+03
2.225000000000000000e+03 2.215653418194783626e+03
2.275000000000000000e+03 2.265653418194783626e+03
2.325000000000000000e+03 2.315653418194783626e+03
2.375000000000000000e+03 2.365653418194783626e+03
2.425000000000000000e+03 2.415653418194782716e+03
2.475000000000000000e+03 2.465653418194782716e+03
2.525000000000000000e+03 2.515653418194782716e+03
2.575000000000000000e+03 2.565653418194783626e+03
2.625000000000000000e+03 2.615653418194783626e+03
2.675000000000000000e+03 2.665653418194783626e+03
2.725000000000000000e+03 2.715653418194783626e+03
2.775000000000000000e+03 2.765653418194783626e+03
2.825000000000000000e+03 2.815653418194783626e+03
2.875000000000000000e+03 2.865653418194783626e+03
2.925000000000000000e+03 2.915653418194782716e+03
2.975000000000000000e+03 2.965653418194781807e+03
3.025000000000000000e+03 3.015653418194781807e+03
3.075000000000000000e+03 3.065653418194781807e+03
3.125000000000000000e+03 3.115653418194782716e+03
3.175000000000000000e+03 3.165653418194781807e+03
3.225000000000000000e+03 3.215653418194780897e+03
3.275000000000000000e+03 3.265653418194782716e+03
3.325000000000000000e+03 3.315653418194781807e+03
3.375000000000000000e+03 3.365653418194781807e+03
3.425000000000000000e+03 3.415653418194781807e+03
3.475000000000000000e+03 3.465653418194781807e+03
3.525000000000000000e+03 3.515653418194781807e+03
3.575000000000000000e+03 3.565653418194781807e+03
3.625000000000000000e+03 3.615653418194781807e+03
3.675000000000000000e+03 3.665653418194781807e+03
3.725000000000000000e+03 3.715653418194781807e+03
3.775000000000000000e+03 3.765653418194781807e+03
3.825000000000000000e+03 3.815653418194781807e+03
3.875000000000000000e+03 3.865653418194781807e+03
3.925000000000000000e+03 3.915653418194781807e+03
3.975000000000000000e+03 3.965653418194781807e+03
4.025000000000000000e+03 4.015653418194781807e+03
4.075000000000000000e+03 4.065653418194781807e+03
4.125000000000000000e+03 4.115653418194780897e+03
4.175000000000000000e+03 4.165653418194780897e+03
4.225000000000000000e+03 4.215653418194779988e+03
4.275000000000000000e+03 4.265653418194783626e+03
4.325000000000000000e+03 4.315653418194783626e+03
4.375000000000000000e+03 4.365653418194783626e+03
4.425000000000000000e+03 4.415653418194783626e+03
4.475000000000000000e+03 4.465653418194785445e+03
4.525000000000000000e+03 4.515653418194787264e+03
4.575000000000000000e+03 4.565653418194787264e+03
4.625000000000000000e+03 4.615653418194787264e+03
4.675000000000000000e+03 4.665653418194787264e+03
4.725000000000000000e+03 4.715653418194787264e+03
4.775000000000000000e+03 4.765653418194787264e+03
4.825000000000000000e+03 4.815653418194787264e+03
4.875000000000000000e+03 4.865653418194785445e+03
4.925000000000000000e+03 4.915653418194787264e+03
4.975000000000000000e+03 4.965653418194785445e+03
5.025000000000000000e+03 5.015653418194787264e+03
5.075000000000000000e+03 5.065653418194787264e+03
5.125000000000000000e+03 5.115653418194787264e+03
5.175000000000000000e+03 5.165653418194787264e+03
5.225000000000000000e+03 5.215653418194787264e+03
5.275000000000000000e+03 5.265653418194787264e+03
5.325000000000000000e+03 5.315653418194785445e+03
5.375000000000000000e+03 5.365653418194787264e+03
5.425000000000000000e+03 5.415653418194787264e+03
5.475000000000000000e+03 5.465653418194787264e+03
5.525000000000000000e+03 5.515653418194789083e+03
5.575000000000000000e+03 5.565653418194789083e+03
5.625000000000000000e+03 5.615653418194789083e+03
5.675000000000000000e+03 5.665653418194787264e+03
5.725000000000000000e+03 5.715653418194787264e+03
5.775000000000000000e+03 5.765653418194787264e+03
5.825000000000000000e+03 5.815653418194787264e+03
5.875000000000000000e+03 5.865653418194787264e+03
5.925000000000000000e+03 5.915653418194787264e+03
5.975000000000000000e+03 5.965653418194787264e+03
6.025000000000000000e+03 6.015653418194787264e+03
6.075000000000000000e+03 6.065653418194787264e+03
6.125000000000000000e+03 6.115653418194787264e+03
6.175000000000000000e+03 6.165653418194787264e+03
6.225000000000000000e+03 6.215653418194787264e+03
6.275000000000000000e+03 6.265653418194787264e+03
6.325000000000000000e+03 6.315653418194787264e+03
6.375000000000000000e+03 6.365653418194787264e+03
6.425000000000000000e+03 6.415653418194787264e+03
6.475000000000000000e+03 6.465653418194787264e+03
6.525000000000000000e+03 6.515653418194787264e+03
6.575000000000000000e+03 6.565653418194787264e+03
6.625000000000000000e+03 6.615653418194787264e+03
6.675000000000000000e+03 6.665653418194787264e+03
6.725000000000000000e+03 6.715653418194787264e+03
6.775000000000000000e+03 6.765653418194787264e+03
6.825000000000000000e+03 6.815653418194787264e+03
6.875000000000000000e+03 6.865653418194787264e+03
6.925000000000000000e+03 6.915653418194787264e+03
6.975000000000000000e+03 6.965653418194787264e+03
7.025000000000000000e+03 7.015653418194787264e+03
7.075000000000000000e+03 7.065653418194787264e+03
7.125000000000000000e+03 7.115653418194787264e+03
7.175000000000000000e+03 7.165653418194787264e+03
7.225000000000000000e+03 7.215653418194787264e+03
7.275000000000000000e+03 7.265653418194787264e+03
7.325000000000000000e+03 7.315653418194787264e+03
7.375000000000000000e+03 7.365653418194787264e+03
7.425000000000000000e+03 7.415653418194787264e+03
7.475000000000000000e+03 7.465653418194787264e+03
7.525000000000000000e+03 7.515653418194787264e+03
7.575000000000000000e+03 7.565653418194787264e+03
7.625000000000000000e+03 7.615653418194787264e+03
7.675000000000000000e+03 7.665653418194787264e+03
7.725000000000000000e+03 7.715653418194787264e+03
7.775000000000000000e+03 7.765653418194787264e+03
7.825000000000000000e+03 7.815653418194787264e+03
7.875000000000000000e+03 7.865653418194787264e+03
7.925000000000000000e+03 7.915653418194787264e+03
7.975000000000000000e+03 7.965653418194787264e+03
8.025000000000000000e+03 8.015653418194787264e+03
8.075000000000000000e+03 8.065653418194787264e+03
8.125000000000000000e+03 8.115653418194787264e+03
8.175000000000000000e+03 8.165653418194787264e+03
8.225000000000000000e+03 8.215653418194788173e+03
8.275000000000000000e+03 8.265653418194789992e+03
8.325000000000000000e+03 8.315653418194789992e+03
8.375000000000000000e+03 8.365653418194786354e+03
8.425000000000000000e+03 8.415653418194789992e+03
8.475000000000000000e+03 8.465653418194789992e+03
8.525000000000000000e+03 8.515653418194789992e+03
8.575000000000000000e+03 8.565653418194793630e+03
8.625000000000000000e+03 8.615653418194786354e+03
8.675000000000000000e+03 8.665653418194786354e+03
8.725000000000000000e+03 8.715653418194786354e+03
8.775000000000000000e+03 8.765653418194786354e+03
8.825000000000000000e+03 8.815653418194789992e+03
8.875000000000000000e+03 8.865653418194793630e+03
8.925000000000000000e+03 8.915653418194793630e+03
8.975000000000000000e+03 8.965653418194793630e+03
9.025000000000000000e+03 9.015653418194789992e+03
9.075000000000000000e+03 9.065653418194793630e+03
9.125000000000000000e+03 9.115653418194789992e+03
9.175000000000000000e+03 9.165653418194789992e+03
9.225000000000000000e+03 9.215653418194793630e+03
9.275000000000000000e+03 9.265653418194793630e+03
9.325000000000000000e+03 9.315653418194793630e+03
9.375000000000000000e+03 9.365653418194793630e+03
9.425000000000000000e+03 9.415653418194789992e+03
9.475000000000000000e+03 9.465653418194793630e+03
9.525000000000000000e+03 9.515653418194793630e+03
9.575000000000000000e+03 9.565653418194789992e+03
9.625000000000000000e+03 9.615653418194789992e+03
9.675000000000000000e+03 9.665653418194789992e+03
9.725000000000000000e+03 9.715653418194789992e+03
9.775000000000000000e+03 9.765653418194786354e+03
9.825000000000000000e+03 9.815653418194793630e+03
9.875000000000000000e+03 9.865653418194793630e+03
9.925000000000000000e+03 9.915653418194793630e+03
9.975000000000000000e+03 9.965653418194793630e+03
1.002500000000000000e+04 1.001565341819479363e+04
1.007500000000000000e+04 1.006565341819479363e+04
1.012500000000000000e+04 1.011565341819479363e+04
1.017500000000000000e+04 1.016565341819479363e+04
1.022500000000000000e+04 1.021565341819479363e+04
1.027500000000000000e+04 1.026565341819479363e+04
1.032500000000000000e+04 1.031565341819479363e+04
1.037500000000000000e+04 1.036565341819479363e+04
1.042500000000000000e+04 1.041565341819479363e+04
1.047500000000000000e+04 1.046565341819479363e+04
1.052500000000000000e+04 1.051565341819479363e+04
1.057500000000000000e+04 1.056565341819479363e+04
1.062500000000000000e+04 1.061565341819479363e+04
1.067500000000000000e+04 1.066565341819479363e+04
1.072500000000000000e+04 1.071565341819479363e+04
1.077500000000000000e+04 1.076565341819479363e+04
1.082500000000000000e+04 1.081565341819479363e+04
1.087500000000000000e+04 1.086565341819479363e+04
1.092500000000000000e+04 1.091565341819479363e+04
1.097500000000000000e+04 1.096565341819479363e+04
1.102500000000000000e+04 1.101565341819479363e+04
1.107500000000000000e+04 1.106565341819479363e+04
1.112500000000000000e+04 1.111565341819479363e+04
1.117500000000000000e+04 1.116565341819479363e+04
1.122500000000000000e+04 1.121565341819479363e+04
1.127500000000000000e+04 1.126565341819479363e+04
1.132500000000000000e+04 1.131565341819479363e+04
1.137500000000000000e+04 1.136565341819479363e+04
1.142500000000000000e+04 1.141565341819479363e+04
1.147500000000000000e+04 1.146565341819479363e+04
1.152500000000000000e+04 1.151565341819479363e+04
1.157500000000000000e+04 1.156565341819479363e+04
1.162500000000000000e+04 1.161565341819479363e+04
1.167500000000000000e+04 1.166565341819479363e+04
1.172500000000000000e+04 1.171565341819479363e+04
1.177500000000000000e+04 1.176565341819479363e+04
1.182500000000000000e+04 1.181565341819479363e+04
1.187500000000000000e+04 1.186565341819479363e+04
1.192500000000000000e+04 1.191565341819479363e+04
1.197500000000000000e+04 1.196565341819479363e+04
1.202500000000000000e+04 1.201565341819479363e+04
1.207500000000000000e+04 1.206565341819479363e+04
1.212500000000000000e+04 1.211565341819479363e+04
1.217500000000000000e+04 1.216565341819479363e+04
1.222500000000000000e+04 1.221565341819479363e+04
1.227500000000000000e+04 1.226565341819479363e+04
1.232500000000000000e+04 1.231565341819479363e+04
1.237500000000000000e+04 1.236565341819479363e+04
1.242500000000000000e+04 1.241565341819479363e+04
1.247500000000000000e+04 1.246565341819479363e+04
1.252500000000000000e+04 1.251565341819479363e+04
1.257500000000000000e+04 1.256565341819479363e+04
1.262500000000000000e+04 1.261565341819479363e+04
1.267500000000000000e+04 1.266565341819479363e+04
1.272500000000000000e+04 1.271565341819479363e+04
1.277500000000000000e+04 1.276565341819479363e+04
1.282500000000000000e+04 1.281565341819479363e+04
1.287500000000000000e+04 1.286565341819479363e+04
1.292500000000000000e+04 1.291565341819479363e+04
1.297500000000000000e+04 1.296565341819479363e+04
1.302500000000000000e+04 1.301565341819479363e+04
1.307500000000000000e+04 1.306565341819479363e+04
1.312500000000000000e+04 1.311565341819479363e+04
1.317500000000000000e+04 1.316565341819479363e+04
1.322500000000000000e+04 1.321565341819479363e+04
1.327500000000000000e+04 1.326565341819479363e+04
1.332500000000000000e+04 1.331565341819479363e+04
1.337500000000000000e+04 1.336565341819479363e+04
1.342500000000000000e+04 1.341565341819479363e+04
1.347500000000000000e+04 1.346565341819479363e+04
1.352500000000000000e+04 1.351565341819479363e+04
1.357500000000000000e+04 1.356565341819479363e+04
1.362500000000000000e+04 1.361565341819479363e+04
1.367500000000000000e+04 1.366565341819479363e+04
1.372500000000000000e+04 1.371565341819479363e+04
1.377500000000000000e+04 1.376565341819479363e+04
1.382500000000000000e+04 1.381565341819479363e+04
1.387500000000000000e+04 1.386565341819479363e+04
1.392500000000000000e+04 1.391565341819479363e+04
1.397500000000000000e+04 1.396565341819479363e+04
1.402500000000000000e+04 1.401565341819479363e+04
1.407500000000000000e+04 1.406565341819479363e+04
1.412500000000000000e+04 1.411565341819479363e+04
1.417500000000000000e+04 1.416565341819479363e+04
1.422500000000000000e+04 1.421565341819479363e+04
1.427500000000000000e+04 1.426565341819479363e+04
1.432500000000000000e+04 1.431565341819479363e+04
1.437500000000000000e+04 1.436565341819479363e+04
1.442500000000000000e+04 1.441565341819479363e+04
1.447500000000000000e+04 1.446565341819479363e+04
1.452500000000000000e+04 1.451565341819479363e+04
1.457500000000000000e+04 1.456565341819479363e+04
1.462500000000000000e+04 1.461565341819479363e+04
1.467500000000000000e+04 1.466565341819479363e+04
1.472500000000000000e+04 1.471565341819479363e+04
1.477500000000000000e+04 1.476565341819479363e+04
1.482500000000000000e+04 1.481565341819479363e+04
1.487500000000000000e+04 1.486565341819479363e+04
1.492500000000000000e+04 1.491565341819479363e+04
1.497500000000000000e+04 1.496565341819479363e+04
1.502500000000000000e+04 1.501565341819479363e+04
1.507500000000000000e+04 1.506565341819479363e+04
1.512500000000000000e+04 1.511565341819479363e+04
1.517500000000000000e+04 1.516565341819479363e+04
1.522500000000000000e+04 1.521565341819479363e+04
1.527500000000000000e+04 1.526565341819479363e+04
1.532500000000000000e+04 1.531565341819479363e+04
1.537500000000000000e+04 1.536565341819479363e+04
1.542500000000000000e+04 1.541565341819479363e+04
1.547500000000000000e+04 1.546565341819479363e+04
1.552500000000000000e+04 1.551565341819479363e+04
1.557500000000000000e+04 1.556565341819479363e+04
1.562500000000000000e+04 1.561565341819479363e+04
1.567500000000000000e+04 1.566565341819479363e+04
1.572500000000000000e+04 1.571565341819479363e+04
1.577500000000000000e+04 1.576565341819479363e+04
1.582500000000000000e+04 1.581565341819479363e+04
1.587500000000000000e+04 1.586565341819479363e+04
1.592500000000000000e+04 1.591565341819479363e+04
1.597500000000000000e+04 1.596565341819479363e+04
1.602500000000000000e+04 1.601565341819479363e+04
1.607500000000000000e+04 1.606565341819479363e+04
1.612500000000000000e+04 1.611565341819479363e+04
1.617500000000000000e+04 1.616565341819479363e+04
1.622500000000000000e+04 1.621565341819479363e+04
1.627500000000000000e+04 1.626565341819479363e+04
1.632500000000000000e+04 1.631565341819479363e+04
1.637500000000000000e+04 1.636565341819479363e+04
1.642500000000000000e+04 1.641565341819479727e+04
1.647500000000000000e+04 1.646565341819478999e+04
1.652500000000000000e+04 1.651565341819478999e+04
1.657500000000000000e+04 1.656565341819479727e+04
1.662500000000000000e+04 1.661565341819478999e+04
1.667500000000000000e+04 1.666565341819479727e+04
1.672500000000000000e+04 1.671565341819479727e+04
1.677500000000000000e+04 1.676565341819479727e+04
1.682500000000000000e+04 1.681565341819480454e+04
1.687500000000000000e+04 1.686565341819480454e+04
1.692500000000000000e+04 1.691565341819479727e+04
1.697500000000000000e+04 1.696565341819480454e+04
1.702500000000000000e+04 1.701565341819479727e+04
1.707500000000000000e+04 1.706565341819479727e+04
1.712500000000000000e+04 1.711565341819479727e+04
1.717500000000000000e+04 1.716565341819479727e+04
1.722500000000000000e+04 1.721565341819480454e+04
1.727500000000000000e+04 1.726565341819481182e+04
1.732500000000000000e+04 1.731565341819481182e+04
1.737500000000000000e+04 1.736565341819480454e+04
1.742500000000000000e+04 1.741565341819480454e+04
1.747500000000000000e+04 1.746565341819479727e+04
1.752500000000000000e+04 1.751565341819480454e+04
1.757500000000000000e+04 1.756565341819479727e+04
1.762500000000000000e+04 1.761565341819479727e+04
1.767500000000000000e+04 1.766565341819479727e+04
1.772500000000000000e+04 1.771565341819479727e+04
1.777500000000000000e+04 1.776565341819479727e+04
1.782500000000000000e+04 1.781565341819479727e+04
1.787500000000000000e+04 1.786565341819479727e+04
1.792500000000000000e+04 1.791565341819479727e+04
1.797500000000000000e+04 1.796565341819479727e+04
1.802500000000000000e+04 1.801565341819478999e+04
1.807500000000000000e+04 1.806565341819478999e+04
1.812500000000000000e+04 1.811565341819478999e+04
1.817500000000000000e+04 1.816565341819478999e+04
1.822500000000000000e+04 1.821565341819478999e+04
1.827500000000000000e+04 1.826565341819478999e+04
1.832500000000000000e+04 1.831565341819478999e+04
1.837500000000000000e+04 1.836565341819478999e+04
1.842500000000000000e+04 1.841565341819478999e+04
1.847500000000000000e+04 1.846565341819478999e+04
1.852500000000000000e+04 1.851565341819478999e+04
1.857500000000000000e+04 1.856565341819478999e+04
1.862500000000000000e+04 1.861565341819478999e+04
1.867500000000000000e+04 1.866565341819478999e+04
1.872500000000000000e+04 1.871565341819478999e+04
1.877500000000000000e+04 1.876565341819478999e+04
1.882500000000000000e+04 1.881565341819478999e+04
1.887500000000000000e+04 1.886565341819478999e+04
1.892500000000000000e+04 1.891565341819478999e+04
1.897500000000000000e+04 1.896565341819478999e+04
1.902500000000000000e+04 1.901565341819478999e+04
1.907500000000000000e+04 1.906565341819478999e+04
1.912500000000000000e+04 1.911565341819478999e+04
1.917500000000000000e+04 1.916565341819478999e+04
1.922500000000000000e+04 1.921565341819478999e+04
1.927500000000000000e+04 1.926565341819478999e+04
1.932500000000000000e+04 1.931565341819478999e+04
1.937500000000000000e+04 1.936565341819478999e+04
1.942500000000000000e+04 1.941565341819478999e+04
1.947500000000000000e+04 1.946565341819478999e+04
1.952500000000000000e+04 1.951565341819478999e+04
1.957500000000000000e+04 1.956565341819478999e+04
1.962500000000000000e+04 1.961565341819478999e+04
1.967500000000000000e+04 1.966565341819478999e+04
1.972500000000000000e+04 1.971565341819478999e+04
1.977500000000000000e+04 1.976565341819478999e+04
1.982500000000000000e+04 1.981565341819478999e+04
1.987500000000000000e+04 1.986565341819478999e+04
1.992500000000000000e+04 1.991565341819478999e+04
