1.225000000000000000e+03 1.212387509476276591e+03
1.275000000000000000e+03 1.262387509476276591e+03
1.325000000000000000e+03 1.312387509476276591e+03
1.375000000000000000e+03 1.362387509476276591e+03
1.425000000000000000e+03 1.412387509476276136e+03
1.475000000000000000e+03 1.462387509476276591e+03
1.525000000000000000e+03 1.512387509476276136e+03
1.575000000000000000e+03 1.562387509476276136e+03
1.625000000000000000e+03 1.612387509476276136e+03
1.675000000000000000e+03 1.662387509476276136e+03
1.725000000000000000e+03 1.712387509476276136e+03
1.775000000000000000e+03 1.762387509476276136e+03
1.825000000000000000e+03 1.812387509476276591e+03
1.875000000000000000e+03 1.862387509476276591e+03
1.925000000000000000e+03 1.912387509476277046e+03
1.975000000000000000e+03 1.962387509476277046e+03
2.025000000000000000e+03 2.012387509476277501e+03
2.075000000000000000e+03 2.062387509476278410e+03
2.125000000000000000e+03 2.112387509476280229e+03
2.175000000000000000e+03 2.162387509476281139e+03
2.225000000000000000e+03 2.212387509476281139e+03
2.275000000000000000e+03 2.262387509476282048e+03
2.325000000000000000e+03 2.312387509476282048e+03
2.375000000000000000e+03 2.362387509476282048e+03
2.425000000000000000e+03 2.412387509476281139e+03
2.475000000000000000e+03 2.462387509476280229e+03
2.525000000000000000e+03 2.512387509476281139e+03
2.575000000000000000e+03 2.562387509476281139e+03
2.625000000000000000e+03 2.612387509476280229e+03
2.675000000000000000e+03 2.662387509476280229e+03
2.725000000000000000e+03 2.712387509476280229e+03
2.775000000000000000e+03 2.762387509476280229e+03
2.825000000000000000e+03 2.812387509476279320e+03
2.875000000000000000e+03 2.862387509476279320e+03
2.925000000000000000e+03 2.912387509476279320e+03
2.975000000000000000e+03 2.962387509476279320e+03
3.025000000000000000e+03 3.012387509476279320e+03
3.075000000000000000e+03 3.062387509476279320e+03
3.125000000000000000e+03 3.112387509476278410e+03
3.175000000000000000e+03 3.162387509476278410e+03
3.225000000000000000e+03 3.212387509476279320e+03
3.275000000000000000e+03 3.262387509476278410e+03
3.325000000000000000e+03 3.312387509476278410e+03
3.375000000000000000e+03 3.362387509476278410e+03
3.425000000000000000e+03 3.412387509476278410e+03
3.475000000000000000e+03 3.462387509476278410e+03
3.525000000000000000e+03 3.512387509476278410e+03
3.575000000000000000e+03 3.562387509476278410e+03
3.625000000000000000e+03 3.612387509476278410e+03
3.675000000000000000e+03 3.662387509476278410e+03
3.725000000000000000e+03 3.712387509476278410e+03
3.775000000000000000e+03 3.762387509476278410e+03
3.825000000000000000e+03 3.812387509476278410e+03
3.875000000000000000e+03 3.862387509476278410e+03
3.925000000000000000e+03 3.912387509476278410e+03
3.975000000000000000e+03 3.962387509476278410e+03
4.025000000000000000e+03 4.012387509476278410e+03
4.075000000000000000e+03 4.062387509476278410e+03
4.125000000000000000e+03 4.112387509476279774e+03
4.175000000000000000e+03 4.162387509476277955e+03
4.225000000000000000e+03 4.212387509476277955e+03
4.275000000000000000e+03 4.262387509476277955e+03
4.325000000000000000e+03 4.312387509476274317e+03
4.375000000000000000e+03 4.362387509476273408e+03
4.425000000000000000e+03 4.412387509476273408e+03
4.475000000000000000e+03 4.462387509476273408e+03
4.525000000000000000e+03 4.512387509476271589e+03
4.575000000000000000e+03 4.562387509476269770e+03
4.625000000000000000e+03 4.612387509476269770e+03
4.675000000000000000e+03 4.662387509476269770e+03
4.725000000000000000e+03 4.712387509476269770e+03
4.775000000000000000e+03 4.762387509476271589e+03
4.825000000000000000e+03 4.812387509476269770e+03
4.875000000000000000e+03 4.862387509476267951e+03
4.925000000000000000e+03 4.912387509476267951e+03
4.975000000000000000e+03 4.962387509476267951e+03
5.025000000000000000e+03 5.012387509476267951e+03
5.075000000000000000e+03 5.062387509476267951e+03
5.125000000000000000e+03 5.112387509476269770e+03
5.175000000000000000e+03 5.162387509476269770e+03
5.225000000000000000e+03 5.212387509476269770e+03
5.275000000000000000e+03 5.262387509476266132e+03
5.325000000000000000e+03 5.312387509476269770e+03
5.375000000000000000e+03 5.362387509476269770e+03
5.425000000000000000e+03 5.412387509476269770e+03
5.475000000000000000e+03 5.462387509476269770e+03
5.525000000000000000e+03 5.512387509476269770e+03
5.575000000000000000e+03 5.562387509476269770e+03
5.625000000000000000e+03 5.612387509476269770e+03
5.675000000000000000e+03 5.662387509476269770e+03
5.725000000000000000e+03 5.712387509476269770e+03
5.775000000000000000e+03 5.762387509476269770e+03
5.825000000000000000e+03 5.812387509476269770e+03
5.875000000000000000e+03 5.862387509476269770e+03
5.925000000000000000e+03 5.912387509476269770e+03
5.975000000000000000e+03 5.962387509476269770e+03
6.025000000000000000e+03 6.012387509476269770e+03
6.075000000000000000e+03 6.062387509476269770e+03
6.125000000000000000e+03 6.112387509476269770e+03
6.175000000000000000e+03 6.162387509476269770e+03
6.225000000000000000e+03 6.212387509476269770e+03
6.275000000000000000e+03 6.262387509476269770e+03
6.325000000000000000e+03 6.312387509476269770e+03
6.375000000000000000e+03 6.362387509476269770e+03
6.425000000000000000e+03 6.412387509476269770e+03
6.475000000000000000e+03 6.462387509476269770e+03
6.525000000000000000e+03 6.512387509476269770e+03
6.575000000000000000e+03 6.562387509476269770e+03
6.625000000000000000e+03 6.612387509476269770e+03
6.675000000000000000e+03 6.662387509476269770e+03
6.725000000000000000e+03 6.712387509476269770e+03
6.775000000000000000e+03 6.762387509476269770e+03
6.825000000000000000e+03 6.812387509476269770e+03
6.875000000000000000e+03 6.862387509476269770e+03
6.925000000000000000e+03 6.912387509476269770e+03
6.975000000000000000e+03 6.962387509476269770e+03
7.025000000000000000e+03 7.012387509476269770e+03
7.075000000000000000e+03 7.062387509476269770e+03
7.125000000000000000e+03 7.112387509476269770e+03
7.175000000000000000e+03 7.162387509476269770e+03
7.225000000000000000e+03 7.212387509476269770e+03
7.275000000000000000e+03 7.262387509476269770e+03
7.325000000000000000e+03 7.312387509476269770e+03
7.375000000000000000e+03 7.362387509476269770e+03
7.425000000000000000e+03 7.412387509476269770e+03
7.475000000000000000e+03 7.462387509476269770e+03
7.525000000000000000e+03 7.512387509476269770e+03
7.575000000000000000e+03 7.562387509476269770e+03
7.625000000000000000e+03 7.612387509476269770e+03
7.675000000000000000e+03 7.662387509476269770e+03
7.725000000000000000e+03 7.712387509476269770e+03
7.775000000000000000e+03 7.762387509476269770e+03
7.825000000000000000e+03 7.812387509476269770e+03
7.875000000000000000e+03 7.862387509476269770e+03
7.925000000000000000e+03 7.912387509476269770e+03
7.975000000000000000e+03 7.962387509476269770e+03
8.025000000000000000e+03 8.012387509476269770e+03
8.075000000000000000e+03 8.062387509476269770e+03
8.125000000000000000e+03 8.112387509476269770e+03
8.175000000000000000e+03 8.162387509476269770e+03
8.225000000000000000e+03 8.212387509476266132e+03
8.275000000000000000e+03 8.262387509476269770e+03
8.325000000000000000e+03 8.312387509476266132e+03
8.375000000000000000e+03 8.362387509476262494e+03
8.425000000000000000e+03 8.412387509476269770e+03
8.475000000000000000e+03 8.462387509476266132e+03
8.525000000000000000e+03 8.512387509476266132e+03
8.575000000000000000e+03 8.562387509476269770e+03
8.625000000000000000e+03 8.612387509476273408e+03
8.675000000000000000e+03 8.662387509476273408e+03
8.725000000000000000e+03 8.712387509476277046e+03
8.775000000000000000e+03 8.762387509476273408e+03
8.825000000000000000e+03 8.812387509476277046e+03
8.875000000000000000e+03 8.862387509476273408e+03
8.925000000000000000e+03 8.912387509476273408e+03
8.975000000000000000e+03 8.962387509476277046e+03
9.025000000000000000e+03 9.012387509476273408e+03
9.075000000000000000e+03 9.062387509476277046e+03
9.125000000000000000e+03 9.112387509476273408e+03
9.175000000000000000e+03 9.162387509476273408e+03
9.225000000000000000e+03 9.212387509476269770e+03
9.275000000000000000e+03 9.262387509476269770e+03
9.325000000000000000e+03 9.312387509476269770e+03
9.375000000000000000e+03 9.362387509476269770e+03
9.425000000000000000e+03 9.412387509476273408e+03
9.475000000000000000e+03 9.462387509476273408e+03
9.525000000000000000e+03 9.512387509476273408e+03
9.575000000000000000e+03 9.562387509476273408e+03
9.625000000000000000e+03 9.612387509476273408e+03
9.675000000000000000e+03 9.662387509476273408e+03
9.725000000000000000e+03 9.712387509476273408e+03
9.775000000000000000e+03 9.762387509476273408e+03
9.825000000000000000e+03 9.812387509476273408e+03
9.875000000000000000e+03 9.862387509476273408e+03
9.925000000000000000e+03 9.912387509476273408e+03
9.975000000000000000e+03 9.962387509476273408e+03
1.002500000000000000e+04 1.001238750947627341e+04
1.007500000000000000e+04 1.006238750947627341e+04
1.012500000000000000e+04 1.011238750947627341e+04
1.017500000000000000e+04 1.016238750947627341e+04
1.022500000000000000e+04 1.021238750947627341e+04
1.027500000000000000e+04 1.026238750947627341e+04
1.032500000000000000e+04 1.031238750947627341e+04
1.037500000000000000e+04 1.036238750947627341e+04
1.042500000000000000e+04 1.041238750947627341e+04
1.047500000000000000e+04 1.046238750947627341e+04
1.052500000000000000e+04 1.051238750947627341e+04
1.057500000000000000e+04 1.056238750947627341e+04
1.062500000000000000e+04 1.061238750947627341e+04
1.067500000000000000e+04 1.066238750947627341e+04
1.072500000000000000e+04 1.071238750947627341e+04
1.077500000000000000e+04 1.076238750947627341e+04
1.082500000000000000e+04 1.081238750947627341e+04
1.087500000000000000e+04 1.086238750947627341e+04
1.092500000000000000e+04 1.091238750947627341e+04
1.097500000000000000e+04 1.096238750947627341e+04
1.102500000000000000e+04 1.101238750947627341e+04
1.107500000000000000e+04 1.106238750947627341e+04
1.112500000000000000e+04 1.111238750947627341e+04
1.117500000000000000e+04 1.116238750947627341e+04
1.122500000000000000e+04 1.121238750947627341e+04
1.127500000000000000e+04 1.126238750947627341e+04
1.132500000000000000e+04 1.131238750947627341e+04
1.137500000000000000e+04 1.136238750947627341e+04
1.142500000000000000e+04 1.141238750947627341e+04
1.147500000000000000e+04 1.146238750947627341e+04
1.152500000000000000e+04 1.151238750947627341e+04
1.157500000000000000e+04 1.156238750947627341e+04
1.162500000000000000e+04 1.161238750947627341e+04
1.167500000000000000e+04 1.166238750947627341e+04
1.172500000000000000e+04 1.171238750947627341e+04
1.177500000000000000e+04 1.176238750947627341e+04
1.182500000000000000e+04 1.181238750947627341e+04
1.187500000000000000e+04 1.186238750947627341e+04
1.192500000000000000e+04 1.191238750947627341e+04
1.197500000000000000e+04 1.196238750947627341e+04
1.202500000000000000e+04 1.201238750947627341e+04
1.207500000000000000e+04 1.206238750947627341e+04
1.212500000000000000e+04 1.211238750947627341e+04
1.217500000000000000e+04 1.216238750947627341e+04
1.222500000000000000e+04 1.221238750947627341e+04
1.227500000000000000e+04 1.226238750947627341e+04
1.232500000000000000e+04 1.231238750947627341e+04
1.237500000000000000e+04 1.236238750947627341e+04
1.242500000000000000e+04 1.241238750947627341e+04
1.247500000000000000e+04 1.246238750947627341e+04
1.252500000000000000e+04 1.251238750947627341e+04
1.257500000000000000e+04 1.256238750947627341e+04
1.262500000000000000e+04 1.261238750947627341e+04
1.267500000000000000e+04 1.266238750947627341e+04
1.272500000000000000e+04 1.271238750947627341e+04
1.277500000000000000e+04 1.276238750947627341e+04
1.282500000000000000e+04 1.281238750947627341e+04
1.287500000000000000e+04 1.286238750947627341e+04
1.292500000000000000e+04 1.291238750947627341e+04
1.297500000000000000e+04 1.296238750947627341e+04
1.302500000000000000e+04 1.301238750947627341e+04
1.307500000000000000e+04 1.306238750947627341e+04
1.312500000000000000e+04 1.311238750947627341e+04
1.317500000000000000e+04 1.316238750947627341e+04
1.322500000000000000e+04 1.321238750947627341e+04
1.327500000000000000e+04 1.326238750947627341e+04
1.332500000000000000e+04 1.331238750947627341e+04
1.337500000000000000e+04 1.336238750947627341e+04
1.342500000000000000e+04 1.341238750947627341e+04
1.347500000000000000e+04 1.346238750947627341e+04
1.352500000000000000e+04 1.351238750947627341e+04
1.357500000000000000e+04 1.356238750947627341e+04
1.362500000000000000e+04 1.361238750947627341e+04
1.367500000000000000e+04 1.366238750947627341e+04
1.372500000000000000e+04 1.371238750947627341e+04
1.377500000000000000e+04 1.376238750947627341e+04
1.382500000000000000e+04 1.381238750947627341e+04
1.387500000000000000e+04 1.386238750947627341e+04
1.392500000000000000e+04 1.391238750947627341e+04
1.397500000000000000e+04 1.396238750947627341e+04
1.402500000000000000e+04 1.401238750947627341e+04
1.407500000000000000e+04 1.406238750947627341e+04
1.412500000000000000e+04 1.411238750947627341e+04
1.417500000000000000e+04 1.416238750947627341e+04
1.422500000000000000e+04 1.421238750947627341e+04
1.427500000000000000e+04 1.426238750947627341e+04
1.432500000000000000e+04 1.431238750947627341e+04
1.437500000000000000e+04 1.436238750947627341e+04
1.442500000000000000e+04 1.441238750947627341e+04
1.447500000000000000e+04 1.446238750947627341e+04
1.452500000000000000e+04 1.451238750947627341e+04
1.457500000000000000e+04 1.456238750947627341e+04
1.462500000000000000e+04 1.461238750947627341e+04
1.467500000000000000e+04 1.466238750947627341e+04
1.472500000000000000e+04 1.471238750947627341e+04
1.477500000000000000e+04 1.476238750947627341e+04
1.482500000000000000e+04 1.481238750947627341e+04
1.487500000000000000e+04 1.486238750947627341e+04
1.492500000000000000e+04 1.491238750947627341e+04
1.497500000000000000e+04 1.496238750947627341e+04
1.502500000000000000e+04 1.501238750947627341e+04
1.507500000000000000e+04 1.506238750947627341e+04
1.512500000000000000e+04 1.511238750947627341e+04
1.517500000000000000e+04 1.516238750947627341e+04
1.522500000000000000e+04 1.521238750947627341e+04
1.527500000000000000e+04 1.526238750947627341e+04
1.532500000000000000e+04 1.531238750947627341e+04
1.537500000000000000e+04 1.536238750947627341e+04
1.542500000000000000e+04 1.541238750947627341e+04
1.547500000000000000e+04 1.546238750947627341e+04
1.552500000000000000e+04 1.551238750947627341e+04
1.557500000000000000e+04 1.556238750947627341e+04
1.562500000000000000e+04 1.561238750947627341e+04
1.567500000000000000e+04 1.566238750947627341e+04
1.572500000000000000e+04 1.571238750947627341e+04
1.577500000000000000e+04 1.576238750947627341e+04
1.582500000000000000e+04 1.581238750947627341e+04
1.587500000000000000e+04 1.586238750947627341e+04
1.592500000000000000e+04 1.591238750947627341e+04
1.597500000000000000e+04 1.596238750947627341e+04
1.602500000000000000e+04 1.601238750947627341e+04
1.607500000000000000e+04 1.606238750947627341e+04
1.612500000000000000e+04 1.611238750947627341e+04
1.617500000000000000e+04 1.616238750947627341e+04
1.622500000000000000e+04 1.621238750947627341e+04
1.627500000000000000e+04 1.626238750947627341e+04
1.632500000000000000e+04 1.631238750947627341e+04
1.637500000000000000e+04 1.636238750947627341e+04
1.642500000000000000e+04 1.641238750947627705e+04
1.647500000000000000e+04 1.646238750947627705e+04
1.652500000000000000e+04 1.651238750947627705e+04
1.657500000000000000e+04 1.656238750947628068e+04
1.662500000000000000e+04 1.661238750947627341e+04
1.667500000000000000e+04 1.666238750947627705e+04
1.672500000000000000e+04 1.671238750947628068e+04
1.677500000000000000e+04 1.676238750947628068e+04
1.682500000000000000e+04 1.681238750947627341e+04
1.687500000000000000e+04 1.686238750947627705e+04
1.692500000000000000e+04 1.691238750947628068e+04
1.697500000000000000e+04 1.696238750947627705e+04
1.702500000000000000e+04 1.701238750947628068e+04
1.707500000000000000e+04 1.706238750947628432e+04
1.712500000000000000e+04 1.711238750947629160e+04
1.717500000000000000e+04 1.716238750947629160e+04
1.722500000000000000e+04 1.721238750947629887e+04
1.727500000000000000e+04 1.726238750947629887e+04
1.732500000000000000e+04 1.731238750947629887e+04
1.737500000000000000e+04 1.736238750947629887e+04
1.742500000000000000e+04 1.741238750947630615e+04
1.747500000000000000e+04 1.746238750947630615e+04
1.752500000000000000e+04 1.751238750947630615e+04
1.757500000000000000e+04 1.756238750947630615e+04
1.762500000000000000e+04 1.761238750947630615e+04
1.767500000000000000e+04 1.766238750947630615e+04
1.772500000000000000e+04 1.771238750947630615e+04
1.777500000000000000e+04 1.776238750947630615e+04
1.782500000000000000e+04 1.781238750947630615e+04
1.787500000000000000e+04 1.786238750947630615e+04
1.792500000000000000e+04 1.791238750947630615e+04
1.797500000000000000e+04 1.796238750947630615e+04
1.802500000000000000e+04 1.801238750947630615e+04
1.807500000000000000e+04 1.806238750947630615e+04
1.812500000000000000e+04 1.811238750947630615e+04
1.817500000000000000e+04 1.816238750947630615e+04
1.822500000000000000e+04 1.821238750947630615e+04
1.827500000000000000e+04 1.826238750947630615e+04
1.832500000000000000e+04 1.831238750947630615e+04
1.837500000000000000e+04 1.836238750947630615e+04
1.842500000000000000e+04 1.841238750947630615e+04
1.847500000000000000e+04 1.846238750947630615e+04
1.852500000000000000e+04 1.851238750947630615e+04
1.857500000000000000e+04 1.856238750947630615e+04
1.862500000000000000e+04 1.861238750947630615e+04
1.867500000000000000e+04 1.866238750947630615e+04
1.872500000000000000e+04 1.871238750947630615e+04
1.877500000000000000e+04 1.876238750947630615e+04
1.882500000000000000e+04 1.881238750947630615e+04
1.887500000000000000e+04 1.886238750947630615e+04
1.892500000000000000e+04 1.891238750947630615e+04
1.897500000000000000e+04 1.896238750947630615e+04
1.902500000000000000e+04 1.901238750947630615e+04
1.907500000000000000e+04 1.906238750947630615e+04
1.912500000000000000e+04 1.911238750947630615e+04
1.917500000000000000e+04 1.916238750947630615e+04
1.922500000000000000e+04 1.921238750947630615e+04
1.927500000000000000e+04 1.926238750947630615e+04
1.932500000000000000e+04 1.931238750947630615e+04
1.937500000000000000e+04 1.936238750947630615e+04
1.942500000000000000e+04 1.941238750947630615e+04
1.947500000000000000e+04 1.946238750947630615e+04
1.952500000000000000e+04 1.951238750947630615e+04
1.957500000000000000e+04 1.956238750947630615e+04
1.962500000000000000e+04 1.961238750947630615e+04
1.967500000000000000e+04 1.966238750947630615e+04
1.972500000000000000e+04 1.971238750947630615e+04
1.977500000000000000e+04 1.976238750947630615e+04
1.982500000000000000e+04 1.981238750947630615e+04
1.987500000000000000e+04 1.986238750947630615e+04
1.992500000000000000e+04 1.991238750947630615e+04
