1.625000000000000000e+03 1.565458005614832246e+03
1.675000000000000000e+03 1.615458005614832700e+03
1.725000000000000000e+03 1.665458005614832700e+03
1.775000000000000000e+03 1.715458005614832700e+03
1.825000000000000000e+03 1.765458005614833155e+03
1.875000000000000000e+03 1.815458005614832700e+03
1.925000000000000000e+03 1.865458005614832246e+03
1.975000000000000000e+03 1.915458005614832246e+03
2.025000000000000000e+03 1.965458005614832246e+03
2.075000000000000000e+03 2.015458005614832246e+03
2.125000000000000000e+03 2.065458005614832018e+03
2.175000000000000000e+03 2.115458005614832018e+03
2.225000000000000000e+03 2.165458005614831109e+03
2.275000000000000000e+03 2.215458005614831109e+03
2.325000000000000000e+03 2.265458005614831109e+03
2.375000000000000000e+03 2.315458005614829290e+03
2.425000000000000000e+03 2.365458005614827471e+03
2.475000000000000000e+03 2.415458005614827471e+03
2.525000000000000000e+03 2.465458005614828380e+03
2.575000000000000000e+03 2.515458005614827471e+03
2.625000000000000000e+03 2.565458005614829290e+03
2.675000000000000000e+03 2.615458005614829290e+03
2.725000000000000000e+03 2.665458005614828380e+03
2.775000000000000000e+03 2.715458005614828380e+03
2.825000000000000000e+03 2.765458005614827471e+03
2.875000000000000000e+03 2.815458005614828380e+03
2.925000000000000000e+03 2.865458005614829290e+03
2.975000000000000000e+03 2.915458005614829290e+03
3.025000000000000000e+03 2.965458005614830199e+03
3.075000000000000000e+03 3.015458005614831109e+03
3.125000000000000000e+03 3.065458005614830199e+03
3.175000000000000000e+03 3.115458005614831109e+03
3.225000000000000000e+03 3.165458005614831109e+03
3.275000000000000000e+03 3.215458005614830199e+03
3.325000000000000000e+03 3.265458005614830199e+03
3.375000000000000000e+03 3.315458005614831109e+03
3.425000000000000000e+03 3.365458005614832018e+03
3.475000000000000000e+03 3.415458005614832928e+03
3.525000000000000000e+03 3.465458005614832928e+03
3.575000000000000000e+03 3.515458005614833837e+03
3.625000000000000000e+03 3.565458005614833837e+03
3.675000000000000000e+03 3.615458005614832928e+03
3.725000000000000000e+03 3.665458005614832928e+03
3.775000000000000000e+03 3.715458005614832928e+03
3.825000000000000000e+03 3.765458005614832928e+03
3.875000000000000000e+03 3.815458005614832928e+03
3.925000000000000000e+03 3.865458005614832928e+03
3.975000000000000000e+03 3.915458005614832928e+03
4.025000000000000000e+03 3.965458005614832928e+03
4.075000000000000000e+03 4.015458005614832928e+03
4.125000000000000000e+03 4.065458005614832928e+03
4.175000000000000000e+03 4.115458005614832473e+03
4.225000000000000000e+03 4.165458005614834292e+03
4.275000000000000000e+03 4.215458005614837020e+03
4.325000000000000000e+03 4.265458005614835201e+03
4.375000000000000000e+03 4.315458005614837020e+03
4.425000000000000000e+03 4.365458005614838839e+03
4.475000000000000000e+03 4.415458005614842477e+03
4.525000000000000000e+03 4.465458005614840658e+03
4.575000000000000000e+03 4.515458005614840658e+03
4.625000000000000000e+03 4.565458005614840658e+03
4.675000000000000000e+03 4.615458005614840658e+03
4.725000000000000000e+03 4.665458005614840658e+03
4.775000000000000000e+03 4.715458005614840658e+03
4.825000000000000000e+03 4.765458005614840658e+03
4.875000000000000000e+03 4.815458005614840658e+03
4.925000000000000000e+03 4.865458005614838839e+03
4.975000000000000000e+03 4.915458005614838839e+03
5.025000000000000000e+03 4.965458005614840658e+03
5.075000000000000000e+03 5.015458005614840658e+03
5.125000000000000000e+03 5.065458005614840658e+03
5.175000000000000000e+03 5.115458005614840658e+03
5.225000000000000000e+03 5.165458005614842477e+03
5.275000000000000000e+03 5.215458005614840658e+03
5.325000000000000000e+03 5.265458005614840658e+03
5.375000000000000000e+03 5.315458005614842477e+03
5.425000000000000000e+03 5.365458005614842477e+03
5.475000000000000000e+03 5.415458005614844296e+03
5.525000000000000000e+03 5.465458005614842477e+03
5.575000000000000000e+03 5.515458005614842477e+03
5.625000000000000000e+03 5.565458005614842477e+03
5.675000000000000000e+03 5.615458005614844296e+03
5.725000000000000000e+03 5.665458005614844296e+03
5.775000000000000000e+03 5.715458005614844296e+03
5.825000000000000000e+03 5.765458005614844296e+03
5.875000000000000000e+03 5.815458005614844296e+03
5.925000000000000000e+03 5.865458005614844296e+03
5.975000000000000000e+03 5.915458005614844296e+03
6.025000000000000000e+03 5.965458005614844296e+03
6.075000000000000000e+03 6.015458005614844296e+03
6.125000000000000000e+03 6.065458005614844296e+03
6.175000000000000000e+03 6.115458005614844296e+03
6.225000000000000000e+03 6.165458005614844296e+03
6.275000000000000000e+03 6.215458005614844296e+03
6.325000000000000000e+03 6.265458005614844296e+03
6.375000000000000000e+03 6.315458005614844296e+03
6.425000000000000000e+03 6.365458005614844296e+03
6.475000000000000000e+03 6.415458005614844296e+03
6.525000000000000000e+03 6.465458005614844296e+03
6.575000000000000000e+03 6.515458005614844296e+03
6.625000000000000000e+03 6.565458005614844296e+03
6.675000000000000000e+03 6.615458005614844296e+03
6.725000000000000000e+03 6.665458005614844296e+03
6.775000000000000000e+03 6.715458005614844296e+03
6.825000000000000000e+03 6.765458005614844296e+03
6.875000000000000000e+03 6.815458005614844296e+03
6.925000000000000000e+03 6.865458005614844296e+03
6.975000000000000000e+03 6.915458005614844296e+03
7.025000000000000000e+03 6.965458005614844296e+03
7.075000000000000000e+03 7.015458005614844296e+03
7.125000000000000000e+03 7.065458005614844296e+03
7.175000000000000000e+03 7.115458005614844296e+03
7.225000000000000000e+03 7.165458005614844296e+03
7.275000000000000000e+03 7.215458005614844296e+03
7.325000000000000000e+03 7.265458005614844296e+03
7.375000000000000000e+03 7.315458005614844296e+03
7.425000000000000000e+03 7.365458005614844296e+03
7.475000000000000000e+03 7.415458005614844296e+03
7.525000000000000000e+03 7.465458005614844296e+03
7.575000000000000000e+03 7.515458005614844296e+03
7.625000000000000000e+03 7.565458005614844296e+03
7.675000000000000000e+03 7.615458005614844296e+03
7.725000000000000000e+03 7.665458005614844296e+03
7.775000000000000000e+03 7.715458005614844296e+03
7.825000000000000000e+03 7.765458005614844296e+03
7.875000000000000000e+03 7.815458005614844296e+03
7.925000000000000000e+03 7.865458005614844296e+03
7.975000000000000000e+03 7.915458005614844296e+03
8.025000000000000000e+03 7.965458005614844296e+03
8.075000000000000000e+03 8.015458005614844296e+03
8.125000000000000000e+03 8.065458005614844296e+03
8.175000000000000000e+03 8.115458005614844296e+03
8.225000000000000000e+03 8.165458005614844296e+03
8.275000000000000000e+03 8.215458005614847934e+03
8.325000000000000000e+03 8.265458005614846115e+03
8.375000000000000000e+03 8.315458005614853391e+03
8.425000000000000000e+03 8.365458005614853391e+03
8.475000000000000000e+03 8.415458005614853391e+03
8.525000000000000000e+03 8.465458005614851572e+03
8.575000000000000000e+03 8.515458005614851572e+03
8.625000000000000000e+03 8.565458005614855210e+03
8.675000000000000000e+03 8.615458005614855210e+03
8.725000000000000000e+03 8.665458005614851572e+03
8.775000000000000000e+03 8.715458005614851572e+03
8.825000000000000000e+03 8.765458005614847934e+03
8.875000000000000000e+03 8.815458005614851572e+03
8.925000000000000000e+03 8.865458005614851572e+03
8.975000000000000000e+03 8.915458005614851572e+03
9.025000000000000000e+03 8.965458005614851572e+03
9.075000000000000000e+03 9.015458005614847934e+03
9.125000000000000000e+03 9.065458005614847934e+03
9.175000000000000000e+03 9.115458005614847934e+03
9.225000000000000000e+03 9.165458005614844296e+03
9.275000000000000000e+03 9.215458005614844296e+03
9.325000000000000000e+03 9.265458005614840658e+03
9.375000000000000000e+03 9.315458005614840658e+03
9.425000000000000000e+03 9.365458005614840658e+03
9.475000000000000000e+03 9.415458005614837020e+03
9.525000000000000000e+03 9.465458005614829744e+03
9.575000000000000000e+03 9.515458005614833382e+03
9.625000000000000000e+03 9.565458005614833382e+03
9.675000000000000000e+03 9.615458005614837020e+03
9.725000000000000000e+03 9.665458005614840658e+03
9.775000000000000000e+03 9.715458005614837020e+03
9.825000000000000000e+03 9.765458005614837020e+03
9.875000000000000000e+03 9.815458005614837020e+03
9.925000000000000000e+03 9.865458005614837020e+03
9.975000000000000000e+03 9.915458005614837020e+03
1.002500000000000000e+04 9.965458005614837020e+03
1.007500000000000000e+04 1.001545800561483702e+04
1.012500000000000000e+04 1.006545800561483702e+04
1.017500000000000000e+04 1.011545800561483702e+04
1.022500000000000000e+04 1.016545800561483702e+04
1.027500000000000000e+04 1.021545800561483702e+04
1.032500000000000000e+04 1.026545800561483702e+04
1.037500000000000000e+04 1.031545800561483702e+04
1.042500000000000000e+04 1.036545800561483702e+04
1.047500000000000000e+04 1.041545800561483702e+04
1.052500000000000000e+04 1.046545800561483702e+04
1.057500000000000000e+04 1.051545800561483702e+04
1.062500000000000000e+04 1.056545800561483702e+04
1.067500000000000000e+04 1.061545800561483702e+04
1.072500000000000000e+04 1.066545800561483702e+04
1.077500000000000000e+04 1.071545800561483702e+04
1.082500000000000000e+04 1.076545800561483702e+04
1.087500000000000000e+04 1.081545800561483702e+04
1.092500000000000000e+04 1.086545800561483702e+04
1.097500000000000000e+04 1.091545800561483702e+04
1.102500000000000000e+04 1.096545800561483702e+04
1.107500000000000000e+04 1.101545800561483702e+04
1.112500000000000000e+04 1.106545800561483702e+04
1.117500000000000000e+04 1.111545800561483702e+04
1.122500000000000000e+04 1.116545800561483702e+04
1.127500000000000000e+04 1.121545800561483702e+04
1.132500000000000000e+04 1.126545800561483702e+04
1.137500000000000000e+04 1.131545800561483702e+04
1.142500000000000000e+04 1.136545800561483702e+04
1.147500000000000000e+04 1.141545800561483702e+04
1.152500000000000000e+04 1.146545800561483702e+04
1.157500000000000000e+04 1.151545800561483702e+04
1.162500000000000000e+04 1.156545800561483702e+04
1.167500000000000000e+04 1.161545800561483702e+04
1.172500000000000000e+04 1.166545800561483702e+04
1.177500000000000000e+04 1.171545800561483702e+04
1.182500000000000000e+04 1.176545800561483702e+04
1.187500000000000000e+04 1.181545800561483702e+04
1.192500000000000000e+04 1.186545800561483702e+04
1.197500000000000000e+04 1.191545800561483702e+04
1.202500000000000000e+04 1.196545800561483702e+04
1.207500000000000000e+04 1.201545800561483702e+04
1.212500000000000000e+04 1.206545800561483702e+04
1.217500000000000000e+04 1.211545800561483702e+04
1.222500000000000000e+04 1.216545800561483702e+04
1.227500000000000000e+04 1.221545800561483702e+04
1.232500000000000000e+04 1.226545800561483702e+04
1.237500000000000000e+04 1.231545800561483702e+04
1.242500000000000000e+04 1.236545800561483702e+04
1.247500000000000000e+04 1.241545800561483702e+04
1.252500000000000000e+04 1.246545800561483702e+04
1.257500000000000000e+04 1.251545800561483702e+04
1.262500000000000000e+04 1.256545800561483702e+04
1.267500000000000000e+04 1.261545800561483702e+04
1.272500000000000000e+04 1.266545800561483702e+04
1.277500000000000000e+04 1.271545800561483702e+04
1.282500000000000000e+04 1.276545800561483702e+04
1.287500000000000000e+04 1.281545800561483702e+04
1.292500000000000000e+04 1.286545800561483702e+04
1.297500000000000000e+04 1.291545800561483702e+04
1.302500000000000000e+04 1.296545800561483702e+04
1.307500000000000000e+04 1.301545800561483702e+04
1.312500000000000000e+04 1.306545800561483702e+04
1.317500000000000000e+04 1.311545800561483702e+04
1.322500000000000000e+04 1.316545800561483702e+04
1.327500000000000000e+04 1.321545800561483702e+04
1.332500000000000000e+04 1.326545800561483702e+04
1.337500000000000000e+04 1.331545800561483702e+04
1.342500000000000000e+04 1.336545800561483702e+04
1.347500000000000000e+04 1.341545800561483702e+04
1.352500000000000000e+04 1.346545800561483702e+04
1.357500000000000000e+04 1.351545800561483702e+04
1.362500000000000000e+04 1.356545800561483702e+04
1.367500000000000000e+04 1.361545800561483702e+04
1.372500000000000000e+04 1.366545800561483702e+04
1.377500000000000000e+04 1.371545800561483702e+04
1.382500000000000000e+04 1.376545800561483702e+04
1.387500000000000000e+04 1.381545800561483702e+04
1.392500000000000000e+04 1.386545800561483702e+04
1.397500000000000000e+04 1.391545800561483702e+04
1.402500000000000000e+04 1.396545800561483702e+04
1.407500000000000000e+04 1.401545800561483702e+04
1.412500000000000000e+04 1.406545800561483702e+04
1.417500000000000000e+04 1.411545800561483702e+04
1.422500000000000000e+04 1.416545800561483702e+04
1.427500000000000000e+04 1.421545800561483702e+04
1.432500000000000000e+04 1.426545800561483702e+04
1.437500000000000000e+04 1.431545800561483702e+04
1.442500000000000000e+04 1.436545800561483702e+04
1.447500000000000000e+04 1.441545800561483702e+04
1.452500000000000000e+04 1.446545800561483702e+04
1.457500000000000000e+04 1.451545800561483702e+04
1.462500000000000000e+04 1.456545800561483702e+04
1.467500000000000000e+04 1.461545800561483702e+04
1.472500000000000000e+04 1.466545800561483702e+04
1.477500000000000000e+04 1.471545800561483702e+04
1.482500000000000000e+04 1.476545800561483702e+04
1.487500000000000000e+04 1.481545800561483702e+04
1.492500000000000000e+04 1.486545800561483702e+04
1.497500000000000000e+04 1.491545800561483702e+04
1.502500000000000000e+04 1.496545800561483702e+04
1.507500000000000000e+04 1.501545800561483702e+04
1.512500000000000000e+04 1.506545800561483702e+04
1.517500000000000000e+04 1.511545800561483702e+04
1.522500000000000000e+04 1.516545800561483702e+04
1.527500000000000000e+04 1.521545800561483702e+04
1.532500000000000000e+04 1.526545800561483702e+04
1.537500000000000000e+04 1.531545800561483702e+04
1.542500000000000000e+04 1.536545800561483702e+04
1.547500000000000000e+04 1.541545800561483702e+04
1.552500000000000000e+04 1.546545800561483702e+04
1.557500000000000000e+04 1.551545800561483702e+04
1.562500000000000000e+04 1.556545800561483702e+04
1.567500000000000000e+04 1.561545800561483702e+04
1.572500000000000000e+04 1.566545800561483702e+04
1.577500000000000000e+04 1.571545800561483702e+04
1.582500000000000000e+04 1.576545800561483702e+04
1.587500000000000000e+04 1.581545800561483702e+04
1.592500000000000000e+04 1.586545800561483702e+04
1.597500000000000000e+04 1.591545800561483702e+04
1.602500000000000000e+04 1.596545800561483702e+04
1.607500000000000000e+04 1.601545800561483702e+04
1.612500000000000000e+04 1.606545800561483702e+04
1.617500000000000000e+04 1.611545800561483702e+04
1.622500000000000000e+04 1.616545800561483702e+04
1.627500000000000000e+04 1.621545800561483702e+04
1.632500000000000000e+04 1.626545800561483702e+04
1.637500000000000000e+04 1.631545800561483702e+04
1.642500000000000000e+04 1.636545800561483702e+04
1.647500000000000000e+04 1.641545800561483338e+04
1.652500000000000000e+04 1.646545800561482974e+04
1.657500000000000000e+04 1.651545800561483702e+04
1.662500000000000000e+04 1.656545800561482974e+04
1.667500000000000000e+04 1.661545800561483338e+04
1.672500000000000000e+04 1.666545800561482974e+04
1.677500000000000000e+04 1.671545800561483702e+04
1.682500000000000000e+04 1.676545800561483338e+04
1.687500000000000000e+04 1.681545800561483338e+04
1.692500000000000000e+04 1.686545800561484066e+04
1.697500000000000000e+04 1.691545800561484430e+04
1.702500000000000000e+04 1.696545800561484793e+04
1.707500000000000000e+04 1.701545800561484793e+04
1.712500000000000000e+04 1.706545800561484430e+04
1.717500000000000000e+04 1.711545800561484430e+04
1.722500000000000000e+04 1.716545800561484430e+04
1.727500000000000000e+04 1.721545800561484430e+04
1.732500000000000000e+04 1.726545800561485157e+04
1.737500000000000000e+04 1.731545800561485157e+04
1.742500000000000000e+04 1.736545800561485157e+04
1.747500000000000000e+04 1.741545800561485157e+04
1.752500000000000000e+04 1.746545800561485157e+04
1.757500000000000000e+04 1.751545800561485157e+04
1.762500000000000000e+04 1.756545800561485885e+04
1.767500000000000000e+04 1.761545800561485885e+04
1.772500000000000000e+04 1.766545800561484430e+04
1.777500000000000000e+04 1.771545800561484430e+04
1.782500000000000000e+04 1.776545800561484430e+04
1.787500000000000000e+04 1.781545800561483702e+04
1.792500000000000000e+04 1.786545800561483702e+04
1.797500000000000000e+04 1.791545800561483702e+04
1.802500000000000000e+04 1.796545800561483702e+04
1.807500000000000000e+04 1.801545800561483702e+04
1.812500000000000000e+04 1.806545800561483702e+04
1.817500000000000000e+04 1.811545800561483702e+04
1.822500000000000000e+04 1.816545800561483702e+04
1.827500000000000000e+04 1.821545800561483702e+04
1.832500000000000000e+04 1.826545800561483702e+04
1.837500000000000000e+04 1.831545800561483702e+04
1.842500000000000000e+04 1.836545800561483702e+04
1.847500000000000000e+04 1.841545800561483702e+04
1.852500000000000000e+04 1.846545800561483702e+04
1.857500000000000000e+04 1.851545800561483702e+04
1.862500000000000000e+04 1.856545800561483702e+04
1.867500000000000000e+04 1.861545800561483702e+04
1.872500000000000000e+04 1.866545800561483702e+04
1.877500000000000000e+04 1.871545800561483702e+04
1.882500000000000000e+04 1.876545800561483702e+04
1.887500000000000000e+04 1.881545800561483702e+04
1.892500000000000000e+04 1.886545800561483702e+04
1.897500000000000000e+04 1.891545800561483702e+04
1.902500000000000000e+04 1.896545800561483702e+04
1.907500000000000000e+04 1.901545800561483702e+04
1.912500000000000000e+04 1.906545800561483702e+04
1.917500000000000000e+04 1.911545800561483702e+04
1.922500000000000000e+04 1.916545800561483702e+04
1.927500000000000000e+04 1.921545800561483702e+04
1.932500000000000000e+04 1.926545800561483702e+04
1.937500000000000000e+04 1.931545800561483702e+04
1.942500000000000000e+04 1.936545800561483702e+04
1.947500000000000000e+04 1.941545800561483702e+04
1.952500000000000000e+04 1.946545800561483702e+04
1.957500000000000000e+04 1.951545800561483702e+04
1.962500000000000000e+04 1.956545800561483702e+04
1.967500000000000000e+04 1.961545800561483702e+04
1.972500000000000000e+04 1.966545800561483702e+04
1.977500000000000000e+04 1.971545800561483702e+04
1.982500000000000000e+04 1.976545800561483702e+04
1.987500000000000000e+04 1.981545800561483702e+04
1.992500000000000000e+04 1.986545800561483702e+04
