1.425000000000000000e+03 1.410285427722323448e+03
1.475000000000000000e+03 1.460285427722323448e+03
1.525000000000000000e+03 1.510285427722323448e+03
1.575000000000000000e+03 1.560285427722323448e+03
1.625000000000000000e+03 1.610285427722323448e+03
1.675000000000000000e+03 1.660285427722323448e+03
1.725000000000000000e+03 1.710285427722323902e+03
1.775000000000000000e+03 1.760285427722323902e+03
1.825000000000000000e+03 1.810285427722323448e+03
1.875000000000000000e+03 1.860285427722323902e+03
1.925000000000000000e+03 1.910285427722323902e+03
1.975000000000000000e+03 1.960285427722324357e+03
2.025000000000000000e+03 2.010285427722324357e+03
2.075000000000000000e+03 2.060285427722324130e+03
2.125000000000000000e+03 2.110285427722323675e+03
2.175000000000000000e+03 2.160285427722323220e+03
2.225000000000000000e+03 2.210285427722323220e+03
2.275000000000000000e+03 2.260285427722323220e+03
2.325000000000000000e+03 2.310285427722324130e+03
2.375000000000000000e+03 2.360285427722324130e+03
2.425000000000000000e+03 2.410285427722324130e+03
2.475000000000000000e+03 2.460285427722323220e+03
2.525000000000000000e+03 2.510285427722323220e+03
2.575000000000000000e+03 2.560285427722324130e+03
2.625000000000000000e+03 2.610285427722324130e+03
2.675000000000000000e+03 2.660285427722324130e+03
2.725000000000000000e+03 2.710285427722323220e+03
2.775000000000000000e+03 2.760285427722323220e+03
2.825000000000000000e+03 2.810285427722324130e+03
2.875000000000000000e+03 2.860285427722325039e+03
2.925000000000000000e+03 2.910285427722325039e+03
2.975000000000000000e+03 2.960285427722324130e+03
3.025000000000000000e+03 3.010285427722323220e+03
3.075000000000000000e+03 3.060285427722323220e+03
3.125000000000000000e+03 3.110285427722322311e+03
3.175000000000000000e+03 3.160285427722322311e+03
3.225000000000000000e+03 3.210285427722320492e+03
3.275000000000000000e+03 3.260285427722320492e+03
3.325000000000000000e+03 3.310285427722320492e+03
3.375000000000000000e+03 3.360285427722320492e+03
3.425000000000000000e+03 3.410285427722321401e+03
3.475000000000000000e+03 3.460285427722321401e+03
3.525000000000000000e+03 3.510285427722321401e+03
3.575000000000000000e+03 3.560285427722321401e+03
3.625000000000000000e+03 3.610285427722321401e+03
3.675000000000000000e+03 3.660285427722321401e+03
3.725000000000000000e+03 3.710285427722321401e+03
3.775000000000000000e+03 3.760285427722321401e+03
3.825000000000000000e+03 3.810285427722321401e+03
3.875000000000000000e+03 3.860285427722321401e+03
3.925000000000000000e+03 3.910285427722321401e+03
3.975000000000000000e+03 3.960285427722321401e+03
4.025000000000000000e+03 4.010285427722321401e+03
4.075000000000000000e+03 4.060285427722321401e+03
4.125000000000000000e+03 4.110285427722320492e+03
4.175000000000000000e+03 4.160285427722321401e+03
4.225000000000000000e+03 4.210285427722322311e+03
4.275000000000000000e+03 4.260285427722323220e+03
4.325000000000000000e+03 4.310285427722323220e+03
4.375000000000000000e+03 4.360285427722323220e+03
4.425000000000000000e+03 4.410285427722323220e+03
4.475000000000000000e+03 4.460285427722321401e+03
4.525000000000000000e+03 4.510285427722323220e+03
4.575000000000000000e+03 4.560285427722321401e+03
4.625000000000000000e+03 4.610285427722321401e+03
4.675000000000000000e+03 4.660285427722321401e+03
4.725000000000000000e+03 4.710285427722319582e+03
4.775000000000000000e+03 4.760285427722321401e+03
4.825000000000000000e+03 4.810285427722321401e+03
4.875000000000000000e+03 4.860285427722321401e+03
4.925000000000000000e+03 4.910285427722317763e+03
4.975000000000000000e+03 4.960285427722317763e+03
5.025000000000000000e+03 5.010285427722317763e+03
5.075000000000000000e+03 5.060285427722315944e+03
5.125000000000000000e+03 5.110285427722317763e+03
5.175000000000000000e+03 5.160285427722317763e+03
5.225000000000000000e+03 5.210285427722317763e+03
5.275000000000000000e+03 5.260285427722319582e+03
5.325000000000000000e+03 5.310285427722319582e+03
5.375000000000000000e+03 5.360285427722323220e+03
5.425000000000000000e+03 5.410285427722323220e+03
5.475000000000000000e+03 5.460285427722321401e+03
5.525000000000000000e+03 5.510285427722321401e+03
5.575000000000000000e+03 5.560285427722321401e+03
5.625000000000000000e+03 5.610285427722321401e+03
5.675000000000000000e+03 5.660285427722321401e+03
5.725000000000000000e+03 5.710285427722321401e+03
5.775000000000000000e+03 5.760285427722321401e+03
5.825000000000000000e+03 5.810285427722321401e+03
5.875000000000000000e+03 5.860285427722321401e+03
5.925000000000000000e+03 5.910285427722321401e+03
5.975000000000000000e+03 5.960285427722321401e+03
6.025000000000000000e+03 6.010285427722321401e+03
6.075000000000000000e+03 6.060285427722321401e+03
6.125000000000000000e+03 6.110285427722321401e+03
6.175000000000000000e+03 6.160285427722321401e+03
6.225000000000000000e+03 6.210285427722321401e+03
6.275000000000000000e+03 6.260285427722321401e+03
6.325000000000000000e+03 6.310285427722321401e+03
6.375000000000000000e+03 6.360285427722321401e+03
6.425000000000000000e+03 6.410285427722321401e+03
6.475000000000000000e+03 6.460285427722321401e+03
6.525000000000000000e+03 6.510285427722321401e+03
6.575000000000000000e+03 6.560285427722321401e+03
6.625000000000000000e+03 6.610285427722321401e+03
6.675000000000000000e+03 6.660285427722321401e+03
6.725000000000000000e+03 6.710285427722321401e+03
6.775000000000000000e+03 6.760285427722321401e+03
6.825000000000000000e+03 6.810285427722321401e+03
6.875000000000000000e+03 6.860285427722321401e+03
6.925000000000000000e+03 6.910285427722321401e+03
6.975000000000000000e+03 6.960285427722321401e+03
7.025000000000000000e+03 7.010285427722321401e+03
7.075000000000000000e+03 7.060285427722321401e+03
7.125000000000000000e+03 7.110285427722321401e+03
7.175000000000000000e+03 7.160285427722321401e+03
7.225000000000000000e+03 7.210285427722321401e+03
7.275000000000000000e+03 7.260285427722321401e+03
7.325000000000000000e+03 7.310285427722321401e+03
7.375000000000000000e+03 7.360285427722321401e+03
7.425000000000000000e+03 7.410285427722321401e+03
7.475000000000000000e+03 7.460285427722321401e+03
7.525000000000000000e+03 7.510285427722321401e+03
7.575000000000000000e+03 7.560285427722321401e+03
7.625000000000000000e+03 7.610285427722321401e+03
7.675000000000000000e+03 7.660285427722321401e+03
7.725000000000000000e+03 7.710285427722321401e+03
7.775000000000000000e+03 7.760285427722321401e+03
7.825000000000000000e+03 7.810285427722321401e+03
7.875000000000000000e+03 7.860285427722321401e+03
7.925000000000000000e+03 7.910285427722321401e+03
7.975000000000000000e+03 7.960285427722321401e+03
8.025000000000000000e+03 8.010285427722321401e+03
8.075000000000000000e+03 8.060285427722321401e+03
8.125000000000000000e+03 8.110285427722321401e+03
8.175000000000000000e+03 8.160285427722321401e+03
8.225000000000000000e+03 8.210285427722321401e+03
8.275000000000000000e+03 8.260285427722315944e+03
8.325000000000000000e+03 8.310285427722317763e+03
8.375000000000000000e+03 8.360285427722315944e+03
8.425000000000000000e+03 8.410285427722315944e+03
8.475000000000000000e+03 8.460285427722317763e+03
8.525000000000000000e+03 8.510285427722315944e+03
8.575000000000000000e+03 8.560285427722315944e+03
8.625000000000000000e+03 8.610285427722317763e+03
8.675000000000000000e+03 8.660285427722323220e+03
8.725000000000000000e+03 8.710285427722323220e+03
8.775000000000000000e+03 8.760285427722326858e+03
8.825000000000000000e+03 8.810285427722326858e+03
8.875000000000000000e+03 8.860285427722326858e+03
8.925000000000000000e+03 8.910285427722326858e+03
8.975000000000000000e+03 8.960285427722326858e+03
9.025000000000000000e+03 9.010285427722326858e+03
9.075000000000000000e+03 9.060285427722334134e+03
9.125000000000000000e+03 9.110285427722334134e+03
9.175000000000000000e+03 9.160285427722334134e+03
9.225000000000000000e+03 9.210285427722334134e+03
9.275000000000000000e+03 9.260285427722337772e+03
9.325000000000000000e+03 9.310285427722337772e+03
9.375000000000000000e+03 9.360285427722341410e+03
9.425000000000000000e+03 9.410285427722337772e+03
9.475000000000000000e+03 9.460285427722337772e+03
9.525000000000000000e+03 9.510285427722337772e+03
9.575000000000000000e+03 9.560285427722337772e+03
9.625000000000000000e+03 9.610285427722334134e+03
9.675000000000000000e+03 9.660285427722334134e+03
9.725000000000000000e+03 9.710285427722334134e+03
9.775000000000000000e+03 9.760285427722334134e+03
9.825000000000000000e+03 9.810285427722334134e+03
9.875000000000000000e+03 9.860285427722334134e+03
9.925000000000000000e+03 9.910285427722334134e+03
9.975000000000000000e+03 9.960285427722334134e+03
1.002500000000000000e+04 1.001028542772233413e+04
1.007500000000000000e+04 1.006028542772233413e+04
1.012500000000000000e+04 1.011028542772233413e+04
1.017500000000000000e+04 1.016028542772233413e+04
1.022500000000000000e+04 1.021028542772233413e+04
1.027500000000000000e+04 1.026028542772233413e+04
1.032500000000000000e+04 1.031028542772233413e+04
1.037500000000000000e+04 1.036028542772233413e+04
1.042500000000000000e+04 1.041028542772233413e+04
1.047500000000000000e+04 1.046028542772233413e+04
1.052500000000000000e+04 1.051028542772233413e+04
1.057500000000000000e+04 1.056028542772233413e+04
1.062500000000000000e+04 1.061028542772233413e+04
1.067500000000000000e+04 1.066028542772233413e+04
1.072500000000000000e+04 1.071028542772233413e+04
1.077500000000000000e+04 1.076028542772233413e+04
1.082500000000000000e+04 1.081028542772233413e+04
1.087500000000000000e+04 1.086028542772233413e+04
1.092500000000000000e+04 1.091028542772233413e+04
1.097500000000000000e+04 1.096028542772233413e+04
1.102500000000000000e+04 1.101028542772233413e+04
1.107500000000000000e+04 1.106028542772233413e+04
1.112500000000000000e+04 1.111028542772233413e+04
1.117500000000000000e+04 1.116028542772233413e+04
1.122500000000000000e+04 1.121028542772233413e+04
1.127500000000000000e+04 1.126028542772233413e+04
1.132500000000000000e+04 1.131028542772233413e+04
1.137500000000000000e+04 1.136028542772233413e+04
1.142500000000000000e+04 1.141028542772233413e+04
1.147500000000000000e+04 1.146028542772233413e+04
1.152500000000000000e+04 1.151028542772233413e+04
1.157500000000000000e+04 1.156028542772233413e+04
1.162500000000000000e+04 1.161028542772233413e+04
1.167500000000000000e+04 1.166028542772233413e+04
1.172500000000000000e+04 1.171028542772233413e+04
1.177500000000000000e+04 1.176028542772233413e+04
1.182500000000000000e+04 1.181028542772233413e+04
1.187500000000000000e+04 1.186028542772233413e+04
1.192500000000000000e+04 1.191028542772233413e+04
1.197500000000000000e+04 1.196028542772233413e+04
1.202500000000000000e+04 1.201028542772233413e+04
1.207500000000000000e+04 1.206028542772233413e+04
1.212500000000000000e+04 1.211028542772233413e+04
1.217500000000000000e+04 1.216028542772233413e+04
1.222500000000000000e+04 1.221028542772233413e+04
1.227500000000000000e+04 1.226028542772233413e+04
1.232500000000000000e+04 1.231028542772233413e+04
1.237500000000000000e+04 1.236028542772233413e+04
1.242500000000000000e+04 1.241028542772233413e+04
1.247500000000000000e+04 1.246028542772233413e+04
1.252500000000000000e+04 1.251028542772233413e+04
1.257500000000000000e+04 1.256028542772233413e+04
1.262500000000000000e+04 1.261028542772233413e+04
1.267500000000000000e+04 1.266028542772233413e+04
1.272500000000000000e+04 1.271028542772233413e+04
1.277500000000000000e+04 1.276028542772233413e+04
1.282500000000000000e+04 1.281028542772233413e+04
1.287500000000000000e+04 1.286028542772233413e+04
1.292500000000000000e+04 1.291028542772233413e+04
1.297500000000000000e+04 1.296028542772233413e+04
1.302500000000000000e+04 1.301028542772233413e+04
1.307500000000000000e+04 1.306028542772233413e+04
1.312500000000000000e+04 1.311028542772233413e+04
1.317500000000000000e+04 1.316028542772233413e+04
1.322500000000000000e+04 1.321028542772233413e+04
1.327500000000000000e+04 1.326028542772233413e+04
1.332500000000000000e+04 1.331028542772233413e+04
1.337500000000000000e+04 1.336028542772233413e+04
1.342500000000000000e+04 1.341028542772233413e+04
1.347500000000000000e+04 1.346028542772233413e+04
1.352500000000000000e+04 1.351028542772233413e+04
1.357500000000000000e+04 1.356028542772233413e+04
1.362500000000000000e+04 1.361028542772233413e+04
1.367500000000000000e+04 1.366028542772233413e+04
1.372500000000000000e+04 1.371028542772233413e+04
1.377500000000000000e+04 1.376028542772233413e+04
1.382500000000000000e+04 1.381028542772233413e+04
1.387500000000000000e+04 1.386028542772233413e+04
1.392500000000000000e+04 1.391028542772233413e+04
1.397500000000000000e+04 1.396028542772233413e+04
1.402500000000000000e+04 1.401028542772233413e+04
1.407500000000000000e+04 1.406028542772233413e+04
1.412500000000000000e+04 1.411028542772233413e+04
1.417500000000000000e+04 1.416028542772233413e+04
1.422500000000000000e+04 1.421028542772233413e+04
1.427500000000000000e+04 1.426028542772233413e+04
1.432500000000000000e+04 1.431028542772233413e+04
1.437500000000000000e+04 1.436028542772233413e+04
1.442500000000000000e+04 1.441028542772233413e+04
1.447500000000000000e+04 1.446028542772233413e+04
1.452500000000000000e+04 1.451028542772233413e+04
1.457500000000000000e+04 1.456028542772233413e+04
1.462500000000000000e+04 1.461028542772233413e+04
1.467500000000000000e+04 1.466028542772233413e+04
1.472500000000000000e+04 1.471028542772233413e+04
1.477500000000000000e+04 1.476028542772233413e+04
1.482500000000000000e+04 1.481028542772233413e+04
1.487500000000000000e+04 1.486028542772233413e+04
1.492500000000000000e+04 1.491028542772233413e+04
1.497500000000000000e+04 1.496028542772233413e+04
1.502500000000000000e+04 1.501028542772233413e+04
1.507500000000000000e+04 1.506028542772233413e+04
1.512500000000000000e+04 1.511028542772233413e+04
1.517500000000000000e+04 1.516028542772233413e+04
1.522500000000000000e+04 1.521028542772233413e+04
1.527500000000000000e+04 1.526028542772233413e+04
1.532500000000000000e+04 1.531028542772233413e+04
1.537500000000000000e+04 1.536028542772233413e+04
1.542500000000000000e+04 1.541028542772233413e+04
1.547500000000000000e+04 1.546028542772233413e+04
1.552500000000000000e+04 1.551028542772233413e+04
1.557500000000000000e+04 1.556028542772233413e+04
1.562500000000000000e+04 1.561028542772233413e+04
1.567500000000000000e+04 1.566028542772233413e+04
1.572500000000000000e+04 1.571028542772233413e+04
1.577500000000000000e+04 1.576028542772233413e+04
1.582500000000000000e+04 1.581028542772233413e+04
1.587500000000000000e+04 1.586028542772233413e+04
1.592500000000000000e+04 1.591028542772233413e+04
1.597500000000000000e+04 1.596028542772233413e+04
1.602500000000000000e+04 1.601028542772233413e+04
1.607500000000000000e+04 1.606028542772233413e+04
1.612500000000000000e+04 1.611028542772233413e+04
1.617500000000000000e+04 1.616028542772233413e+04
1.622500000000000000e+04 1.621028542772233413e+04
1.627500000000000000e+04 1.626028542772233413e+04
1.632500000000000000e+04 1.631028542772233413e+04
1.637500000000000000e+04 1.636028542772233413e+04
1.642500000000000000e+04 1.641028542772233413e+04
1.647500000000000000e+04 1.646028542772234141e+04
1.652500000000000000e+04 1.651028542772234141e+04
1.657500000000000000e+04 1.656028542772234141e+04
1.662500000000000000e+04 1.661028542772234141e+04
1.667500000000000000e+04 1.666028542772233777e+04
1.672500000000000000e+04 1.671028542772234505e+04
1.677500000000000000e+04 1.676028542772234505e+04
1.682500000000000000e+04 1.681028542772234505e+04
1.687500000000000000e+04 1.686028542772233777e+04
1.692500000000000000e+04 1.691028542772233777e+04
1.697500000000000000e+04 1.696028542772233777e+04
1.702500000000000000e+04 1.701028542772233777e+04
1.707500000000000000e+04 1.706028542772233050e+04
1.712500000000000000e+04 1.711028542772233050e+04
1.717500000000000000e+04 1.716028542772232322e+04
1.722500000000000000e+04 1.721028542772232322e+04
1.727500000000000000e+04 1.726028542772232322e+04
1.732500000000000000e+04 1.731028542772232322e+04
1.737500000000000000e+04 1.736028542772232322e+04
1.742500000000000000e+04 1.741028542772232322e+04
1.747500000000000000e+04 1.746028542772232322e+04
1.752500000000000000e+04 1.751028542772232322e+04
1.757500000000000000e+04 1.756028542772231594e+04
1.762500000000000000e+04 1.761028542772231594e+04
1.767500000000000000e+04 1.766028542772231594e+04
1.772500000000000000e+04 1.771028542772231594e+04
1.777500000000000000e+04 1.776028542772231594e+04
1.782500000000000000e+04 1.781028542772232322e+04
1.787500000000000000e+04 1.786028542772232322e+04
1.792500000000000000e+04 1.791028542772232322e+04
1.797500000000000000e+04 1.796028542772232322e+04
1.802500000000000000e+04 1.801028542772232322e+04
1.807500000000000000e+04 1.806028542772232322e+04
1.812500000000000000e+04 1.811028542772232322e+04
1.817500000000000000e+04 1.816028542772232322e+04
1.822500000000000000e+04 1.821028542772232322e+04
1.827500000000000000e+04 1.826028542772232322e+04
1.832500000000000000e+04 1.831028542772232322e+04
1.837500000000000000e+04 1.836028542772232322e+04
1.842500000000000000e+04 1.841028542772232322e+04
1.847500000000000000e+04 1.846028542772232322e+04
1.852500000000000000e+04 1.851028542772232322e+04
1.857500000000000000e+04 1.856028542772232322e+04
1.862500000000000000e+04 1.861028542772232322e+04
1.867500000000000000e+04 1.866028542772232322e+04
1.872500000000000000e+04 1.871028542772232322e+04
1.877500000000000000e+04 1.876028542772232322e+04
1.882500000000000000e+04 1.881028542772232322e+04
1.887500000000000000e+04 1.886028542772232322e+04
1.892500000000000000e+04 1.891028542772232322e+04
1.897500000000000000e+04 1.896028542772232322e+04
1.902500000000000000e+04 1.901028542772232322e+04
1.907500000000000000e+04 1.906028542772232322e+04
1.912500000000000000e+04 1.911028542772232322e+04
1.917500000000000000e+04 1.916028542772232322e+04
1.922500000000000000e+04 1.921028542772232322e+04
1.927500000000000000e+04 1.926028542772232322e+04
1.932500000000000000e+04 1.931028542772232322e+04
1.937500000000000000e+04 1.936028542772232322e+04
1.942500000000000000e+04 1.941028542772232322e+04
1.947500000000000000e+04 1.946028542772232322e+04
1.952500000000000000e+04 1.951028542772232322e+04
1.957500000000000000e+04 1.956028542772232322e+04
1.962500000000000000e+04 1.961028542772232322e+04
1.967500000000000000e+04 1.966028542772232322e+04
1.972500000000000000e+04 1.971028542772232322e+04
1.977500000000000000e+04 1.976028542772232322e+04
1.982500000000000000e+04 1.981028542772232322e+04
1.987500000000000000e+04 1.986028542772232322e+04
1.992500000000000000e+04 1.991028542772232322e+04
