1.425000000000000000e+03 1.400928575923575636e+03
1.475000000000000000e+03 1.450928575923576091e+03
1.525000000000000000e+03 1.500928575923576091e+03
1.575000000000000000e+03 1.550928575923576545e+03
1.625000000000000000e+03 1.600928575923576091e+03
1.675000000000000000e+03 1.650928575923576091e+03
1.725000000000000000e+03 1.700928575923577000e+03
1.775000000000000000e+03 1.750928575923577000e+03
1.825000000000000000e+03 1.800928575923577455e+03
1.875000000000000000e+03 1.850928575923577455e+03
1.925000000000000000e+03 1.900928575923577455e+03
1.975000000000000000e+03 1.950928575923577455e+03
2.025000000000000000e+03 2.000928575923577455e+03
2.075000000000000000e+03 2.050928575923577228e+03
2.125000000000000000e+03 2.100928575923577228e+03
2.175000000000000000e+03 2.150928575923578137e+03
2.225000000000000000e+03 2.200928575923577228e+03
2.275000000000000000e+03 2.250928575923578137e+03
2.325000000000000000e+03 2.300928575923579047e+03
2.375000000000000000e+03 2.350928575923578137e+03
2.425000000000000000e+03 2.400928575923579047e+03
2.475000000000000000e+03 2.450928575923579956e+03
2.525000000000000000e+03 2.500928575923580865e+03
2.575000000000000000e+03 2.550928575923580865e+03
2.625000000000000000e+03 2.600928575923580865e+03
2.675000000000000000e+03 2.650928575923579956e+03
2.725000000000000000e+03 2.700928575923579956e+03
2.775000000000000000e+03 2.750928575923579956e+03
2.825000000000000000e+03 2.800928575923579956e+03
2.875000000000000000e+03 2.850928575923579047e+03
2.925000000000000000e+03 2.900928575923579047e+03
2.975000000000000000e+03 2.950928575923579047e+03
3.025000000000000000e+03 3.000928575923580865e+03
3.075000000000000000e+03 3.050928575923580865e+03
3.125000000000000000e+03 3.100928575923581775e+03
3.175000000000000000e+03 3.150928575923582684e+03
3.225000000000000000e+03 3.200928575923581775e+03
3.275000000000000000e+03 3.250928575923582684e+03
3.325000000000000000e+03 3.300928575923583594e+03
3.375000000000000000e+03 3.350928575923584503e+03
3.425000000000000000e+03 3.400928575923584503e+03
3.475000000000000000e+03 3.450928575923584503e+03
3.525000000000000000e+03 3.500928575923584503e+03
3.575000000000000000e+03 3.550928575923584503e+03
3.625000000000000000e+03 3.600928575923584503e+03
3.675000000000000000e+03 3.650928575923584503e+03
3.725000000000000000e+03 3.700928575923584503e+03
3.775000000000000000e+03 3.750928575923584503e+03
3.825000000000000000e+03 3.800928575923584503e+03
3.875000000000000000e+03 3.850928575923584503e+03
3.925000000000000000e+03 3.900928575923584503e+03
3.975000000000000000e+03 3.950928575923584503e+03
4.025000000000000000e+03 4.000928575923584503e+03
4.075000000000000000e+03 4.050928575923584503e+03
4.125000000000000000e+03 4.100928575923583594e+03
4.175000000000000000e+03 4.150928575923583594e+03
4.225000000000000000e+03 4.200928575923584503e+03
4.275000000000000000e+03 4.250928575923584503e+03
4.325000000000000000e+03 4.300928575923583594e+03
4.375000000000000000e+03 4.350928575923583594e+03
4.425000000000000000e+03 4.400928575923583594e+03
4.475000000000000000e+03 4.450928575923581775e+03
4.525000000000000000e+03 4.500928575923581775e+03
4.575000000000000000e+03 4.550928575923581775e+03
4.625000000000000000e+03 4.600928575923579956e+03
4.675000000000000000e+03 4.650928575923581775e+03
4.725000000000000000e+03 4.700928575923581775e+03
4.775000000000000000e+03 4.750928575923578137e+03
4.825000000000000000e+03 4.800928575923578137e+03
4.875000000000000000e+03 4.850928575923579956e+03
4.925000000000000000e+03 4.900928575923581775e+03
4.975000000000000000e+03 4.950928575923579956e+03
5.025000000000000000e+03 5.000928575923581775e+03
5.075000000000000000e+03 5.050928575923579956e+03
5.125000000000000000e+03 5.100928575923576318e+03
5.175000000000000000e+03 5.150928575923578137e+03
5.225000000000000000e+03 5.200928575923578137e+03
5.275000000000000000e+03 5.250928575923578137e+03
5.325000000000000000e+03 5.300928575923578137e+03
5.375000000000000000e+03 5.350928575923574499e+03
5.425000000000000000e+03 5.400928575923572680e+03
5.475000000000000000e+03 5.450928575923572680e+03
5.525000000000000000e+03 5.500928575923572680e+03
5.575000000000000000e+03 5.550928575923572680e+03
5.625000000000000000e+03 5.600928575923572680e+03
5.675000000000000000e+03 5.650928575923572680e+03
5.725000000000000000e+03 5.700928575923572680e+03
5.775000000000000000e+03 5.750928575923572680e+03
5.825000000000000000e+03 5.800928575923572680e+03
5.875000000000000000e+03 5.850928575923572680e+03
5.925000000000000000e+03 5.900928575923572680e+03
5.975000000000000000e+03 5.950928575923572680e+03
6.025000000000000000e+03 6.000928575923572680e+03
6.075000000000000000e+03 6.050928575923572680e+03
6.125000000000000000e+03 6.100928575923572680e+03
6.175000000000000000e+03 6.150928575923572680e+03
6.225000000000000000e+03 6.200928575923572680e+03
6.275000000000000000e+03 6.250928575923572680e+03
6.325000000000000000e+03 6.300928575923572680e+03
6.375000000000000000e+03 6.350928575923572680e+03
6.425000000000000000e+03 6.400928575923572680e+03
6.475000000000000000e+03 6.450928575923572680e+03
6.525000000000000000e+03 6.500928575923572680e+03
6.575000000000000000e+03 6.550928575923572680e+03
6.625000000000000000e+03 6.600928575923572680e+03
6.675000000000000000e+03 6.650928575923572680e+03
6.725000000000000000e+03 6.700928575923572680e+03
6.775000000000000000e+03 6.750928575923572680e+03
6.825000000000000000e+03 6.800928575923572680e+03
6.875000000000000000e+03 6.850928575923572680e+03
6.925000000000000000e+03 6.900928575923572680e+03
6.975000000000000000e+03 6.950928575923572680e+03
7.025000000000000000e+03 7.000928575923572680e+03
7.075000000000000000e+03 7.050928575923572680e+03
7.125000000000000000e+03 7.100928575923572680e+03
7.175000000000000000e+03 7.150928575923572680e+03
7.225000000000000000e+03 7.200928575923572680e+03
7.275000000000000000e+03 7.250928575923572680e+03
7.325000000000000000e+03 7.300928575923572680e+03
7.375000000000000000e+03 7.350928575923572680e+03
7.425000000000000000e+03 7.400928575923572680e+03
7.475000000000000000e+03 7.450928575923572680e+03
7.525000000000000000e+03 7.500928575923572680e+03
7.575000000000000000e+03 7.550928575923572680e+03
7.625000000000000000e+03 7.600928575923572680e+03
7.675000000000000000e+03 7.650928575923572680e+03
7.725000000000000000e+03 7.700928575923572680e+03
7.775000000000000000e+03 7.750928575923572680e+03
7.825000000000000000e+03 7.800928575923572680e+03
7.875000000000000000e+03 7.850928575923572680e+03
7.925000000000000000e+03 7.900928575923572680e+03
7.975000000000000000e+03 7.950928575923572680e+03
8.025000000000000000e+03 8.000928575923572680e+03
8.075000000000000000e+03 8.050928575923572680e+03
8.125000000000000000e+03 8.100928575923572680e+03
8.175000000000000000e+03 8.150928575923572680e+03
8.225000000000000000e+03 8.200928575923573590e+03
8.275000000000000000e+03 8.250928575923577228e+03
8.325000000000000000e+03 8.300928575923577228e+03
8.375000000000000000e+03 8.350928575923577228e+03
8.425000000000000000e+03 8.400928575923573590e+03
8.475000000000000000e+03 8.450928575923573590e+03
8.525000000000000000e+03 8.500928575923577228e+03
8.575000000000000000e+03 8.550928575923577228e+03
8.625000000000000000e+03 8.600928575923577228e+03
8.675000000000000000e+03 8.650928575923577228e+03
8.725000000000000000e+03 8.700928575923577228e+03
8.775000000000000000e+03 8.750928575923577228e+03
8.825000000000000000e+03 8.800928575923577228e+03
8.875000000000000000e+03 8.850928575923580865e+03
8.925000000000000000e+03 8.900928575923580865e+03
8.975000000000000000e+03 8.950928575923580865e+03
9.025000000000000000e+03 9.000928575923577228e+03
9.075000000000000000e+03 9.050928575923577228e+03
9.125000000000000000e+03 9.100928575923573590e+03
9.175000000000000000e+03 9.150928575923569952e+03
9.225000000000000000e+03 9.200928575923573590e+03
9.275000000000000000e+03 9.250928575923569952e+03
9.325000000000000000e+03 9.300928575923569952e+03
9.375000000000000000e+03 9.350928575923577228e+03
9.425000000000000000e+03 9.400928575923573590e+03
9.475000000000000000e+03 9.450928575923573590e+03
9.525000000000000000e+03 9.500928575923569952e+03
9.575000000000000000e+03 9.550928575923569952e+03
9.625000000000000000e+03 9.600928575923569952e+03
9.675000000000000000e+03 9.650928575923569952e+03
9.725000000000000000e+03 9.700928575923569952e+03
9.775000000000000000e+03 9.750928575923569952e+03
9.825000000000000000e+03 9.800928575923569952e+03
9.875000000000000000e+03 9.850928575923569952e+03
9.925000000000000000e+03 9.900928575923569952e+03
9.975000000000000000e+03 9.950928575923569952e+03
1.002500000000000000e+04 1.000092857592356995e+04
1.007500000000000000e+04 1.005092857592356995e+04
1.012500000000000000e+04 1.010092857592356995e+04
1.017500000000000000e+04 1.015092857592356995e+04
1.022500000000000000e+04 1.020092857592356995e+04
1.027500000000000000e+04 1.025092857592356995e+04
1.032500000000000000e+04 1.030092857592356995e+04
1.037500000000000000e+04 1.035092857592356995e+04
1.042500000000000000e+04 1.040092857592356995e+04
1.047500000000000000e+04 1.045092857592356995e+04
1.052500000000000000e+04 1.050092857592356995e+04
1.057500000000000000e+04 1.055092857592356995e+04
1.062500000000000000e+04 1.060092857592356995e+04
1.067500000000000000e+04 1.065092857592356995e+04
1.072500000000000000e+04 1.070092857592356995e+04
1.077500000000000000e+04 1.075092857592356995e+04
1.082500000000000000e+04 1.080092857592356995e+04
1.087500000000000000e+04 1.085092857592356995e+04
1.092500000000000000e+04 1.090092857592356995e+04
1.097500000000000000e+04 1.095092857592356995e+04
1.102500000000000000e+04 1.100092857592356995e+04
1.107500000000000000e+04 1.105092857592356995e+04
1.112500000000000000e+04 1.110092857592356995e+04
1.117500000000000000e+04 1.115092857592356995e+04
1.122500000000000000e+04 1.120092857592356995e+04
1.127500000000000000e+04 1.125092857592356995e+04
1.132500000000000000e+04 1.130092857592356995e+04
1.137500000000000000e+04 1.135092857592356995e+04
1.142500000000000000e+04 1.140092857592356995e+04
1.147500000000000000e+04 1.145092857592356995e+04
1.152500000000000000e+04 1.150092857592356995e+04
1.157500000000000000e+04 1.155092857592356995e+04
1.162500000000000000e+04 1.160092857592356995e+04
1.167500000000000000e+04 1.165092857592356995e+04
1.172500000000000000e+04 1.170092857592356995e+04
1.177500000000000000e+04 1.175092857592356995e+04
1.182500000000000000e+04 1.180092857592356995e+04
1.187500000000000000e+04 1.185092857592356995e+04
1.192500000000000000e+04 1.190092857592356995e+04
1.197500000000000000e+04 1.195092857592356995e+04
1.202500000000000000e+04 1.200092857592356995e+04
1.207500000000000000e+04 1.205092857592356995e+04
1.212500000000000000e+04 1.210092857592356995e+04
1.217500000000000000e+04 1.215092857592356995e+04
1.222500000000000000e+04 1.220092857592356995e+04
1.227500000000000000e+04 1.225092857592356995e+04
1.232500000000000000e+04 1.230092857592356995e+04
1.237500000000000000e+04 1.235092857592356995e+04
1.242500000000000000e+04 1.240092857592356995e+04
1.247500000000000000e+04 1.245092857592356995e+04
1.252500000000000000e+04 1.250092857592356995e+04
1.257500000000000000e+04 1.255092857592356995e+04
1.262500000000000000e+04 1.260092857592356995e+04
1.267500000000000000e+04 1.265092857592356995e+04
1.272500000000000000e+04 1.270092857592356995e+04
1.277500000000000000e+04 1.275092857592356995e+04
1.282500000000000000e+04 1.280092857592356995e+04
1.287500000000000000e+04 1.285092857592356995e+04
1.292500000000000000e+04 1.290092857592356995e+04
1.297500000000000000e+04 1.295092857592356995e+04
1.302500000000000000e+04 1.300092857592356995e+04
1.307500000000000000e+04 1.305092857592356995e+04
1.312500000000000000e+04 1.310092857592356995e+04
1.317500000000000000e+04 1.315092857592356995e+04
1.322500000000000000e+04 1.320092857592356995e+04
1.327500000000000000e+04 1.325092857592356995e+04
1.332500000000000000e+04 1.330092857592356995e+04
1.337500000000000000e+04 1.335092857592356995e+04
1.342500000000000000e+04 1.340092857592356995e+04
1.347500000000000000e+04 1.345092857592356995e+04
1.352500000000000000e+04 1.350092857592356995e+04
1.357500000000000000e+04 1.355092857592356995e+04
1.362500000000000000e+04 1.360092857592356995e+04
1.367500000000000000e+04 1.365092857592356995e+04
1.372500000000000000e+04 1.370092857592356995e+04
1.377500000000000000e+04 1.375092857592356995e+04
1.382500000000000000e+04 1.380092857592356995e+04
1.387500000000000000e+04 1.385092857592356995e+04
1.392500000000000000e+04 1.390092857592356995e+04
1.397500000000000000e+04 1.395092857592356995e+04
1.402500000000000000e+04 1.400092857592356995e+04
1.407500000000000000e+04 1.405092857592356995e+04
1.412500000000000000e+04 1.410092857592356995e+04
1.417500000000000000e+04 1.415092857592356995e+04
1.422500000000000000e+04 1.420092857592356995e+04
1.427500000000000000e+04 1.425092857592356995e+04
1.432500000000000000e+04 1.430092857592356995e+04
1.437500000000000000e+04 1.435092857592356995e+04
1.442500000000000000e+04 1.440092857592356995e+04
1.447500000000000000e+04 1.445092857592356995e+04
1.452500000000000000e+04 1.450092857592356995e+04
1.457500000000000000e+04 1.455092857592356995e+04
1.462500000000000000e+04 1.460092857592356995e+04
1.467500000000000000e+04 1.465092857592356995e+04
1.472500000000000000e+04 1.470092857592356995e+04
1.477500000000000000e+04 1.475092857592356995e+04
1.482500000000000000e+04 1.480092857592356995e+04
1.487500000000000000e+04 1.485092857592356995e+04
1.492500000000000000e+04 1.490092857592356995e+04
1.497500000000000000e+04 1.495092857592356995e+04
1.502500000000000000e+04 1.500092857592356995e+04
1.507500000000000000e+04 1.505092857592356995e+04
1.512500000000000000e+04 1.510092857592356995e+04
1.517500000000000000e+04 1.515092857592356995e+04
1.522500000000000000e+04 1.520092857592356995e+04
1.527500000000000000e+04 1.525092857592356995e+04
1.532500000000000000e+04 1.530092857592356995e+04
1.537500000000000000e+04 1.535092857592356995e+04
1.542500000000000000e+04 1.540092857592356995e+04
1.547500000000000000e+04 1.545092857592356995e+04
1.552500000000000000e+04 1.550092857592356995e+04
1.557500000000000000e+04 1.555092857592356995e+04
1.562500000000000000e+04 1.560092857592356995e+04
1.567500000000000000e+04 1.565092857592356995e+04
1.572500000000000000e+04 1.570092857592356995e+04
1.577500000000000000e+04 1.575092857592356995e+04
1.582500000000000000e+04 1.580092857592356995e+04
1.587500000000000000e+04 1.585092857592356995e+04
1.592500000000000000e+04 1.590092857592356995e+04
1.597500000000000000e+04 1.595092857592356995e+04
1.602500000000000000e+04 1.600092857592356995e+04
1.607500000000000000e+04 1.605092857592356995e+04
1.612500000000000000e+04 1.610092857592356995e+04
1.617500000000000000e+04 1.615092857592356995e+04
1.622500000000000000e+04 1.620092857592356995e+04
1.627500000000000000e+04 1.625092857592356995e+04
1.632500000000000000e+04 1.630092857592356995e+04
1.637500000000000000e+04 1.635092857592356995e+04
1.642500000000000000e+04 1.640092857592356086e+04
1.647500000000000000e+04 1.645092857592356086e+04
1.652500000000000000e+04 1.650092857592355722e+04
1.657500000000000000e+04 1.655092857592355722e+04
1.662500000000000000e+04 1.660092857592356086e+04
1.667500000000000000e+04 1.665092857592355358e+04
1.672500000000000000e+04 1.670092857592355358e+04
1.677500000000000000e+04 1.675092857592356086e+04
1.682500000000000000e+04 1.680092857592355358e+04
1.687500000000000000e+04 1.685092857592355358e+04
1.692500000000000000e+04 1.690092857592355358e+04
1.697500000000000000e+04 1.695092857592355358e+04
1.702500000000000000e+04 1.700092857592355358e+04
1.707500000000000000e+04 1.705092857592355358e+04
1.712500000000000000e+04 1.710092857592355358e+04
1.717500000000000000e+04 1.715092857592355358e+04
1.722500000000000000e+04 1.720092857592355358e+04
1.727500000000000000e+04 1.725092857592355358e+04
1.732500000000000000e+04 1.730092857592355358e+04
1.737500000000000000e+04 1.735092857592355358e+04
1.742500000000000000e+04 1.740092857592355358e+04
1.747500000000000000e+04 1.745092857592355358e+04
1.752500000000000000e+04 1.750092857592355358e+04
1.757500000000000000e+04 1.755092857592355358e+04
1.762500000000000000e+04 1.760092857592355358e+04
1.767500000000000000e+04 1.765092857592356086e+04
1.772500000000000000e+04 1.770092857592356086e+04
1.777500000000000000e+04 1.775092857592356086e+04
1.782500000000000000e+04 1.780092857592356086e+04
1.787500000000000000e+04 1.785092857592356086e+04
1.792500000000000000e+04 1.790092857592356086e+04
1.797500000000000000e+04 1.795092857592356086e+04
1.802500000000000000e+04 1.800092857592356086e+04
1.807500000000000000e+04 1.805092857592356086e+04
1.812500000000000000e+04 1.810092857592356086e+04
1.817500000000000000e+04 1.815092857592356086e+04
1.822500000000000000e+04 1.820092857592356086e+04
1.827500000000000000e+04 1.825092857592356086e+04
1.832500000000000000e+04 1.830092857592356086e+04
1.837500000000000000e+04 1.835092857592356086e+04
1.842500000000000000e+04 1.840092857592356086e+04
1.847500000000000000e+04 1.845092857592356086e+04
1.852500000000000000e+04 1.850092857592356086e+04
1.857500000000000000e+04 1.855092857592356086e+04
1.862500000000000000e+04 1.860092857592356086e+04
1.867500000000000000e+04 1.865092857592356086e+04
1.872500000000000000e+04 1.870092857592356086e+04
1.877500000000000000e+04 1.875092857592356086e+04
1.882500000000000000e+04 1.880092857592356086e+04
1.887500000000000000e+04 1.885092857592356086e+04
1.892500000000000000e+04 1.890092857592356086e+04
1.897500000000000000e+04 1.895092857592356086e+04
1.902500000000000000e+04 1.900092857592356086e+04
1.907500000000000000e+04 1.905092857592356086e+04
1.912500000000000000e+04 1.910092857592356086e+04
1.917500000000000000e+04 1.915092857592356086e+04
1.922500000000000000e+04 1.920092857592356086e+04
1.927500000000000000e+04 1.925092857592356086e+04
1.932500000000000000e+04 1.930092857592356086e+04
1.937500000000000000e+04 1.935092857592356086e+04
1.942500000000000000e+04 1.940092857592356086e+04
1.947500000000000000e+04 1.945092857592356086e+04
1.952500000000000000e+04 1.950092857592356086e+04
1.957500000000000000e+04 1.955092857592356086e+04
1.962500000000000000e+04 1.960092857592356086e+04
1.967500000000000000e+04 1.965092857592356086e+04
1.972500000000000000e+04 1.970092857592356086e+04
1.977500000000000000e+04 1.975092857592356086e+04
1.982500000000000000e+04 1.980092857592356086e+04
1.987500000000000000e+04 1.985092857592356086e+04
1.992500000000000000e+04 1.990092857592356086e+04
