1.025000000000000000e+03 1.019158386371740448e+03
1.075000000000000000e+03 1.069158386371741017e+03
1.125000000000000000e+03 1.119158386371741472e+03
1.175000000000000000e+03 1.169158386371742381e+03
1.225000000000000000e+03 1.219158386371741926e+03
1.275000000000000000e+03 1.269158386371741472e+03
1.325000000000000000e+03 1.319158386371741926e+03
1.375000000000000000e+03 1.369158386371741926e+03
1.425000000000000000e+03 1.419158386371741926e+03
1.475000000000000000e+03 1.469158386371741472e+03
1.525000000000000000e+03 1.519158386371741472e+03
1.575000000000000000e+03 1.569158386371741926e+03
1.625000000000000000e+03 1.619158386371741472e+03
1.675000000000000000e+03 1.669158386371741017e+03
1.725000000000000000e+03 1.719158386371741017e+03
1.775000000000000000e+03 1.769158386371741017e+03
1.825000000000000000e+03 1.819158386371741017e+03
1.875000000000000000e+03 1.869158386371741017e+03
1.925000000000000000e+03 1.919158386371741472e+03
1.975000000000000000e+03 1.969158386371741472e+03
2.025000000000000000e+03 2.019158386371741472e+03
2.075000000000000000e+03 2.069158386371741017e+03
2.125000000000000000e+03 2.119158386371741472e+03
2.175000000000000000e+03 2.169158386371742381e+03
2.225000000000000000e+03 2.219158386371742381e+03
2.275000000000000000e+03 2.269158386371742381e+03
2.325000000000000000e+03 2.319158386371741472e+03
2.375000000000000000e+03 2.369158386371741472e+03
2.425000000000000000e+03 2.419158386371741472e+03
2.475000000000000000e+03 2.469158386371742381e+03
2.525000000000000000e+03 2.519158386371743291e+03
2.575000000000000000e+03 2.569158386371742381e+03
2.625000000000000000e+03 2.619158386371742381e+03
2.675000000000000000e+03 2.669158386371741472e+03
2.725000000000000000e+03 2.719158386371740562e+03
2.775000000000000000e+03 2.769158386371739653e+03
2.825000000000000000e+03 2.819158386371740562e+03
2.875000000000000000e+03 2.869158386371740562e+03
2.925000000000000000e+03 2.919158386371739653e+03
2.975000000000000000e+03 2.969158386371738743e+03
3.025000000000000000e+03 3.019158386371739653e+03
3.075000000000000000e+03 3.069158386371739653e+03
3.125000000000000000e+03 3.119158386371739653e+03
3.175000000000000000e+03 3.169158386371739653e+03
3.225000000000000000e+03 3.219158386371739653e+03
3.275000000000000000e+03 3.269158386371739653e+03
3.325000000000000000e+03 3.319158386371739653e+03
3.375000000000000000e+03 3.369158386371739653e+03
3.425000000000000000e+03 3.419158386371739653e+03
3.475000000000000000e+03 3.469158386371739653e+03
3.525000000000000000e+03 3.519158386371739653e+03
3.575000000000000000e+03 3.569158386371739653e+03
3.625000000000000000e+03 3.619158386371739653e+03
3.675000000000000000e+03 3.669158386371739653e+03
3.725000000000000000e+03 3.719158386371739653e+03
3.775000000000000000e+03 3.769158386371739653e+03
3.825000000000000000e+03 3.819158386371739653e+03
3.875000000000000000e+03 3.869158386371739653e+03
3.925000000000000000e+03 3.919158386371739653e+03
3.975000000000000000e+03 3.969158386371739653e+03
4.025000000000000000e+03 4.019158386371739653e+03
4.075000000000000000e+03 4.069158386371739653e+03
4.125000000000000000e+03 4.119158386371738743e+03
4.175000000000000000e+03 4.169158386371737834e+03
4.225000000000000000e+03 4.219158386371736924e+03
4.275000000000000000e+03 4.269158386371735105e+03
4.325000000000000000e+03 4.319158386371736924e+03
4.375000000000000000e+03 4.369158386371737834e+03
4.425000000000000000e+03 4.419158386371739653e+03
4.475000000000000000e+03 4.469158386371736924e+03
4.525000000000000000e+03 4.519158386371737834e+03
4.575000000000000000e+03 4.569158386371734196e+03
4.625000000000000000e+03 4.619158386371734196e+03
4.675000000000000000e+03 4.669158386371736015e+03
4.725000000000000000e+03 4.719158386371736015e+03
4.775000000000000000e+03 4.769158386371737834e+03
4.825000000000000000e+03 4.819158386371739653e+03
4.875000000000000000e+03 4.869158386371737834e+03
4.925000000000000000e+03 4.919158386371737834e+03
4.975000000000000000e+03 4.969158386371737834e+03
5.025000000000000000e+03 5.019158386371739653e+03
5.075000000000000000e+03 5.069158386371739653e+03
5.125000000000000000e+03 5.119158386371739653e+03
5.175000000000000000e+03 5.169158386371739653e+03
5.225000000000000000e+03 5.219158386371739653e+03
5.275000000000000000e+03 5.269158386371739653e+03
5.325000000000000000e+03 5.319158386371739653e+03
5.375000000000000000e+03 5.369158386371739653e+03
5.425000000000000000e+03 5.419158386371739653e+03
5.475000000000000000e+03 5.469158386371739653e+03
5.525000000000000000e+03 5.519158386371739653e+03
5.575000000000000000e+03 5.569158386371739653e+03
5.625000000000000000e+03 5.619158386371739653e+03
5.675000000000000000e+03 5.669158386371739653e+03
5.725000000000000000e+03 5.719158386371739653e+03
5.775000000000000000e+03 5.769158386371739653e+03
5.825000000000000000e+03 5.819158386371739653e+03
5.875000000000000000e+03 5.869158386371739653e+03
5.925000000000000000e+03 5.919158386371739653e+03
5.975000000000000000e+03 5.969158386371739653e+03
6.025000000000000000e+03 6.019158386371739653e+03
6.075000000000000000e+03 6.069158386371739653e+03
6.125000000000000000e+03 6.119158386371739653e+03
6.175000000000000000e+03 6.169158386371739653e+03
6.225000000000000000e+03 6.219158386371739653e+03
6.275000000000000000e+03 6.269158386371739653e+03
6.325000000000000000e+03 6.319158386371739653e+03
6.375000000000000000e+03 6.369158386371739653e+03
6.425000000000000000e+03 6.419158386371739653e+03
6.475000000000000000e+03 6.469158386371739653e+03
6.525000000000000000e+03 6.519158386371739653e+03
6.575000000000000000e+03 6.569158386371739653e+03
6.625000000000000000e+03 6.619158386371739653e+03
6.675000000000000000e+03 6.669158386371739653e+03
6.725000000000000000e+03 6.719158386371739653e+03
6.775000000000000000e+03 6.769158386371739653e+03
6.825000000000000000e+03 6.819158386371739653e+03
6.875000000000000000e+03 6.869158386371739653e+03
6.925000000000000000e+03 6.919158386371739653e+03
6.975000000000000000e+03 6.969158386371739653e+03
7.025000000000000000e+03 7.019158386371739653e+03
7.075000000000000000e+03 7.069158386371739653e+03
7.125000000000000000e+03 7.119158386371739653e+03
7.175000000000000000e+03 7.169158386371739653e+03
7.225000000000000000e+03 7.219158386371739653e+03
7.275000000000000000e+03 7.269158386371739653e+03
7.325000000000000000e+03 7.319158386371739653e+03
7.375000000000000000e+03 7.369158386371739653e+03
7.425000000000000000e+03 7.419158386371739653e+03
7.475000000000000000e+03 7.469158386371739653e+03
7.525000000000000000e+03 7.519158386371739653e+03
7.575000000000000000e+03 7.569158386371739653e+03
7.625000000000000000e+03 7.619158386371739653e+03
7.675000000000000000e+03 7.669158386371739653e+03
7.725000000000000000e+03 7.719158386371739653e+03
7.775000000000000000e+03 7.769158386371739653e+03
7.825000000000000000e+03 7.819158386371739653e+03
7.875000000000000000e+03 7.869158386371739653e+03
7.925000000000000000e+03 7.919158386371739653e+03
7.975000000000000000e+03 7.969158386371739653e+03
8.025000000000000000e+03 8.019158386371739653e+03
8.075000000000000000e+03 8.069158386371739653e+03
8.125000000000000000e+03 8.119158386371739653e+03
8.175000000000000000e+03 8.169158386371739653e+03
8.225000000000000000e+03 8.219158386371738743e+03
8.275000000000000000e+03 8.269158386371738743e+03
8.325000000000000000e+03 8.319158386371738743e+03
8.375000000000000000e+03 8.369158386371738743e+03
8.425000000000000000e+03 8.419158386371738743e+03
8.475000000000000000e+03 8.469158386371738743e+03
8.525000000000000000e+03 8.519158386371736924e+03
8.575000000000000000e+03 8.569158386371736924e+03
8.625000000000000000e+03 8.619158386371736924e+03
8.675000000000000000e+03 8.669158386371736924e+03
8.725000000000000000e+03 8.719158386371740562e+03
8.775000000000000000e+03 8.769158386371740562e+03
8.825000000000000000e+03 8.819158386371744200e+03
8.875000000000000000e+03 8.869158386371744200e+03
8.925000000000000000e+03 8.919158386371744200e+03
8.975000000000000000e+03 8.969158386371744200e+03
9.025000000000000000e+03 9.019158386371744200e+03
9.075000000000000000e+03 9.069158386371744200e+03
9.125000000000000000e+03 9.119158386371744200e+03
9.175000000000000000e+03 9.169158386371744200e+03
9.225000000000000000e+03 9.219158386371744200e+03
9.275000000000000000e+03 9.269158386371744200e+03
9.325000000000000000e+03 9.319158386371744200e+03
9.375000000000000000e+03 9.369158386371744200e+03
9.425000000000000000e+03 9.419158386371744200e+03
9.475000000000000000e+03 9.469158386371744200e+03
9.525000000000000000e+03 9.519158386371744200e+03
9.575000000000000000e+03 9.569158386371744200e+03
9.625000000000000000e+03 9.619158386371744200e+03
9.675000000000000000e+03 9.669158386371744200e+03
9.725000000000000000e+03 9.719158386371744200e+03
9.775000000000000000e+03 9.769158386371744200e+03
9.825000000000000000e+03 9.819158386371744200e+03
9.875000000000000000e+03 9.869158386371744200e+03
9.925000000000000000e+03 9.919158386371744200e+03
9.975000000000000000e+03 9.969158386371744200e+03
1.002500000000000000e+04 1.001915838637174420e+04
1.007500000000000000e+04 1.006915838637174420e+04
1.012500000000000000e+04 1.011915838637174420e+04
1.017500000000000000e+04 1.016915838637174420e+04
1.022500000000000000e+04 1.021915838637174420e+04
1.027500000000000000e+04 1.026915838637174420e+04
1.032500000000000000e+04 1.031915838637174420e+04
1.037500000000000000e+04 1.036915838637174420e+04
1.042500000000000000e+04 1.041915838637174420e+04
1.047500000000000000e+04 1.046915838637174420e+04
1.052500000000000000e+04 1.051915838637174420e+04
1.057500000000000000e+04 1.056915838637174420e+04
1.062500000000000000e+04 1.061915838637174420e+04
1.067500000000000000e+04 1.066915838637174420e+04
1.072500000000000000e+04 1.071915838637174420e+04
1.077500000000000000e+04 1.076915838637174420e+04
1.082500000000000000e+04 1.081915838637174420e+04
1.087500000000000000e+04 1.086915838637174420e+04
1.092500000000000000e+04 1.091915838637174420e+04
1.097500000000000000e+04 1.096915838637174420e+04
1.102500000000000000e+04 1.101915838637174420e+04
1.107500000000000000e+04 1.106915838637174420e+04
1.112500000000000000e+04 1.111915838637174420e+04
1.117500000000000000e+04 1.116915838637174420e+04
1.122500000000000000e+04 1.121915838637174420e+04
1.127500000000000000e+04 1.126915838637174420e+04
1.132500000000000000e+04 1.131915838637174420e+04
1.137500000000000000e+04 1.136915838637174420e+04
1.142500000000000000e+04 1.141915838637174420e+04
1.147500000000000000e+04 1.146915838637174420e+04
1.152500000000000000e+04 1.151915838637174420e+04
1.157500000000000000e+04 1.156915838637174420e+04
1.162500000000000000e+04 1.161915838637174420e+04
1.167500000000000000e+04 1.166915838637174420e+04
1.172500000000000000e+04 1.171915838637174420e+04
1.177500000000000000e+04 1.176915838637174420e+04
1.182500000000000000e+04 1.181915838637174420e+04
1.187500000000000000e+04 1.186915838637174420e+04
1.192500000000000000e+04 1.191915838637174420e+04
1.197500000000000000e+04 1.196915838637174420e+04
1.202500000000000000e+04 1.201915838637174420e+04
1.207500000000000000e+04 1.206915838637174420e+04
1.212500000000000000e+04 1.211915838637174420e+04
1.217500000000000000e+04 1.216915838637174420e+04
1.222500000000000000e+04 1.221915838637174420e+04
1.227500000000000000e+04 1.226915838637174420e+04
1.232500000000000000e+04 1.231915838637174420e+04
1.237500000000000000e+04 1.236915838637174420e+04
1.242500000000000000e+04 1.241915838637174420e+04
1.247500000000000000e+04 1.246915838637174420e+04
1.252500000000000000e+04 1.251915838637174420e+04
1.257500000000000000e+04 1.256915838637174420e+04
1.262500000000000000e+04 1.261915838637174420e+04
1.267500000000000000e+04 1.266915838637174420e+04
1.272500000000000000e+04 1.271915838637174420e+04
1.277500000000000000e+04 1.276915838637174420e+04
1.282500000000000000e+04 1.281915838637174420e+04
1.287500000000000000e+04 1.286915838637174420e+04
1.292500000000000000e+04 1.291915838637174420e+04
1.297500000000000000e+04 1.296915838637174420e+04
1.302500000000000000e+04 1.301915838637174420e+04
1.307500000000000000e+04 1.306915838637174420e+04
1.312500000000000000e+04 1.311915838637174420e+04
1.317500000000000000e+04 1.316915838637174420e+04
1.322500000000000000e+04 1.321915838637174420e+04
1.327500000000000000e+04 1.326915838637174420e+04
1.332500000000000000e+04 1.331915838637174420e+04
1.337500000000000000e+04 1.336915838637174420e+04
1.342500000000000000e+04 1.341915838637174420e+04
1.347500000000000000e+04 1.346915838637174420e+04
1.352500000000000000e+04 1.351915838637174420e+04
1.357500000000000000e+04 1.356915838637174420e+04
1.362500000000000000e+04 1.361915838637174420e+04
1.367500000000000000e+04 1.366915838637174420e+04
1.372500000000000000e+04 1.371915838637174420e+04
1.377500000000000000e+04 1.376915838637174420e+04
1.382500000000000000e+04 1.381915838637174420e+04
1.387500000000000000e+04 1.386915838637174420e+04
1.392500000000000000e+04 1.391915838637174420e+04
1.397500000000000000e+04 1.396915838637174420e+04
1.402500000000000000e+04 1.401915838637174420e+04
1.407500000000000000e+04 1.406915838637174420e+04
1.412500000000000000e+04 1.411915838637174420e+04
1.417500000000000000e+04 1.416915838637174420e+04
1.422500000000000000e+04 1.421915838637174420e+04
1.427500000000000000e+04 1.426915838637174420e+04
1.432500000000000000e+04 1.431915838637174420e+04
1.437500000000000000e+04 1.436915838637174420e+04
1.442500000000000000e+04 1.441915838637174420e+04
1.447500000000000000e+04 1.446915838637174420e+04
1.452500000000000000e+04 1.451915838637174420e+04
1.457500000000000000e+04 1.456915838637174420e+04
1.462500000000000000e+04 1.461915838637174420e+04
1.467500000000000000e+04 1.466915838637174420e+04
1.472500000000000000e+04 1.471915838637174420e+04
1.477500000000000000e+04 1.476915838637174420e+04
1.482500000000000000e+04 1.481915838637174420e+04
1.487500000000000000e+04 1.486915838637174420e+04
1.492500000000000000e+04 1.491915838637174420e+04
1.497500000000000000e+04 1.496915838637174420e+04
1.502500000000000000e+04 1.501915838637174420e+04
1.507500000000000000e+04 1.506915838637174420e+04
1.512500000000000000e+04 1.511915838637174420e+04
1.517500000000000000e+04 1.516915838637174420e+04
1.522500000000000000e+04 1.521915838637174420e+04
1.527500000000000000e+04 1.526915838637174420e+04
1.532500000000000000e+04 1.531915838637174420e+04
1.537500000000000000e+04 1.536915838637174420e+04
1.542500000000000000e+04 1.541915838637174420e+04
1.547500000000000000e+04 1.546915838637174420e+04
1.552500000000000000e+04 1.551915838637174420e+04
1.557500000000000000e+04 1.556915838637174420e+04
1.562500000000000000e+04 1.561915838637174420e+04
1.567500000000000000e+04 1.566915838637174420e+04
1.572500000000000000e+04 1.571915838637174420e+04
1.577500000000000000e+04 1.576915838637174420e+04
1.582500000000000000e+04 1.581915838637174420e+04
1.587500000000000000e+04 1.586915838637174420e+04
1.592500000000000000e+04 1.591915838637174420e+04
1.597500000000000000e+04 1.596915838637174420e+04
1.602500000000000000e+04 1.601915838637174420e+04
1.607500000000000000e+04 1.606915838637174420e+04
1.612500000000000000e+04 1.611915838637174420e+04
1.617500000000000000e+04 1.616915838637174420e+04
1.622500000000000000e+04 1.621915838637174420e+04
1.627500000000000000e+04 1.626915838637174420e+04
1.632500000000000000e+04 1.631915838637174420e+04
1.637500000000000000e+04 1.636915838637174420e+04
1.642500000000000000e+04 1.641915838637174238e+04
1.647500000000000000e+04 1.646915838637174602e+04
1.652500000000000000e+04 1.651915838637174966e+04
1.657500000000000000e+04 1.656915838637174602e+04
1.662500000000000000e+04 1.661915838637175329e+04
1.667500000000000000e+04 1.666915838637175329e+04
1.672500000000000000e+04 1.671915838637175693e+04
1.677500000000000000e+04 1.676915838637176057e+04
1.682500000000000000e+04 1.681915838637176057e+04
1.687500000000000000e+04 1.686915838637176421e+04
1.692500000000000000e+04 1.691915838637175693e+04
1.697500000000000000e+04 1.696915838637175693e+04
1.702500000000000000e+04 1.701915838637175693e+04
1.707500000000000000e+04 1.706915838637177148e+04
1.712500000000000000e+04 1.711915838637176421e+04
1.717500000000000000e+04 1.716915838637177148e+04
1.722500000000000000e+04 1.721915838637177148e+04
1.727500000000000000e+04 1.726915838637177148e+04
1.732500000000000000e+04 1.731915838637177148e+04
1.737500000000000000e+04 1.736915838637177148e+04
1.742500000000000000e+04 1.741915838637177148e+04
1.747500000000000000e+04 1.746915838637177148e+04
1.752500000000000000e+04 1.751915838637177148e+04
1.757500000000000000e+04 1.756915838637177148e+04
1.762500000000000000e+04 1.761915838637177148e+04
1.767500000000000000e+04 1.766915838637177148e+04
1.772500000000000000e+04 1.771915838637177148e+04
1.777500000000000000e+04 1.776915838637177148e+04
1.782500000000000000e+04 1.781915838637177148e+04
1.787500000000000000e+04 1.786915838637177148e+04
1.792500000000000000e+04 1.791915838637177148e+04
1.797500000000000000e+04 1.796915838637177148e+04
1.802500000000000000e+04 1.801915838637177148e+04
1.807500000000000000e+04 1.806915838637177148e+04
1.812500000000000000e+04 1.811915838637177148e+04
1.817500000000000000e+04 1.816915838637177148e+04
1.822500000000000000e+04 1.821915838637177148e+04
1.827500000000000000e+04 1.826915838637177148e+04
1.832500000000000000e+04 1.831915838637177148e+04
1.837500000000000000e+04 1.836915838637177148e+04
1.842500000000000000e+04 1.841915838637177148e+04
1.847500000000000000e+04 1.846915838637177148e+04
1.852500000000000000e+04 1.851915838637177148e+04
1.857500000000000000e+04 1.856915838637177148e+04
1.862500000000000000e+04 1.861915838637177148e+04
1.867500000000000000e+04 1.866915838637177148e+04
1.872500000000000000e+04 1.871915838637177148e+04
1.877500000000000000e+04 1.876915838637177148e+04
1.882500000000000000e+04 1.881915838637177148e+04
1.887500000000000000e+04 1.886915838637177148e+04
1.892500000000000000e+04 1.891915838637177148e+04
1.897500000000000000e+04 1.896915838637177148e+04
1.902500000000000000e+04 1.901915838637177148e+04
1.907500000000000000e+04 1.906915838637177148e+04
1.912500000000000000e+04 1.911915838637177148e+04
1.917500000000000000e+04 1.916915838637177148e+04
1.922500000000000000e+04 1.921915838637177148e+04
1.927500000000000000e+04 1.926915838637177148e+04
1.932500000000000000e+04 1.931915838637177148e+04
1.937500000000000000e+04 1.936915838637177148e+04
1.942500000000000000e+04 1.941915838637177148e+04
1.947500000000000000e+04 1.946915838637177148e+04
1.952500000000000000e+04 1.951915838637177148e+04
1.957500000000000000e+04 1.956915838637177148e+04
1.962500000000000000e+04 1.961915838637177148e+04
1.967500000000000000e+04 1.966915838637177148e+04
1.972500000000000000e+04 1.971915838637177148e+04
1.977500000000000000e+04 1.976915838637177148e+04
1.982500000000000000e+04 1.981915838637177148e+04
1.987500000000000000e+04 1.986915838637177148e+04
1.992500000000000000e+04 1.991915838637177148e+04
