1.425000000000000000e+03 1.388491490125166592e+03
1.475000000000000000e+03 1.438491490125166138e+03
1.525000000000000000e+03 1.488491490125166138e+03
1.575000000000000000e+03 1.538491490125166138e+03
1.625000000000000000e+03 1.588491490125166138e+03
1.675000000000000000e+03 1.638491490125166592e+03
1.725000000000000000e+03 1.688491490125166592e+03
1.775000000000000000e+03 1.738491490125166592e+03
1.825000000000000000e+03 1.788491490125166138e+03
1.875000000000000000e+03 1.838491490125165683e+03
1.925000000000000000e+03 1.888491490125165683e+03
1.975000000000000000e+03 1.938491490125165683e+03
2.025000000000000000e+03 1.988491490125165683e+03
2.075000000000000000e+03 2.038491490125165228e+03
2.125000000000000000e+03 2.088491490125166365e+03
2.175000000000000000e+03 2.138491490125168184e+03
2.225000000000000000e+03 2.188491490125169094e+03
2.275000000000000000e+03 2.238491490125169094e+03
2.325000000000000000e+03 2.288491490125170913e+03
2.375000000000000000e+03 2.338491490125170003e+03
2.425000000000000000e+03 2.388491490125170003e+03
2.475000000000000000e+03 2.438491490125170913e+03
2.525000000000000000e+03 2.488491490125170003e+03
2.575000000000000000e+03 2.538491490125170003e+03
2.625000000000000000e+03 2.588491490125169094e+03
2.675000000000000000e+03 2.638491490125170003e+03
2.725000000000000000e+03 2.688491490125170003e+03
2.775000000000000000e+03 2.738491490125170913e+03
2.825000000000000000e+03 2.788491490125170913e+03
2.875000000000000000e+03 2.838491490125170913e+03
2.925000000000000000e+03 2.888491490125170913e+03
2.975000000000000000e+03 2.938491490125170913e+03
3.025000000000000000e+03 2.988491490125170003e+03
3.075000000000000000e+03 3.038491490125170003e+03
3.125000000000000000e+03 3.088491490125169094e+03
3.175000000000000000e+03 3.138491490125169094e+03
3.225000000000000000e+03 3.188491490125170913e+03
3.275000000000000000e+03 3.238491490125170913e+03
3.325000000000000000e+03 3.288491490125170913e+03
3.375000000000000000e+03 3.338491490125170003e+03
3.425000000000000000e+03 3.388491490125168184e+03
3.475000000000000000e+03 3.438491490125169094e+03
3.525000000000000000e+03 3.488491490125169094e+03
3.575000000000000000e+03 3.538491490125169094e+03
3.625000000000000000e+03 3.588491490125169094e+03
3.675000000000000000e+03 3.638491490125169094e+03
3.725000000000000000e+03 3.688491490125169094e+03
3.775000000000000000e+03 3.738491490125169094e+03
3.825000000000000000e+03 3.788491490125169094e+03
3.875000000000000000e+03 3.838491490125169094e+03
3.925000000000000000e+03 3.888491490125169094e+03
3.975000000000000000e+03 3.938491490125169094e+03
4.025000000000000000e+03 3.988491490125169094e+03
4.075000000000000000e+03 4.038491490125169094e+03
4.125000000000000000e+03 4.088491490125169094e+03
4.175000000000000000e+03 4.138491490125168639e+03
4.225000000000000000e+03 4.188491490125166820e+03
4.275000000000000000e+03 4.238491490125168639e+03
4.325000000000000000e+03 4.288491490125168639e+03
4.375000000000000000e+03 4.338491490125168639e+03
4.425000000000000000e+03 4.388491490125168639e+03
4.475000000000000000e+03 4.438491490125168639e+03
4.525000000000000000e+03 4.488491490125166820e+03
4.575000000000000000e+03 4.538491490125166820e+03
4.625000000000000000e+03 4.588491490125166820e+03
4.675000000000000000e+03 4.638491490125166820e+03
4.725000000000000000e+03 4.688491490125166820e+03
4.775000000000000000e+03 4.738491490125166820e+03
4.825000000000000000e+03 4.788491490125166820e+03
4.875000000000000000e+03 4.838491490125166820e+03
4.925000000000000000e+03 4.888491490125166820e+03
4.975000000000000000e+03 4.938491490125168639e+03
5.025000000000000000e+03 4.988491490125166820e+03
5.075000000000000000e+03 5.038491490125166820e+03
5.125000000000000000e+03 5.088491490125166820e+03
5.175000000000000000e+03 5.138491490125168639e+03
5.225000000000000000e+03 5.188491490125166820e+03
5.275000000000000000e+03 5.238491490125168639e+03
5.325000000000000000e+03 5.288491490125168639e+03
5.375000000000000000e+03 5.338491490125170458e+03
5.425000000000000000e+03 5.388491490125172277e+03
5.475000000000000000e+03 5.438491490125172277e+03
5.525000000000000000e+03 5.488491490125174096e+03
5.575000000000000000e+03 5.538491490125174096e+03
5.625000000000000000e+03 5.588491490125174096e+03
5.675000000000000000e+03 5.638491490125174096e+03
5.725000000000000000e+03 5.688491490125174096e+03
5.775000000000000000e+03 5.738491490125174096e+03
5.825000000000000000e+03 5.788491490125174096e+03
5.875000000000000000e+03 5.838491490125174096e+03
5.925000000000000000e+03 5.888491490125174096e+03
5.975000000000000000e+03 5.938491490125174096e+03
6.025000000000000000e+03 5.988491490125174096e+03
6.075000000000000000e+03 6.038491490125174096e+03
6.125000000000000000e+03 6.088491490125174096e+03
6.175000000000000000e+03 6.138491490125174096e+03
6.225000000000000000e+03 6.188491490125174096e+03
6.275000000000000000e+03 6.238491490125174096e+03
6.325000000000000000e+03 6.288491490125174096e+03
6.375000000000000000e+03 6.338491490125174096e+03
6.425000000000000000e+03 6.388491490125174096e+03
6.475000000000000000e+03 6.438491490125174096e+03
6.525000000000000000e+03 6.488491490125174096e+03
6.575000000000000000e+03 6.538491490125174096e+03
6.625000000000000000e+03 6.588491490125174096e+03
6.675000000000000000e+03 6.638491490125174096e+03
6.725000000000000000e+03 6.688491490125174096e+03
6.775000000000000000e+03 6.738491490125174096e+03
6.825000000000000000e+03 6.788491490125174096e+03
6.875000000000000000e+03 6.838491490125174096e+03
6.925000000000000000e+03 6.888491490125174096e+03
6.975000000000000000e+03 6.938491490125174096e+03
7.025000000000000000e+03 6.988491490125174096e+03
7.075000000000000000e+03 7.038491490125174096e+03
7.125000000000000000e+03 7.088491490125174096e+03
7.175000000000000000e+03 7.138491490125174096e+03
7.225000000000000000e+03 7.188491490125174096e+03
7.275000000000000000e+03 7.238491490125174096e+03
7.325000000000000000e+03 7.288491490125174096e+03
7.375000000000000000e+03 7.338491490125174096e+03
7.425000000000000000e+03 7.388491490125174096e+03
7.475000000000000000e+03 7.438491490125174096e+03
7.525000000000000000e+03 7.488491490125174096e+03
7.575000000000000000e+03 7.538491490125174096e+03
7.625000000000000000e+03 7.588491490125174096e+03
7.675000000000000000e+03 7.638491490125174096e+03
7.725000000000000000e+03 7.688491490125174096e+03
7.775000000000000000e+03 7.738491490125174096e+03
7.825000000000000000e+03 7.788491490125174096e+03
7.875000000000000000e+03 7.838491490125174096e+03
7.925000000000000000e+03 7.888491490125174096e+03
7.975000000000000000e+03 7.938491490125174096e+03
8.025000000000000000e+03 7.988491490125174096e+03
8.075000000000000000e+03 8.038491490125174096e+03
8.125000000000000000e+03 8.088491490125174096e+03
8.175000000000000000e+03 8.138491490125174096e+03
8.225000000000000000e+03 8.188491490125174096e+03
8.275000000000000000e+03 8.238491490125175915e+03
8.325000000000000000e+03 8.288491490125177734e+03
8.375000000000000000e+03 8.338491490125174096e+03
8.425000000000000000e+03 8.388491490125175915e+03
8.475000000000000000e+03 8.438491490125174096e+03
8.525000000000000000e+03 8.488491490125175915e+03
8.575000000000000000e+03 8.538491490125177734e+03
8.625000000000000000e+03 8.588491490125177734e+03
8.675000000000000000e+03 8.638491490125177734e+03
8.725000000000000000e+03 8.688491490125174096e+03
8.775000000000000000e+03 8.738491490125174096e+03
8.825000000000000000e+03 8.788491490125174096e+03
8.875000000000000000e+03 8.838491490125174096e+03
8.925000000000000000e+03 8.888491490125174096e+03
8.975000000000000000e+03 8.938491490125174096e+03
9.025000000000000000e+03 8.988491490125174096e+03
9.075000000000000000e+03 9.038491490125177734e+03
9.125000000000000000e+03 9.088491490125174096e+03
9.175000000000000000e+03 9.138491490125181372e+03
9.225000000000000000e+03 9.188491490125181372e+03
9.275000000000000000e+03 9.238491490125181372e+03
9.325000000000000000e+03 9.288491490125181372e+03
9.375000000000000000e+03 9.338491490125177734e+03
9.425000000000000000e+03 9.388491490125177734e+03
9.475000000000000000e+03 9.438491490125177734e+03
9.525000000000000000e+03 9.488491490125177734e+03
9.575000000000000000e+03 9.538491490125174096e+03
9.625000000000000000e+03 9.588491490125174096e+03
9.675000000000000000e+03 9.638491490125174096e+03
9.725000000000000000e+03 9.688491490125174096e+03
9.775000000000000000e+03 9.738491490125174096e+03
9.825000000000000000e+03 9.788491490125174096e+03
9.875000000000000000e+03 9.838491490125174096e+03
9.925000000000000000e+03 9.888491490125174096e+03
9.975000000000000000e+03 9.938491490125174096e+03
1.002500000000000000e+04 9.988491490125174096e+03
1.007500000000000000e+04 1.003849149012517410e+04
1.012500000000000000e+04 1.008849149012517410e+04
1.017500000000000000e+04 1.013849149012517410e+04
1.022500000000000000e+04 1.018849149012517410e+04
1.027500000000000000e+04 1.023849149012517410e+04
1.032500000000000000e+04 1.028849149012517410e+04
1.037500000000000000e+04 1.033849149012517410e+04
1.042500000000000000e+04 1.038849149012517410e+04
1.047500000000000000e+04 1.043849149012517410e+04
1.052500000000000000e+04 1.048849149012517410e+04
1.057500000000000000e+04 1.053849149012517410e+04
1.062500000000000000e+04 1.058849149012517410e+04
1.067500000000000000e+04 1.063849149012517410e+04
1.072500000000000000e+04 1.068849149012517410e+04
1.077500000000000000e+04 1.073849149012517410e+04
1.082500000000000000e+04 1.078849149012517410e+04
1.087500000000000000e+04 1.083849149012517410e+04
1.092500000000000000e+04 1.088849149012517410e+04
1.097500000000000000e+04 1.093849149012517410e+04
1.102500000000000000e+04 1.098849149012517410e+04
1.107500000000000000e+04 1.103849149012517410e+04
1.112500000000000000e+04 1.108849149012517410e+04
1.117500000000000000e+04 1.113849149012517410e+04
1.122500000000000000e+04 1.118849149012517410e+04
1.127500000000000000e+04 1.123849149012517410e+04
1.132500000000000000e+04 1.128849149012517410e+04
1.137500000000000000e+04 1.133849149012517410e+04
1.142500000000000000e+04 1.138849149012517410e+04
1.147500000000000000e+04 1.143849149012517410e+04
1.152500000000000000e+04 1.148849149012517410e+04
1.157500000000000000e+04 1.153849149012517410e+04
1.162500000000000000e+04 1.158849149012517410e+04
1.167500000000000000e+04 1.163849149012517410e+04
1.172500000000000000e+04 1.168849149012517410e+04
1.177500000000000000e+04 1.173849149012517410e+04
1.182500000000000000e+04 1.178849149012517410e+04
1.187500000000000000e+04 1.183849149012517410e+04
1.192500000000000000e+04 1.188849149012517410e+04
1.197500000000000000e+04 1.193849149012517410e+04
1.202500000000000000e+04 1.198849149012517410e+04
1.207500000000000000e+04 1.203849149012517410e+04
1.212500000000000000e+04 1.208849149012517410e+04
1.217500000000000000e+04 1.213849149012517410e+04
1.222500000000000000e+04 1.218849149012517410e+04
1.227500000000000000e+04 1.223849149012517410e+04
1.232500000000000000e+04 1.228849149012517410e+04
1.237500000000000000e+04 1.233849149012517410e+04
1.242500000000000000e+04 1.238849149012517410e+04
1.247500000000000000e+04 1.243849149012517410e+04
1.252500000000000000e+04 1.248849149012517410e+04
1.257500000000000000e+04 1.253849149012517410e+04
1.262500000000000000e+04 1.258849149012517410e+04
1.267500000000000000e+04 1.263849149012517410e+04
1.272500000000000000e+04 1.268849149012517410e+04
1.277500000000000000e+04 1.273849149012517410e+04
1.282500000000000000e+04 1.278849149012517410e+04
1.287500000000000000e+04 1.283849149012517410e+04
1.292500000000000000e+04 1.288849149012517410e+04
1.297500000000000000e+04 1.293849149012517410e+04
1.302500000000000000e+04 1.298849149012517410e+04
1.307500000000000000e+04 1.303849149012517410e+04
1.312500000000000000e+04 1.308849149012517410e+04
1.317500000000000000e+04 1.313849149012517410e+04
1.322500000000000000e+04 1.318849149012517410e+04
1.327500000000000000e+04 1.323849149012517410e+04
1.332500000000000000e+04 1.328849149012517410e+04
1.337500000000000000e+04 1.333849149012517410e+04
1.342500000000000000e+04 1.338849149012517410e+04
1.347500000000000000e+04 1.343849149012517410e+04
1.352500000000000000e+04 1.348849149012517410e+04
1.357500000000000000e+04 1.353849149012517410e+04
1.362500000000000000e+04 1.358849149012517410e+04
1.367500000000000000e+04 1.363849149012517410e+04
1.372500000000000000e+04 1.368849149012517410e+04
1.377500000000000000e+04 1.373849149012517410e+04
1.382500000000000000e+04 1.378849149012517410e+04
1.387500000000000000e+04 1.383849149012517410e+04
1.392500000000000000e+04 1.388849149012517410e+04
1.397500000000000000e+04 1.393849149012517410e+04
1.402500000000000000e+04 1.398849149012517410e+04
1.407500000000000000e+04 1.403849149012517410e+04
1.412500000000000000e+04 1.408849149012517410e+04
1.417500000000000000e+04 1.413849149012517410e+04
1.422500000000000000e+04 1.418849149012517410e+04
1.427500000000000000e+04 1.423849149012517410e+04
1.432500000000000000e+04 1.428849149012517410e+04
1.437500000000000000e+04 1.433849149012517410e+04
1.442500000000000000e+04 1.438849149012517410e+04
1.447500000000000000e+04 1.443849149012517410e+04
1.452500000000000000e+04 1.448849149012517410e+04
1.457500000000000000e+04 1.453849149012517410e+04
1.462500000000000000e+04 1.458849149012517410e+04
1.467500000000000000e+04 1.463849149012517410e+04
1.472500000000000000e+04 1.468849149012517410e+04
1.477500000000000000e+04 1.473849149012517410e+04
1.482500000000000000e+04 1.478849149012517410e+04
1.487500000000000000e+04 1.483849149012517410e+04
1.492500000000000000e+04 1.488849149012517410e+04
1.497500000000000000e+04 1.493849149012517410e+04
1.502500000000000000e+04 1.498849149012517410e+04
1.507500000000000000e+04 1.503849149012517410e+04
1.512500000000000000e+04 1.508849149012517410e+04
1.517500000000000000e+04 1.513849149012517410e+04
1.522500000000000000e+04 1.518849149012517410e+04
1.527500000000000000e+04 1.523849149012517410e+04
1.532500000000000000e+04 1.528849149012517410e+04
1.537500000000000000e+04 1.533849149012517410e+04
1.542500000000000000e+04 1.538849149012517410e+04
1.547500000000000000e+04 1.543849149012517410e+04
1.552500000000000000e+04 1.548849149012517410e+04
1.557500000000000000e+04 1.553849149012517410e+04
1.562500000000000000e+04 1.558849149012517410e+04
1.567500000000000000e+04 1.563849149012517410e+04
1.572500000000000000e+04 1.568849149012517410e+04
1.577500000000000000e+04 1.573849149012517410e+04
1.582500000000000000e+04 1.578849149012517410e+04
1.587500000000000000e+04 1.583849149012517410e+04
1.592500000000000000e+04 1.588849149012517410e+04
1.597500000000000000e+04 1.593849149012517410e+04
1.602500000000000000e+04 1.598849149012517410e+04
1.607500000000000000e+04 1.603849149012517410e+04
1.612500000000000000e+04 1.608849149012517410e+04
1.617500000000000000e+04 1.613849149012517410e+04
1.622500000000000000e+04 1.618849149012517410e+04
1.627500000000000000e+04 1.623849149012517410e+04
1.632500000000000000e+04 1.628849149012517410e+04
1.637500000000000000e+04 1.633849149012517410e+04
1.642500000000000000e+04 1.638849149012517228e+04
1.647500000000000000e+04 1.643849149012517228e+04
1.652500000000000000e+04 1.648849149012517228e+04
1.657500000000000000e+04 1.653849149012517591e+04
1.662500000000000000e+04 1.658849149012517955e+04
1.667500000000000000e+04 1.663849149012517591e+04
1.672500000000000000e+04 1.668849149012518319e+04
1.677500000000000000e+04 1.673849149012517591e+04
1.682500000000000000e+04 1.678849149012516864e+04
1.687500000000000000e+04 1.683849149012517591e+04
1.692500000000000000e+04 1.688849149012518319e+04
1.697500000000000000e+04 1.693849149012518319e+04
1.702500000000000000e+04 1.698849149012518319e+04
1.707500000000000000e+04 1.703849149012518319e+04
1.712500000000000000e+04 1.708849149012518319e+04
1.717500000000000000e+04 1.713849149012518319e+04
1.722500000000000000e+04 1.718849149012517591e+04
1.727500000000000000e+04 1.723849149012517591e+04
1.732500000000000000e+04 1.728849149012517591e+04
1.737500000000000000e+04 1.733849149012517591e+04
1.742500000000000000e+04 1.738849149012516864e+04
1.747500000000000000e+04 1.743849149012516864e+04
1.752500000000000000e+04 1.748849149012516136e+04
1.757500000000000000e+04 1.753849149012516136e+04
1.762500000000000000e+04 1.758849149012516136e+04
1.767500000000000000e+04 1.763849149012516864e+04
1.772500000000000000e+04 1.768849149012516136e+04
1.777500000000000000e+04 1.773849149012516136e+04
1.782500000000000000e+04 1.778849149012516136e+04
1.787500000000000000e+04 1.783849149012516136e+04
1.792500000000000000e+04 1.788849149012516136e+04
1.797500000000000000e+04 1.793849149012516136e+04
1.802500000000000000e+04 1.798849149012516136e+04
1.807500000000000000e+04 1.803849149012516136e+04
1.812500000000000000e+04 1.808849149012516136e+04
1.817500000000000000e+04 1.813849149012516136e+04
1.822500000000000000e+04 1.818849149012516136e+04
1.827500000000000000e+04 1.823849149012516136e+04
1.832500000000000000e+04 1.828849149012516136e+04
1.837500000000000000e+04 1.833849149012516136e+04
1.842500000000000000e+04 1.838849149012516136e+04
1.847500000000000000e+04 1.843849149012516136e+04
1.852500000000000000e+04 1.848849149012516136e+04
1.857500000000000000e+04 1.853849149012516136e+04
1.862500000000000000e+04 1.858849149012516136e+04
1.867500000000000000e+04 1.863849149012516136e+04
1.872500000000000000e+04 1.868849149012516136e+04
1.877500000000000000e+04 1.873849149012516136e+04
1.882500000000000000e+04 1.878849149012516136e+04
1.887500000000000000e+04 1.883849149012516136e+04
1.892500000000000000e+04 1.888849149012516136e+04
1.897500000000000000e+04 1.893849149012516136e+04
1.902500000000000000e+04 1.898849149012516136e+04
1.907500000000000000e+04 1.903849149012516136e+04
1.912500000000000000e+04 1.908849149012516136e+04
1.917500000000000000e+04 1.913849149012516136e+04
1.922500000000000000e+04 1.918849149012516136e+04
1.927500000000000000e+04 1.923849149012516136e+04
1.932500000000000000e+04 1.928849149012516136e+04
1.937500000000000000e+04 1.933849149012516136e+04
1.942500000000000000e+04 1.938849149012516136e+04
1.947500000000000000e+04 1.943849149012516136e+04
1.952500000000000000e+04 1.948849149012516136e+04
1.957500000000000000e+04 1.953849149012516136e+04
1.962500000000000000e+04 1.958849149012516136e+04
1.967500000000000000e+04 1.963849149012516136e+04
1.972500000000000000e+04 1.968849149012516136e+04
1.977500000000000000e+04 1.973849149012516136e+04
1.982500000000000000e+04 1.978849149012516136e+04
1.987500000000000000e+04 1.983849149012516136e+04
1.992500000000000000e+04 1.988849149012516136e+04
